# Percentage of CO Contained in Each Group
1.5885527649e-166
4.8179292838e-168
6.5213607692e-162
4.0582560837e-171
2.0862409893e-166
1.0509539508e-198
5.3785369394e-58
6.7388333059e-135
5.9437229902e-170
7.5400913694e-169
3.1808634849e-116
3.2168954997e-193
2.5445152635e-180
1.3197787763e-74
1.5608249029e-209
7.9371248372e-28
4.1793324140e-177
2.0218755246e-153
2.1069440459e-162
1.3944780766e-182
2.0678675847e-110
5.5683272175e-176
2.0470194926e-42
6.6932043394e-95
2.7989089177e-108
1.8273532414e-135
2.8457295665e-102
1.2104317502e-79
2.6631951775e-105
4.2218094421e-125
2.2942940623e-86
2.1397726413e-136
4.9646717600e-83
3.4162357919e-99
1.0807733121e-119
5.5531864838e-147
3.3266349118e-76
6.4905703018e-117
1.1940025683e-89
1.0310777791e-72
9.4594145992e-145
3.3019481603e-111
1.3455695581e-09
2.0175962356e-122
3.6646479744e-149
4.6096124872e-96
3.8869773992e-140
6.3453317429e-62
2.7584376947e-159
2.5303899144e-135
1.8192190053e-54
1.8098811871e-142
8.5257859557e-47
2.7211152815e-151
1.1709644817e-50
7.0247456196e-43
7.6645830766e-133
2.1471190289e-155
1.1240586532e-26
1.4233840342e-65
4.3710422772e-114
6.9943445659e-93
9.9008541111e-128
1.6450095729e-09
5.8525700624e-163
1.7293615342e-22
6.9220886835e-35
3.6057696137e-69
6.5524902484e-39
9.3652110469e-138
3.1958112489e-58
3.0185235655e-18
3.7698446275e-161
5.9803470306e-14
2.0468551589e-72
2.2879334655e-157
2.2759694123e-153
2.6021525172e-130
2.0044412771e-227
1.0345248923e-164
8.2852130587e-31
3.4401274498e-05
9.9996559573e-01
