# Percentage of N2 Contained in Each Group
9.9998570608e-01
1.4293685662e-05
2.3353087882e-10
4.3637282969e-15
9.3310950667e-20
2.2845510179e-24
6.4074209116e-29
2.0596454192e-33
7.5916888721e-38
3.2102004562e-42
1.5580876886e-46
8.6845445888e-51
5.5621336652e-55
4.0961970407e-59
3.3855920985e-67
4.1760530128e-15
8.0383145789e-20
1.7699308930e-24
4.4608577056e-29
1.2876824467e-33
4.2596648964e-38
1.6156989142e-42
2.6963750822e-46
1.3295140204e-50
7.5285693419e-55
4.8992001802e-59
3.1556259697e-67
2.0265629338e-55
9.3084761615e-60
6.1931128737e-63
2.4947901883e-71
2.3361372357e-82
2.7414534198e-97
1.6157702864e-103
2.5987083849e-108
1.9926637215e-112
6.2555901009e-116
5.2439216077e-119
6.0472636294e-122
9.5967611852e-125
2.8538269787e-127
1.0721459964e-129
6.1395718786e-132
4.0482494683e-134
3.4322344180e-136
3.4238343411e-138
3.4796607138e-140
3.6377794280e-142
6.5662624050e-144
1.1873132769e-145
2.6077935617e-147
5.0947010074e-149
1.1020789839e-150
2.7556571604e-152
7.7555736530e-154
2.4949903893e-155
8.6257158674e-157
3.4045398421e-158
1.1727724180e-159
6.3510819332e-161
4.1362351071e-162
