# Percentage of N2 Contained in Each Group
8.0424942002e-01
1.5200043289e-01
2.9311492955e-02
5.7678041326e-03
1.1582452041e-03
2.3737973078e-04
4.9656250668e-05
1.0579189769e-05
2.3057962043e-06
5.1306692186e-07
1.1655904858e-07
2.7037884164e-08
6.4046144736e-09
1.9321634700e-09
1.2897944805e-10
5.7788090155e-03
1.1424933065e-03
2.3049957060e-04
4.7460399322e-05
9.9741809644e-06
2.1396683443e-06
4.6857185399e-07
1.2846469878e-07
2.9265812850e-08
6.8078019943e-09
2.0094630940e-09
1.2962825434e-10
5.5083170005e-09
1.2413780784e-09
5.2584047782e-10
3.1933270043e-11
2.6445356815e-12
1.4682385780e-14
1.6482155758e-15
2.9903997309e-16
6.9891645539e-17
2.0271771811e-17
6.7899841323e-18
2.3919182917e-18
9.1587658520e-19
3.7646023928e-19
1.5371709623e-19
7.3306470561e-20
3.3468556411e-20
1.5941224313e-20
8.0727763823e-21
4.1927610860e-21
2.0985408421e-21
1.1265824513e-21
6.1414055469e-22
3.7142783084e-22
2.0007957139e-22
1.1774085602e-22
7.2666060428e-23
4.1237935719e-23
2.6642195347e-23
1.7059324228e-23
1.1589819044e-23
7.5717717505e-24
5.8639583158e-24
6.6593894032e-24
