# Percentage of N2 Contained in Each Group
9.9998727745e-01
1.2722360554e-05
1.8559952273e-10
3.1086071575e-15
5.9840533188e-20
1.3250919869e-24
3.3777015516e-29
9.9164201626e-34
3.3544058172e-38
1.3077427614e-42
5.8769154443e-47
3.0448698812e-51
1.2524669334e-59
1.9882676114e-15
7.4007561225e-20
1.4598935807e-24
3.3076437592e-29
8.6173806820e-34
2.5840085590e-38
8.9246217035e-43
3.5522882803e-47
1.6304111228e-51
1.9386804772e-59
2.0963642709e-55
8.6919375645e-60
4.1493273580e-64
1.7463962688e-71
1.3764366147e-81
1.5830621148e-97
3.5076757020e-104
4.6746807601e-109
1.4865649396e-113
2.8745868960e-117
1.5989747980e-120
1.6100439389e-123
1.9237712719e-126
2.7671921320e-129
6.4886540268e-132
1.6834354019e-134
8.2458244409e-137
4.2580693227e-139
3.0785490897e-141
2.8957447719e-143
3.1576541246e-145
4.0195206815e-147
5.4515805397e-149
6.8636442259e-151
1.0607732206e-152
1.6854597860e-154
3.7512519081e-156
9.4731855519e-158
2.3435388358e-159
5.4990790432e-161
2.3137648809e-162
