# Percentage of NO Contained in Each Group
9.9987010339e-01
1.2987710370e-04
1.9500738817e-08
3.3644456797e-12
6.6374602706e-16
1.4915005546e-19
3.8060240811e-23
1.1005053721e-26
3.6003223337e-30
1.3321053601e-33
2.6314388485e-40
4.6568654611e-12
8.3601270590e-16
1.7194730583e-19
4.0314310164e-23
1.0732694308e-26
3.2350744608e-30
1.1018049640e-33
4.2366611495e-37
2.0098993902e-43
7.5356763516e-44
3.4174761406e-47
4.8646826742e-53
3.0533995221e-54
8.4516721643e-66
1.8261150443e-70
2.5952759244e-74
1.6583913443e-77
3.7034115015e-80
1.1047084444e-82
6.2841008731e-85
5.0800754491e-87
6.2838129462e-89
8.9215164775e-91
1.5975755664e-92
3.8808649279e-94
8.3980109855e-96
1.8996536550e-97
5.8298701325e-99
2.0114717184e-100
7.8878309479e-102
3.5447823876e-103
1.7525922496e-104
1.0298056209e-105
7.4346258000e-107
6.0986468162e-108
