# Te [K]  Q(l,s) = PI*sigma^2*Omega*(l,s) [A^2]
# (1,1)  (1,2)  (1,3)  (1,4)  (1,5)
1.00000000e+02 1.10069651e+01 9.34107809e+00 7.92383284e+00 6.69607796e+00 5.63819795e+00 
2.00000000e+02 7.17060108e+00 5.24054092e+00 3.82304577e+00 2.79978064e+00 2.07154760e+00 
3.00000000e+02 4.91378690e+00 3.18132639e+00 2.08809284e+00 1.40825990e+00 9.87482437e-01 
4.00000000e+02 3.53568183e+00 2.08896347e+00 1.28498158e+00 8.42419828e-01 5.99774661e-01 
5.00000000e+02 2.65386877e+00 1.46885649e+00 8.79990815e-01 5.91588393e-01 4.55164194e-01 
6.00000000e+02 2.06538824e+00 1.09783872e+00 6.65942983e-01 4.81618188e-01 4.14843452e-01 
7.00000000e+02 1.65917342e+00 8.68325788e-01 5.53354888e-01 4.43747684e-01 4.27697972e-01 
8.00000000e+02 1.37150912e+00 7.24570246e-01 4.99618131e-01 4.47314144e-01 4.71983572e-01 
9.00000000e+02 1.16410564e+00 6.35773992e-01 4.82725924e-01 4.77239869e-01 5.37337219e-01 
1.00000000e+03 1.01297268e+00 5.83966201e-01 4.90520119e-01 5.25494442e-01 6.18339610e-01 
1.10000000e+03 9.02520222e-01 5.58161504e-01 5.15893137e-01 5.87504149e-01 7.11922691e-01 
1.20000000e+03 8.22289581e-01 5.51371446e-01 5.54484215e-01 6.60507917e-01 8.16221441e-01 
1.30000000e+03 7.65066529e-01 5.58993823e-01 6.03502482e-01 7.42749433e-01 9.30024059e-01 
1.40000000e+03 7.25751528e-01 5.77904396e-01 6.61093054e-01 8.33055806e-01 1.05249096e+00 
1.50000000e+03 7.00660820e-01 6.05924069e-01 7.25979707e-01 9.30606394e-01 1.18300302e+00 
1.60000000e+03 6.87081320e-01 6.41495315e-01 7.97255341e-01 1.03480028e+00 1.32107556e+00 
1.70000000e+03 6.82979678e-01 6.83479587e-01 8.74254785e-01 1.14517737e+00 1.46630769e+00 
1.80000000e+03 6.86807651e-01 7.31026985e-01 9.56475178e-01 1.26136973e+00 1.61835126e+00 
1.90000000e+03 6.97369144e-01 7.83490359e-01 1.04352477e+00 1.38307084e+00 1.77689138e+00 
2.00000000e+03 7.13727657e-01 8.40367443e-01 1.13508919e+00 1.51001547e+00 1.94163380e+00 
2.10000000e+03 7.35140730e-01 9.01261113e-01 1.23090871e+00 1.64196640e+00 2.11229664e+00 
2.20000000e+03 7.61012800e-01 9.65851590e-01 1.33076269e+00 1.77870530e+00 2.28860494e+00 
2.30000000e+03 7.90860790e-01 1.03387669e+00 1.43445867e+00 1.92002658e+00 2.47028702e+00 
2.40000000e+03 8.24288676e-01 1.10511759e+00 1.54182464e+00 2.06573303e+00 2.65707205e+00 
2.50000000e+03 8.60968454e-01 1.17938839e+00 1.65270352e+00 2.21563280e+00 2.84868860e+00 
2.60000000e+03 9.00625743e-01 1.25652846e+00 1.76694912e+00 2.36953733e+00 3.04486374e+00 
2.70000000e+03 9.43028777e-01 1.33639662e+00 1.88442323e+00 2.52725985e+00 3.24532263e+00 
2.80000000e+03 9.87979911e-01 1.41886686e+00 2.00499340e+00 2.68861443e+00 3.44978839e+00 
2.90000000e+03 1.03530901e+00 1.50382498e+00 2.12853142e+00 2.85341534e+00 3.65798231e+00 
3.00000000e+03 1.08486826e+00 1.59116603e+00 2.25491205e+00 3.02147668e+00 3.86962420e+00 
3.10000000e+03 1.13652805e+00 1.68079243e+00 2.38401223e+00 3.19261220e+00 4.08443280e+00 
3.20000000e+03 1.19017374e+00 1.77261234e+00 2.51571044e+00 3.36663529e+00 4.30212644e+00 
3.30000000e+03 1.24570301e+00 1.86653855e+00 2.64988625e+00 3.54335905e+00 4.52242362e+00 
3.40000000e+03 1.30302375e+00 1.96248750e+00 2.78642000e+00 3.72259643e+00 4.74504374e+00 
3.50000000e+03 1.36205237e+00 2.06037858e+00 2.92519266e+00 3.90416054e+00 4.96970778e+00 
3.60000000e+03 1.42271239e+00 2.16013356e+00 3.06608567e+00 4.08786483e+00 5.19613900e+00 
3.70000000e+03 1.48493329e+00 2.26167612e+00 3.20898091e+00 4.27352346e+00 5.42406371e+00 
3.80000000e+03 1.54864962e+00 2.36493154e+00 3.35376073e+00 4.46095161e+00 5.65321187e+00 
3.90000000e+03 1.61380015e+00 2.46982641e+00 3.50030797e+00 4.64996581e+00 5.88331781e+00 
4.00000000e+03 1.68032732e+00 2.57628844e+00 3.64850603e+00 4.84038426e+00 6.11412082e+00 
4.10000000e+03 1.74817663e+00 2.68424630e+00 3.79823901e+00 5.03202723e+00 6.34536576e+00 
4.20000000e+03 1.81729625e+00 2.79362952e+00 3.94939175e+00 5.22471732e+00 6.57680358e+00 
4.30000000e+03 1.88763664e+00 2.90436838e+00 4.10185004e+00 5.41827983e+00 6.80819179e+00 
4.40000000e+03 1.95915025e+00 3.01639393e+00 4.25550067e+00 5.61254301e+00 7.03929495e+00 
4.50000000e+03 2.03179122e+00 3.12963787e+00 4.41023162e+00 5.80733841e+00 7.26988503e+00 
4.60000000e+03 2.10551526e+00 3.24403262e+00 4.56593217e+00 6.00250108e+00 7.49974174e+00 
4.70000000e+03 2.18027937e+00 3.35951126e+00 4.72249303e+00 6.19786986e+00 7.72865287e+00 
4.80000000e+03 2.25604175e+00 3.47600756e+00 4.87980650e+00 6.39328759e+00 7.95641445e+00 
4.90000000e+03 2.33276168e+00 3.59345603e+00 5.03776655e+00 6.58860130e+00 8.18283101e+00 
5.00000000e+03 2.41039938e+00 3.71179190e+00 5.19626897e+00 6.78366241e+00 8.40771572e+00 
5.10000000e+03 2.48891596e+00 3.83095116e+00 5.35521147e+00 6.97832685e+00 8.63089046e+00 
5.20000000e+03 2.56827331e+00 3.95087063e+00 5.51449382e+00 7.17245523e+00 8.85218590e+00 
5.30000000e+03 2.64843408e+00 4.07148793e+00 5.67401786e+00 7.36591294e+00 9.07144154e+00 
5.40000000e+03 2.72936164e+00 4.19274159e+00 5.83368771e+00 7.55857022e+00 9.28850569e+00 
5.50000000e+03 2.81101996e+00 4.31457102e+00 5.99340974e+00 7.75030227e+00 9.50323539e+00 
5.60000000e+03 2.89337370e+00 4.43691659e+00 6.15309270e+00 7.94098925e+00 9.71549641e+00 
5.70000000e+03 2.97638807e+00 4.55971965e+00 6.31264778e+00 8.13051637e+00 9.92516306e+00 
5.80000000e+03 3.06002888e+00 4.68292255e+00 6.47198866e+00 8.31877386e+00 1.01321181e+01 
5.90000000e+03 3.14426250e+00 4.80646870e+00 6.63103152e+00 8.50565698e+00 1.03362527e+01 
6.00000000e+03 3.22905586e+00 4.93030258e+00 6.78969514e+00 8.69106601e+00 1.05374661e+01 
6.10000000e+03 3.31437642e+00 5.05436976e+00 6.94790089e+00 8.87490624e+00 1.07356653e+01 
6.20000000e+03 3.40019217e+00 5.17861695e+00 7.10557276e+00 9.05708787e+00 1.09307654e+01 
6.30000000e+03 3.48647164e+00 5.30299203e+00 7.26263737e+00 9.23752601e+00 1.11226888e+01 
6.40000000e+03 3.57318388e+00 5.42744402e+00 7.41902401e+00 9.41614060e+00 1.13113653e+01 
6.50000000e+03 3.66029847e+00 5.55192314e+00 7.57466459e+00 9.59285631e+00 1.14967316e+01 
6.60000000e+03 3.74778551e+00 5.67638082e+00 7.72949367e+00 9.76760249e+00 1.16787316e+01 
6.70000000e+03 3.83561561e+00 5.80076972e+00 7.88344846e+00 9.94031305e+00 1.18573153e+01 
6.80000000e+03 3.92375993e+00 5.92504371e+00 8.03646876e+00 1.01109264e+01 1.20324395e+01 
6.90000000e+03 4.01219012e+00 6.04915791e+00 8.18849699e+00 1.02793852e+01 1.22040669e+01 
7.00000000e+03 4.10087838e+00 6.17306869e+00 8.33947813e+00 1.04456367e+01 1.23721658e+01 
7.10000000e+03 4.18979742e+00 6.29673364e+00 8.48935971e+00 1.06096318e+01 1.25367105e+01 
7.20000000e+03 4.27892050e+00 6.42011164e+00 8.63809176e+00 1.07713258e+01 1.26976803e+01 
7.30000000e+03 4.36822136e+00 6.54316279e+00 8.78562679e+00 1.09306779e+01 1.28550597e+01 
7.40000000e+03 4.45767433e+00 6.66584845e+00 8.93191975e+00 1.10876508e+01 1.30088381e+01 
7.50000000e+03 4.54725421e+00 6.78813121e+00 9.07692797e+00 1.12422112e+01 1.31590093e+01 
7.60000000e+03 4.63693636e+00 6.90997492e+00 9.22061113e+00 1.13943291e+01 1.33055717e+01 
7.70000000e+03 4.72669667e+00 7.03134463e+00 9.36293120e+00 1.15439781e+01 1.34485275e+01 
7.80000000e+03 4.81651154e+00 7.15220664e+00 9.50385242e+00 1.16911348e+01 1.35878831e+01 
7.90000000e+03 4.90635792e+00 7.27252844e+00 9.64334119e+00 1.18357793e+01 1.37236483e+01 
8.00000000e+03 4.99621327e+00 7.39227871e+00 9.78136610e+00 1.19778946e+01 1.38558365e+01 
8.10000000e+03 5.08605558e+00 7.51142733e+00 9.91789781e+00 1.21174664e+01 1.39844643e+01 
8.20000000e+03 5.17586336e+00 7.62994535e+00 1.00529090e+01 1.22544835e+01 1.41095512e+01 
8.30000000e+03 5.26561565e+00 7.74780495e+00 1.01863744e+01 1.23889373e+01 1.42311197e+01 
8.40000000e+03 5.35529200e+00 7.86497948e+00 1.03182706e+01 1.25208215e+01 1.43491949e+01 
8.50000000e+03 5.44487249e+00 7.98144339e+00 1.04485760e+01 1.26501326e+01 1.44638043e+01 
8.60000000e+03 5.53433768e+00 8.09717223e+00 1.05772709e+01 1.27768692e+01 1.45749777e+01 
8.70000000e+03 5.62366868e+00 8.21214264e+00 1.07043375e+01 1.29010321e+01 1.46827470e+01 
8.80000000e+03 5.71284708e+00 8.32633232e+00 1.08297594e+01 1.30226243e+01 1.47871460e+01 
8.90000000e+03 5.80185497e+00 8.43972001e+00 1.09535221e+01 1.31416507e+01 1.48882104e+01 
9.00000000e+03 5.89067495e+00 8.55228548e+00 1.10756125e+01 1.32581181e+01 1.49859774e+01 
9.10000000e+03 5.97929011e+00 8.66400950e+00 1.11960191e+01 1.33720351e+01 1.50804857e+01 
9.20000000e+03 6.06768402e+00 8.77487381e+00 1.13147320e+01 1.34834120e+01 1.51717756e+01 
9.30000000e+03 6.15584073e+00 8.88486113e+00 1.14317426e+01 1.35922606e+01 1.52598882e+01 
9.40000000e+03 6.24374478e+00 8.99395509e+00 1.15470436e+01 1.36985944e+01 1.53448661e+01 
9.50000000e+03 6.33138115e+00 9.10214026e+00 1.16606292e+01 1.38024281e+01 1.54267525e+01 
9.60000000e+03 6.41873532e+00 9.20940209e+00 1.17724948e+01 1.39037778e+01 1.55055919e+01 
9.70000000e+03 6.50579321e+00 9.31572691e+00 1.18826369e+01 1.40026608e+01 1.55814292e+01 
9.80000000e+03 6.59254119e+00 9.42110188e+00 1.19910534e+01 1.40990957e+01 1.56543101e+01 
9.90000000e+03 6.67896607e+00 9.52551501e+00 1.20977431e+01 1.41931020e+01 1.57242809e+01 
1.00000000e+04 6.76505513e+00 9.62895509e+00 1.22027060e+01 1.42847002e+01 1.57913883e+01 
1.01000000e+04 6.85079604e+00 9.73141173e+00 1.23059430e+01 1.43739118e+01 1.58556794e+01 
1.02000000e+04 6.93617692e+00 9.83287527e+00 1.24074562e+01 1.44607594e+01 1.59172017e+01 
1.03000000e+04 7.02118631e+00 9.93333680e+00 1.25072484e+01 1.45452659e+01 1.59760029e+01 
1.04000000e+04 7.10581314e+00 1.00327881e+01 1.26053234e+01 1.46274552e+01 1.60321308e+01 
1.05000000e+04 7.19004676e+00 1.01312217e+01 1.27016858e+01 1.47073521e+01 1.60856333e+01 
1.06000000e+04 7.27387693e+00 1.02286308e+01 1.27963412e+01 1.47849816e+01 1.61365584e+01 
1.07000000e+04 7.35729377e+00 1.03250093e+01 1.28892956e+01 1.48603695e+01 1.61849540e+01 
1.08000000e+04 7.44028778e+00 1.04203514e+01 1.29805561e+01 1.49335420e+01 1.62308680e+01 
1.09000000e+04 7.52284988e+00 1.05146525e+01 1.30701303e+01 1.50045258e+01 1.62743481e+01 
1.10000000e+04 7.60497131e+00 1.06079081e+01 1.31580264e+01 1.50733480e+01 1.63154420e+01 
1.11000000e+04 7.68664370e+00 1.07001145e+01 1.32442535e+01 1.51400361e+01 1.63541969e+01 
1.12000000e+04 7.76785901e+00 1.07912685e+01 1.33288209e+01 1.52046179e+01 1.63906600e+01 
1.13000000e+04 7.84860956e+00 1.08813674e+01 1.34117388e+01 1.52671215e+01 1.64248779e+01 
1.14000000e+04 7.92888801e+00 1.09704092e+01 1.34930177e+01 1.53275750e+01 1.64568973e+01 
1.15000000e+04 8.00868734e+00 1.10583921e+01 1.35726687e+01 1.53860070e+01 1.64867641e+01 
1.16000000e+04 8.08800086e+00 1.11453151e+01 1.36507032e+01 1.54424462e+01 1.65145241e+01 
1.17000000e+04 8.16682221e+00 1.12311774e+01 1.37271333e+01 1.54969212e+01 1.65402224e+01 
1.18000000e+04 8.24514531e+00 1.13159787e+01 1.38019713e+01 1.55494611e+01 1.65639040e+01 
1.19000000e+04 8.32296441e+00 1.13997194e+01 1.38752300e+01 1.56000946e+01 1.65856132e+01 
1.20000000e+04 8.40027404e+00 1.14823999e+01 1.39469223e+01 1.56488507e+01 1.66053939e+01 
1.21000000e+04 8.47706902e+00 1.15640213e+01 1.40170619e+01 1.56957585e+01 1.66232893e+01 
1.22000000e+04 8.55334447e+00 1.16445849e+01 1.40856622e+01 1.57408469e+01 1.66393424e+01 
1.23000000e+04 8.62909575e+00 1.17240926e+01 1.41527374e+01 1.57841448e+01 1.66535954e+01 
1.24000000e+04 8.70431851e+00 1.18025463e+01 1.42183018e+01 1.58256810e+01 1.66660901e+01 
1.25000000e+04 8.77900867e+00 1.18799486e+01 1.42823697e+01 1.58654843e+01 1.66768676e+01 
1.26000000e+04 8.85316239e+00 1.19563022e+01 1.43449559e+01 1.59035833e+01 1.66859685e+01 
1.27000000e+04 8.92677608e+00 1.20316102e+01 1.44060753e+01 1.59400066e+01 1.66934328e+01 
1.28000000e+04 8.99984640e+00 1.21058760e+01 1.44657429e+01 1.59747826e+01 1.66992999e+01 
1.29000000e+04 9.07237022e+00 1.21791032e+01 1.45239741e+01 1.60079395e+01 1.67036087e+01 
1.30000000e+04 9.14434468e+00 1.22512957e+01 1.45807841e+01 1.60395054e+01 1.67063974e+01 
1.31000000e+04 9.21576711e+00 1.23224578e+01 1.46361886e+01 1.60695080e+01 1.67077036e+01 
1.32000000e+04 9.28663508e+00 1.23925938e+01 1.46902031e+01 1.60979752e+01 1.67075643e+01 
1.33000000e+04 9.35694634e+00 1.24617084e+01 1.47428433e+01 1.61249343e+01 1.67060159e+01 
1.34000000e+04 9.42669889e+00 1.25298065e+01 1.47941250e+01 1.61504127e+01 1.67030941e+01 
1.35000000e+04 9.49589089e+00 1.25968933e+01 1.48440640e+01 1.61744372e+01 1.66988341e+01 
1.36000000e+04 9.56452071e+00 1.26629740e+01 1.48926764e+01 1.61970346e+01 1.66932705e+01 
1.37000000e+04 9.63258691e+00 1.27280542e+01 1.49399781e+01 1.62182315e+01 1.66864372e+01 
1.38000000e+04 9.70008823e+00 1.27921394e+01 1.49859849e+01 1.62380540e+01 1.66783676e+01 
1.39000000e+04 9.76702358e+00 1.28552356e+01 1.50307130e+01 1.62565282e+01 1.66690943e+01 
1.40000000e+04 9.83339207e+00 1.29173488e+01 1.50741784e+01 1.62736798e+01 1.66586495e+01 
1.41000000e+04 9.89919293e+00 1.29784851e+01 1.51163970e+01 1.62895340e+01 1.66470647e+01 
1.42000000e+04 9.96442561e+00 1.30386509e+01 1.51573849e+01 1.63041162e+01 1.66343708e+01 
1.43000000e+04 1.00290897e+01 1.30978525e+01 1.51971581e+01 1.63174511e+01 1.66205982e+01 
1.44000000e+04 1.00931848e+01 1.31560967e+01 1.52357324e+01 1.63295633e+01 1.66057766e+01 
1.45000000e+04 1.01567110e+01 1.32133901e+01 1.52731239e+01 1.63404769e+01 1.65899350e+01 
1.46000000e+04 1.02196681e+01 1.32697395e+01 1.53093483e+01 1.63502160e+01 1.65731023e+01 
1.47000000e+04 1.02820564e+01 1.33251518e+01 1.53444214e+01 1.63588042e+01 1.65553062e+01 
1.48000000e+04 1.03438762e+01 1.33796341e+01 1.53783591e+01 1.63662647e+01 1.65365743e+01 
1.49000000e+04 1.04051279e+01 1.34331934e+01 1.54111770e+01 1.63726207e+01 1.65169335e+01 
1.50000000e+04 1.04658119e+01 1.34858370e+01 1.54428907e+01 1.63778947e+01 1.64964100e+01 
1.51000000e+04 1.05259291e+01 1.35375720e+01 1.54735158e+01 1.63821093e+01 1.64750298e+01 
1.52000000e+04 1.05854802e+01 1.35884060e+01 1.55030676e+01 1.63852865e+01 1.64528179e+01 
1.53000000e+04 1.06444660e+01 1.36383462e+01 1.55315616e+01 1.63874479e+01 1.64297992e+01 
1.54000000e+04 1.07028876e+01 1.36874001e+01 1.55590130e+01 1.63886152e+01 1.64059978e+01 
1.55000000e+04 1.07607461e+01 1.37355753e+01 1.55854369e+01 1.63888094e+01 1.63814374e+01 
1.56000000e+04 1.08180427e+01 1.37828794e+01 1.56108485e+01 1.63880514e+01 1.63561412e+01 
1.57000000e+04 1.08747787e+01 1.38293199e+01 1.56352626e+01 1.63863616e+01 1.63301319e+01 
1.58000000e+04 1.09309556e+01 1.38749045e+01 1.56586941e+01 1.63837602e+01 1.63034315e+01 
1.59000000e+04 1.09865748e+01 1.39196409e+01 1.56811577e+01 1.63802672e+01 1.62760619e+01 
1.60000000e+04 1.10416378e+01 1.39635369e+01 1.57026681e+01 1.63759022e+01 1.62480441e+01 
1.61000000e+04 1.10961465e+01 1.40066001e+01 1.57232397e+01 1.63706843e+01 1.62193990e+01 
1.62000000e+04 1.11501026e+01 1.40488383e+01 1.57428868e+01 1.63646325e+01 1.61901467e+01 
1.63000000e+04 1.12035077e+01 1.40902594e+01 1.57616238e+01 1.63577656e+01 1.61603072e+01 
1.64000000e+04 1.12563640e+01 1.41308711e+01 1.57794646e+01 1.63501018e+01 1.61298998e+01 
1.65000000e+04 1.13086733e+01 1.41706812e+01 1.57964233e+01 1.63416592e+01 1.60989433e+01 
1.66000000e+04 1.13604377e+01 1.42096975e+01 1.58125138e+01 1.63324556e+01 1.60674564e+01 
1.67000000e+04 1.14116593e+01 1.42479279e+01 1.58277497e+01 1.63225084e+01 1.60354570e+01 
1.68000000e+04 1.14623403e+01 1.42853802e+01 1.58421446e+01 1.63118348e+01 1.60029629e+01 
1.69000000e+04 1.15124829e+01 1.43220622e+01 1.58557119e+01 1.63004517e+01 1.59699912e+01 
1.70000000e+04 1.15620895e+01 1.43579816e+01 1.58684649e+01 1.62883756e+01 1.59365589e+01 
1.71000000e+04 1.16111623e+01 1.43931463e+01 1.58804169e+01 1.62756229e+01 1.59026823e+01 
1.72000000e+04 1.16597037e+01 1.44275641e+01 1.58915807e+01 1.62622097e+01 1.58683775e+01 
1.73000000e+04 1.17077164e+01 1.44612427e+01 1.59019693e+01 1.62481515e+01 1.58336602e+01 
1.74000000e+04 1.17552026e+01 1.44941899e+01 1.59115955e+01 1.62334639e+01 1.57985457e+01 
1.75000000e+04 1.18021651e+01 1.45264134e+01 1.59204717e+01 1.62181621e+01 1.57630490e+01 
1.76000000e+04 1.18486063e+01 1.45579208e+01 1.59286105e+01 1.62022611e+01 1.57271846e+01 
1.77000000e+04 1.18945289e+01 1.45887200e+01 1.59360241e+01 1.61857754e+01 1.56909667e+01 
1.78000000e+04 1.19399357e+01 1.46188185e+01 1.59427247e+01 1.61687195e+01 1.56544094e+01 
1.79000000e+04 1.19848293e+01 1.46482239e+01 1.59487244e+01 1.61511075e+01 1.56175260e+01 
1.80000000e+04 1.20292124e+01 1.46769439e+01 1.59540350e+01 1.61329533e+01 1.55803299e+01 
1.81000000e+04 1.20730879e+01 1.47049861e+01 1.59586682e+01 1.61142704e+01 1.55428339e+01 
1.82000000e+04 1.21164586e+01 1.47323578e+01 1.59626356e+01 1.60950724e+01 1.55050507e+01 
1.83000000e+04 1.21593273e+01 1.47590667e+01 1.59659487e+01 1.60753722e+01 1.54669924e+01 
1.84000000e+04 1.22016969e+01 1.47851202e+01 1.59686188e+01 1.60551829e+01 1.54286711e+01 
1.85000000e+04 1.22435703e+01 1.48105256e+01 1.59706570e+01 1.60345169e+01 1.53900984e+01 
1.86000000e+04 1.22849505e+01 1.48352905e+01 1.59720744e+01 1.60133868e+01 1.53512858e+01 
1.87000000e+04 1.23258404e+01 1.48594220e+01 1.59728817e+01 1.59918048e+01 1.53122443e+01 
1.88000000e+04 1.23662429e+01 1.48829275e+01 1.59730898e+01 1.59697826e+01 1.52729847e+01 
1.89000000e+04 1.24061611e+01 1.49058143e+01 1.59727093e+01 1.59473322e+01 1.52335176e+01 
1.90000000e+04 1.24455980e+01 1.49280895e+01 1.59717506e+01 1.59244649e+01 1.51938533e+01 
1.91000000e+04 1.24845566e+01 1.49497603e+01 1.59702240e+01 1.59011920e+01 1.51540017e+01 
1.92000000e+04 1.25230399e+01 1.49708338e+01 1.59681397e+01 1.58775246e+01 1.51139727e+01 
1.93000000e+04 1.25610512e+01 1.49913170e+01 1.59655078e+01 1.58534736e+01 1.50737757e+01 
1.94000000e+04 1.25985933e+01 1.50112171e+01 1.59623381e+01 1.58290495e+01 1.50334201e+01 
1.95000000e+04 1.26356694e+01 1.50305408e+01 1.59586405e+01 1.58042628e+01 1.49929147e+01 
1.96000000e+04 1.26722827e+01 1.50492953e+01 1.59544245e+01 1.57791238e+01 1.49522686e+01 
1.97000000e+04 1.27084362e+01 1.50674872e+01 1.59496997e+01 1.57536424e+01 1.49114901e+01 
1.98000000e+04 1.27441330e+01 1.50851234e+01 1.59444755e+01 1.57278284e+01 1.48705877e+01 
1.99000000e+04 1.27793763e+01 1.51022107e+01 1.59387610e+01 1.57016915e+01 1.48295694e+01 
2.00000000e+04 1.28141692e+01 1.51187558e+01 1.59325654e+01 1.56752412e+01 1.47884432e+01 
2.01000000e+04 1.28485149e+01 1.51347653e+01 1.59258978e+01 1.56484867e+01 1.47472168e+01 
2.02000000e+04 1.28824166e+01 1.51502458e+01 1.59187668e+01 1.56214371e+01 1.47058976e+01 
2.03000000e+04 1.29158773e+01 1.51652040e+01 1.59111814e+01 1.55941012e+01 1.46644930e+01 
2.04000000e+04 1.29489002e+01 1.51796461e+01 1.59031500e+01 1.55664877e+01 1.46230101e+01 
2.05000000e+04 1.29814885e+01 1.51935788e+01 1.58946811e+01 1.55386053e+01 1.45814557e+01 
2.06000000e+04 1.30136453e+01 1.52070083e+01 1.58857832e+01 1.55104622e+01 1.45398367e+01 
2.07000000e+04 1.30453739e+01 1.52199411e+01 1.58764644e+01 1.54820667e+01 1.44981595e+01 
2.08000000e+04 1.30766773e+01 1.52323833e+01 1.58667328e+01 1.54534268e+01 1.44564305e+01 
2.09000000e+04 1.31075588e+01 1.52443412e+01 1.58565965e+01 1.54245503e+01 1.44146559e+01 
2.10000000e+04 1.31380214e+01 1.52558209e+01 1.58460634e+01 1.53954450e+01 1.43728417e+01 
2.11000000e+04 1.31680684e+01 1.52668286e+01 1.58351411e+01 1.53661183e+01 1.43309938e+01 
2.12000000e+04 1.31977029e+01 1.52773703e+01 1.58238373e+01 1.53365778e+01 1.42891179e+01 
2.13000000e+04 1.32269280e+01 1.52874520e+01 1.58121596e+01 1.53068305e+01 1.42472195e+01 
2.14000000e+04 1.32557468e+01 1.52970796e+01 1.58001154e+01 1.52768837e+01 1.42053040e+01 
2.15000000e+04 1.32841626e+01 1.53062591e+01 1.57877120e+01 1.52467442e+01 1.41633765e+01 
2.16000000e+04 1.33121785e+01 1.53149961e+01 1.57749565e+01 1.52164189e+01 1.41214423e+01 
2.17000000e+04 1.33397975e+01 1.53232965e+01 1.57618561e+01 1.51859144e+01 1.40795062e+01 
2.18000000e+04 1.33670228e+01 1.53311661e+01 1.57484177e+01 1.51552372e+01 1.40375731e+01 
2.19000000e+04 1.33938575e+01 1.53386104e+01 1.57346482e+01 1.51243937e+01 1.39956475e+01 
2.20000000e+04 1.34203047e+01 1.53456351e+01 1.57205544e+01 1.50933901e+01 1.39537341e+01 
2.21000000e+04 1.34463676e+01 1.53522457e+01 1.57061430e+01 1.50622327e+01 1.39118372e+01 
2.22000000e+04 1.34720491e+01 1.53584477e+01 1.56914204e+01 1.50309272e+01 1.38699611e+01 
2.23000000e+04 1.34973523e+01 1.53642465e+01 1.56763932e+01 1.49994797e+01 1.38281099e+01 
2.24000000e+04 1.35222804e+01 1.53696475e+01 1.56610676e+01 1.49678957e+01 1.37862877e+01 
2.25000000e+04 1.35468364e+01 1.53746561e+01 1.56454501e+01 1.49361811e+01 1.37444984e+01 
2.26000000e+04 1.35710233e+01 1.53792775e+01 1.56295466e+01 1.49043411e+01 1.37027457e+01 
2.27000000e+04 1.35948441e+01 1.53835169e+01 1.56133633e+01 1.48723813e+01 1.36610333e+01 
2.28000000e+04 1.36183020e+01 1.53873795e+01 1.55969062e+01 1.48403069e+01 1.36193648e+01 
2.29000000e+04 1.36413998e+01 1.53908704e+01 1.55801811e+01 1.48081229e+01 1.35777437e+01 
2.30000000e+04 1.36641406e+01 1.53939947e+01 1.55631938e+01 1.47758345e+01 1.35361733e+01 
2.31000000e+04 1.36865274e+01 1.53967573e+01 1.55459500e+01 1.47434466e+01 1.34946569e+01 
2.32000000e+04 1.37085632e+01 1.53991632e+01 1.55284552e+01 1.47109639e+01 1.34531975e+01 
2.33000000e+04 1.37302508e+01 1.54012173e+01 1.55107151e+01 1.46783912e+01 1.34117983e+01 
2.34000000e+04 1.37515933e+01 1.54029244e+01 1.54927350e+01 1.46457332e+01 1.33704623e+01 
2.35000000e+04 1.37725936e+01 1.54042893e+01 1.54745202e+01 1.46129942e+01 1.33291922e+01 
2.36000000e+04 1.37932546e+01 1.54053168e+01 1.54560760e+01 1.45801788e+01 1.32879909e+01 
2.37000000e+04 1.38135792e+01 1.54060115e+01 1.54374076e+01 1.45472912e+01 1.32468610e+01 
2.38000000e+04 1.38335703e+01 1.54063781e+01 1.54185200e+01 1.45143356e+01 1.32058052e+01 
2.39000000e+04 1.38532308e+01 1.54064211e+01 1.53994183e+01 1.44813162e+01 1.31648259e+01 
2.40000000e+04 1.38725635e+01 1.54061452e+01 1.53801074e+01 1.44482370e+01 1.31239256e+01 
2.41000000e+04 1.38915713e+01 1.54055547e+01 1.53605920e+01 1.44151019e+01 1.30831067e+01 
2.42000000e+04 1.39102570e+01 1.54046541e+01 1.53408770e+01 1.43819149e+01 1.30423714e+01 
2.43000000e+04 1.39286234e+01 1.54034478e+01 1.53209670e+01 1.43486795e+01 1.30017219e+01 
2.44000000e+04 1.39466733e+01 1.54019401e+01 1.53008667e+01 1.43153996e+01 1.29611604e+01 
2.45000000e+04 1.39644096e+01 1.54001354e+01 1.52805805e+01 1.42820788e+01 1.29206889e+01 
2.46000000e+04 1.39818349e+01 1.53980377e+01 1.52601130e+01 1.42487205e+01 1.28803094e+01 
2.47000000e+04 1.39989520e+01 1.53956514e+01 1.52394684e+01 1.42153282e+01 1.28400237e+01 
2.48000000e+04 1.40157637e+01 1.53929805e+01 1.52186512e+01 1.41819052e+01 1.27998338e+01 
2.49000000e+04 1.40322727e+01 1.53900292e+01 1.51976656e+01 1.41484548e+01 1.27597415e+01 
2.50000000e+04 1.40484816e+01 1.53868015e+01 1.51765156e+01 1.41149803e+01 1.27197483e+01 
2.51000000e+04 1.40643933e+01 1.53833014e+01 1.51552055e+01 1.40814847e+01 1.26798561e+01 
2.52000000e+04 1.40800102e+01 1.53795328e+01 1.51337392e+01 1.40479712e+01 1.26400664e+01 
2.53000000e+04 1.40953351e+01 1.53754997e+01 1.51121208e+01 1.40144426e+01 1.26003807e+01 
2.54000000e+04 1.41103707e+01 1.53712059e+01 1.50903540e+01 1.39809020e+01 1.25608005e+01 
2.55000000e+04 1.41251195e+01 1.53666553e+01 1.50684428e+01 1.39473521e+01 1.25213273e+01 
2.56000000e+04 1.41395842e+01 1.53618515e+01 1.50463909e+01 1.39137959e+01 1.24819624e+01 
2.57000000e+04 1.41537673e+01 1.53567983e+01 1.50242021e+01 1.38802358e+01 1.24427070e+01 
2.58000000e+04 1.41676714e+01 1.53514995e+01 1.50018798e+01 1.38466748e+01 1.24035626e+01 
2.59000000e+04 1.41812990e+01 1.53459586e+01 1.49794279e+01 1.38131152e+01 1.23645303e+01 
2.60000000e+04 1.41946527e+01 1.53401793e+01 1.49568496e+01 1.37795597e+01 1.23256112e+01 
2.61000000e+04 1.42077351e+01 1.53341650e+01 1.49341486e+01 1.37460107e+01 1.22868064e+01 
2.62000000e+04 1.42205485e+01 1.53279194e+01 1.49113282e+01 1.37124706e+01 1.22481171e+01 
2.63000000e+04 1.42330955e+01 1.53214459e+01 1.48883918e+01 1.36789418e+01 1.22095443e+01 
2.64000000e+04 1.42453786e+01 1.53147478e+01 1.48653426e+01 1.36454266e+01 1.21710889e+01 
2.65000000e+04 1.42574002e+01 1.53078286e+01 1.48421839e+01 1.36119272e+01 1.21327519e+01 
2.66000000e+04 1.42691627e+01 1.53006917e+01 1.48189189e+01 1.35784458e+01 1.20945342e+01 
2.67000000e+04 1.42806686e+01 1.52933403e+01 1.47955506e+01 1.35449846e+01 1.20564365e+01 
2.68000000e+04 1.42919202e+01 1.52857777e+01 1.47720822e+01 1.35115455e+01 1.20184598e+01 
2.69000000e+04 1.43029199e+01 1.52780072e+01 1.47485167e+01 1.34781306e+01 1.19806048e+01 
2.70000000e+04 1.43136701e+01 1.52700319e+01 1.47248570e+01 1.34447420e+01 1.19428723e+01 
2.71000000e+04 1.43241732e+01 1.52618549e+01 1.47011060e+01 1.34113815e+01 1.19052628e+01 
2.72000000e+04 1.43344314e+01 1.52534794e+01 1.46772666e+01 1.33780510e+01 1.18677772e+01 
2.73000000e+04 1.43444471e+01 1.52449085e+01 1.46533416e+01 1.33447524e+01 1.18304160e+01 
2.74000000e+04 1.43542225e+01 1.52361451e+01 1.46293338e+01 1.33114874e+01 1.17931798e+01 
2.75000000e+04 1.43637600e+01 1.52271924e+01 1.46052459e+01 1.32782577e+01 1.17560692e+01 
2.76000000e+04 1.43730618e+01 1.52180531e+01 1.45810806e+01 1.32450652e+01 1.17190847e+01 
2.77000000e+04 1.43821301e+01 1.52087304e+01 1.45568404e+01 1.32119113e+01 1.16822268e+01 
2.78000000e+04 1.43909672e+01 1.51992269e+01 1.45325281e+01 1.31787978e+01 1.16454960e+01 
2.79000000e+04 1.43995753e+01 1.51895457e+01 1.45081459e+01 1.31457261e+01 1.16088927e+01 
2.80000000e+04 1.44079565e+01 1.51796895e+01 1.44836966e+01 1.31126979e+01 1.15724173e+01 
2.81000000e+04 1.44161132e+01 1.51696611e+01 1.44591825e+01 1.30797146e+01 1.15360702e+01 
2.82000000e+04 1.44240473e+01 1.51594633e+01 1.44346060e+01 1.30467776e+01 1.14998517e+01 
2.83000000e+04 1.44317610e+01 1.51490987e+01 1.44099695e+01 1.30138884e+01 1.14637622e+01 
2.84000000e+04 1.44392565e+01 1.51385701e+01 1.43852753e+01 1.29810483e+01 1.14278020e+01 
2.85000000e+04 1.44465359e+01 1.51278800e+01 1.43605257e+01 1.29482587e+01 1.13919713e+01 
2.86000000e+04 1.44536013e+01 1.51170312e+01 1.43357228e+01 1.29155209e+01 1.13562704e+01 
2.87000000e+04 1.44604547e+01 1.51060261e+01 1.43108690e+01 1.28828361e+01 1.13206996e+01 
2.88000000e+04 1.44670983e+01 1.50948673e+01 1.42859663e+01 1.28502055e+01 1.12852589e+01 
2.89000000e+04 1.44735339e+01 1.50835575e+01 1.42610169e+01 1.28176303e+01 1.12499487e+01 
2.90000000e+04 1.44797638e+01 1.50720989e+01 1.42360228e+01 1.27851118e+01 1.12147690e+01 
2.91000000e+04 1.44857898e+01 1.50604941e+01 1.42109861e+01 1.27526510e+01 1.11797200e+01 
2.92000000e+04 1.44916140e+01 1.50487455e+01 1.41859089e+01 1.27202490e+01 1.11448018e+01 
2.93000000e+04 1.44972384e+01 1.50368555e+01 1.41607929e+01 1.26879069e+01 1.11100145e+01 
2.94000000e+04 1.45026649e+01 1.50248265e+01 1.41356403e+01 1.26556258e+01 1.10753582e+01 
2.95000000e+04 1.45078954e+01 1.50126608e+01 1.41104529e+01 1.26234066e+01 1.10408330e+01 
2.96000000e+04 1.45129319e+01 1.50003606e+01 1.40852326e+01 1.25912502e+01 1.10064388e+01 
2.97000000e+04 1.45177763e+01 1.49879283e+01 1.40599812e+01 1.25591578e+01 1.09721757e+01 
2.98000000e+04 1.45224306e+01 1.49753661e+01 1.40347004e+01 1.25271300e+01 1.09380438e+01 
2.99000000e+04 1.45268965e+01 1.49626763e+01 1.40093921e+01 1.24951680e+01 1.09040429e+01 
3.00000000e+04 1.45311759e+01 1.49498609e+01 1.39840581e+01 1.24632725e+01 1.08701731e+01 
3.01000000e+04 1.45352708e+01 1.49369223e+01 1.39586999e+01 1.24314443e+01 1.08364343e+01 
3.02000000e+04 1.45391829e+01 1.49238624e+01 1.39333192e+01 1.23996843e+01 1.08028265e+01 
3.03000000e+04 1.45429140e+01 1.49106834e+01 1.39079178e+01 1.23679932e+01 1.07693495e+01 
3.04000000e+04 1.45464660e+01 1.48973874e+01 1.38824972e+01 1.23363719e+01 1.07360034e+01 
3.05000000e+04 1.45498407e+01 1.48839764e+01 1.38570589e+01 1.23048210e+01 1.07027879e+01 
3.06000000e+04 1.45530398e+01 1.48704525e+01 1.38316046e+01 1.22733413e+01 1.06697030e+01 
3.07000000e+04 1.45560651e+01 1.48568177e+01 1.38061358e+01 1.22419335e+01 1.06367485e+01 
3.08000000e+04 1.45589183e+01 1.48430739e+01 1.37806539e+01 1.22105982e+01 1.06039243e+01 
3.09000000e+04 1.45616011e+01 1.48292230e+01 1.37551604e+01 1.21793360e+01 1.05712303e+01 
3.10000000e+04 1.45641154e+01 1.48152670e+01 1.37296568e+01 1.21481477e+01 1.05386662e+01 
3.11000000e+04 1.45664627e+01 1.48012079e+01 1.37041445e+01 1.21170337e+01 1.05062319e+01 
3.12000000e+04 1.45686448e+01 1.47870474e+01 1.36786248e+01 1.20859947e+01 1.04739272e+01 
3.13000000e+04 1.45706633e+01 1.47727874e+01 1.36530991e+01 1.20550313e+01 1.04417519e+01 
3.14000000e+04 1.45725199e+01 1.47584298e+01 1.36275687e+01 1.20241439e+01 1.04097058e+01 
3.15000000e+04 1.45742163e+01 1.47439763e+01 1.36020350e+01 1.19933332e+01 1.03777886e+01 
3.16000000e+04 1.45757540e+01 1.47294287e+01 1.35764993e+01 1.19625996e+01 1.03460002e+01 
3.17000000e+04 1.45771347e+01 1.47147887e+01 1.35509627e+01 1.19319435e+01 1.03143402e+01 
3.18000000e+04 1.45783600e+01 1.47000582e+01 1.35254265e+01 1.19013655e+01 1.02828084e+01 
3.19000000e+04 1.45794314e+01 1.46852388e+01 1.34998920e+01 1.18708660e+01 1.02514046e+01 
3.20000000e+04 1.45803506e+01 1.46703322e+01 1.34743603e+01 1.18404455e+01 1.02201285e+01 
3.21000000e+04 1.45811191e+01 1.46553401e+01 1.34488325e+01 1.18101043e+01 1.01889798e+01 
3.22000000e+04 1.45817384e+01 1.46402640e+01 1.34233099e+01 1.17798428e+01 1.01579582e+01 
3.23000000e+04 1.45822101e+01 1.46251057e+01 1.33977935e+01 1.17496615e+01 1.01270634e+01 
3.24000000e+04 1.45825357e+01 1.46098667e+01 1.33722845e+01 1.17195607e+01 1.00962952e+01 
3.25000000e+04 1.45827167e+01 1.45945487e+01 1.33467839e+01 1.16895407e+01 1.00656531e+01 
3.26000000e+04 1.45827547e+01 1.45791531e+01 1.33212928e+01 1.16596018e+01 1.00351370e+01 
3.27000000e+04 1.45826510e+01 1.45636814e+01 1.32958121e+01 1.16297445e+01 1.00047464e+01 
3.28000000e+04 1.45824071e+01 1.45481353e+01 1.32703430e+01 1.15999690e+01 9.97448109e+00 
3.29000000e+04 1.45820245e+01 1.45325163e+01 1.32448864e+01 1.15702755e+01 9.94434066e+00 
3.30000000e+04 1.45815047e+01 1.45168257e+01 1.32194433e+01 1.15406645e+01 9.91432478e+00 
3.31000000e+04 1.45808490e+01 1.45010651e+01 1.31940146e+01 1.15111360e+01 9.88443311e+00 
3.32000000e+04 1.45800589e+01 1.44852358e+01 1.31686014e+01 1.14816904e+01 9.85466530e+00 
3.33000000e+04 1.45791358e+01 1.44693394e+01 1.31432044e+01 1.14523279e+01 9.82502097e+00 
3.34000000e+04 1.45780811e+01 1.44533772e+01 1.31178246e+01 1.14230488e+01 9.79549977e+00 
3.35000000e+04 1.45768961e+01 1.44373506e+01 1.30924629e+01 1.13938532e+01 9.76610132e+00 
3.36000000e+04 1.45755822e+01 1.44212609e+01 1.30671201e+01 1.13647413e+01 9.73682525e+00 
3.37000000e+04 1.45741408e+01 1.44051096e+01 1.30417971e+01 1.13357134e+01 9.70767118e+00 
3.38000000e+04 1.45725732e+01 1.43888979e+01 1.30164948e+01 1.13067696e+01 9.67863871e+00 
3.39000000e+04 1.45708807e+01 1.43726271e+01 1.29912138e+01 1.12779100e+01 9.64972747e+00 
3.40000000e+04 1.45690647e+01 1.43562986e+01 1.29659551e+01 1.12491348e+01 9.62093705e+00 
3.41000000e+04 1.45671264e+01 1.43399135e+01 1.29407193e+01 1.12204442e+01 9.59226707e+00 
3.42000000e+04 1.45650672e+01 1.43234733e+01 1.29155074e+01 1.11918383e+01 9.56371711e+00 
3.43000000e+04 1.45628884e+01 1.43069791e+01 1.28903199e+01 1.11633172e+01 9.53528677e+00 
3.44000000e+04 1.45605911e+01 1.42904321e+01 1.28651577e+01 1.11348810e+01 9.50697565e+00 
3.45000000e+04 1.45581767e+01 1.42738336e+01 1.28400214e+01 1.11065298e+01 9.47878333e+00 
3.46000000e+04 1.45556464e+01 1.42571847e+01 1.28149118e+01 1.10782638e+01 9.45070940e+00 
3.47000000e+04 1.45530015e+01 1.42404866e+01 1.27898295e+01 1.10500829e+01 9.42275344e+00 
3.48000000e+04 1.45502431e+01 1.42237405e+01 1.27647752e+01 1.10219873e+01 9.39491502e+00 
3.49000000e+04 1.45473725e+01 1.42069476e+01 1.27397496e+01 1.09939770e+01 9.36719372e+00 
3.50000000e+04 1.45443909e+01 1.41901088e+01 1.27147533e+01 1.09660520e+01 9.33958913e+00 
3.51000000e+04 1.45412995e+01 1.41732255e+01 1.26897869e+01 1.09382125e+01 9.31210080e+00 
3.52000000e+04 1.45380995e+01 1.41562986e+01 1.26648511e+01 1.09104585e+01 9.28472830e+00 
3.53000000e+04 1.45347920e+01 1.41393293e+01 1.26399464e+01 1.08827899e+01 9.25747121e+00 
3.54000000e+04 1.45313781e+01 1.41223186e+01 1.26150735e+01 1.08552069e+01 9.23032909e+00 
3.55000000e+04 1.45278591e+01 1.41052676e+01 1.25902329e+01 1.08277093e+01 9.20330150e+00 
3.56000000e+04 1.45242361e+01 1.40881774e+01 1.25654251e+01 1.08002973e+01 9.17638800e+00 
3.57000000e+04 1.45205102e+01 1.40710488e+01 1.25406508e+01 1.07729708e+01 9.14958814e+00 
3.58000000e+04 1.45166825e+01 1.40538831e+01 1.25159104e+01 1.07457298e+01 9.12290150e+00 
3.59000000e+04 1.45127541e+01 1.40366811e+01 1.24912046e+01 1.07185743e+01 9.09632762e+00 
3.60000000e+04 1.45087262e+01 1.40194438e+01 1.24665337e+01 1.06915043e+01 9.06986605e+00 
3.61000000e+04 1.45045998e+01 1.40021723e+01 1.24418984e+01 1.06645197e+01 9.04351635e+00 
3.62000000e+04 1.45003760e+01 1.39848674e+01 1.24172990e+01 1.06376205e+01 9.01727808e+00 
3.63000000e+04 1.44960558e+01 1.39675302e+01 1.23927361e+01 1.06108067e+01 8.99115078e+00 
3.64000000e+04 1.44916404e+01 1.39501615e+01 1.23682102e+01 1.05840782e+01 8.96513400e+00 
3.65000000e+04 1.44871307e+01 1.39327623e+01 1.23437217e+01 1.05574349e+01 8.93922729e+00 
3.66000000e+04 1.44825278e+01 1.39153335e+01 1.23192710e+01 1.05308768e+01 8.91343020e+00 
3.67000000e+04 1.44778328e+01 1.38978760e+01 1.22948586e+01 1.05044038e+01 8.88774227e+00 
3.68000000e+04 1.44730466e+01 1.38803907e+01 1.22704849e+01 1.04780159e+01 8.86216306e+00 
3.69000000e+04 1.44681702e+01 1.38628784e+01 1.22461503e+01 1.04517129e+01 8.83669211e+00 
3.70000000e+04 1.44632047e+01 1.38453399e+01 1.22218553e+01 1.04254949e+01 8.81132896e+00 
3.71000000e+04 1.44581511e+01 1.38277763e+01 1.21976002e+01 1.03993616e+01 8.78607316e+00 
3.72000000e+04 1.44530103e+01 1.38101882e+01 1.21733854e+01 1.03733130e+01 8.76092425e+00 
3.73000000e+04 1.44477833e+01 1.37925765e+01 1.21492113e+01 1.03473490e+01 8.73588178e+00 
3.74000000e+04 1.44424711e+01 1.37749420e+01 1.21250782e+01 1.03214695e+01 8.71094529e+00 
3.75000000e+04 1.44370746e+01 1.37572855e+01 1.21009865e+01 1.02956744e+01 8.68611432e+00 
3.76000000e+04 1.44315948e+01 1.37396079e+01 1.20769367e+01 1.02699635e+01 8.66138843e+00 
3.77000000e+04 1.44260326e+01 1.37219098e+01 1.20529289e+01 1.02443368e+01 8.63676715e+00 
3.78000000e+04 1.44203889e+01 1.37041921e+01 1.20289635e+01 1.02187942e+01 8.61225003e+00 
3.79000000e+04 1.44146647e+01 1.36864555e+01 1.20050409e+01 1.01933354e+01 8.58783660e+00 
3.80000000e+04 1.44088609e+01 1.36687007e+01 1.19811613e+01 1.01679604e+01 8.56352643e+00 
3.81000000e+04 1.44029783e+01 1.36509286e+01 1.19573252e+01 1.01426690e+01 8.53931904e+00 
3.82000000e+04 1.43970178e+01 1.36331398e+01 1.19335327e+01 1.01174611e+01 8.51521399e+00 
3.83000000e+04 1.43909805e+01 1.36153350e+01 1.19097841e+01 1.00923366e+01 8.49121081e+00 
3.84000000e+04 1.43848670e+01 1.35975149e+01 1.18860798e+01 1.00672953e+01 8.46730906e+00 
3.85000000e+04 1.43786784e+01 1.35796803e+01 1.18624200e+01 1.00423370e+01 8.44350829e+00 
3.86000000e+04 1.43724154e+01 1.35618318e+01 1.18388050e+01 1.00174616e+01 8.41980803e+00 
3.87000000e+04 1.43660789e+01 1.35439701e+01 1.18152351e+01 9.99266894e+00 8.39620783e+00 
3.88000000e+04 1.43596698e+01 1.35260959e+01 1.17917104e+01 9.96795887e+00 8.37270724e+00 
3.89000000e+04 1.43531889e+01 1.35082098e+01 1.17682312e+01 9.94333121e+00 8.34930582e+00 
3.90000000e+04 1.43466370e+01 1.34903125e+01 1.17447979e+01 9.91878579e+00 8.32600310e+00 
3.91000000e+04 1.43400149e+01 1.34724046e+01 1.17214105e+01 9.89432245e+00 8.30279864e+00 
3.92000000e+04 1.43333235e+01 1.34544867e+01 1.16980693e+01 9.86994101e+00 8.27969199e+00 
3.93000000e+04 1.43265636e+01 1.34365595e+01 1.16747746e+01 9.84564130e+00 8.25668270e+00 
3.94000000e+04 1.43197360e+01 1.34186236e+01 1.16515266e+01 9.82142313e+00 8.23377032e+00 
3.95000000e+04 1.43128414e+01 1.34006796e+01 1.16283254e+01 9.79728633e+00 8.21095440e+00 
3.96000000e+04 1.43058806e+01 1.33827280e+01 1.16051712e+01 9.77323071e+00 8.18823450e+00 
3.97000000e+04 1.42988545e+01 1.33647696e+01 1.15820643e+01 9.74925608e+00 8.16561017e+00 
3.98000000e+04 1.42917637e+01 1.33468047e+01 1.15590048e+01 9.72536225e+00 8.14308097e+00 
3.99000000e+04 1.42846091e+01 1.33288341e+01 1.15359930e+01 9.70154904e+00 8.12064645e+00 
4.00000000e+04 1.42773914e+01 1.33108582e+01 1.15130288e+01 9.67781625e+00 8.09830618e+00 
4.01000000e+04 1.42701113e+01 1.32928777e+01 1.14901127e+01 9.65416367e+00 8.07605971e+00 
4.02000000e+04 1.42627697e+01 1.32748930e+01 1.14672446e+01 9.63059112e+00 8.05390659e+00 
4.03000000e+04 1.42553672e+01 1.32569047e+01 1.14444248e+01 9.60709840e+00 8.03184640e+00 
4.04000000e+04 1.42479045e+01 1.32389134e+01 1.14216535e+01 9.58368529e+00 8.00987869e+00 
4.05000000e+04 1.42403824e+01 1.32209196e+01 1.13989306e+01 9.56035160e+00 7.98800303e+00 
4.06000000e+04 1.42328016e+01 1.32029237e+01 1.13762565e+01 9.53709711e+00 7.96621898e+00 
4.07000000e+04 1.42251628e+01 1.31849263e+01 1.13536312e+01 9.51392163e+00 7.94452610e+00 
4.08000000e+04 1.42174666e+01 1.31669279e+01 1.13310548e+01 9.49082494e+00 7.92292397e+00 
4.09000000e+04 1.42097139e+01 1.31489289e+01 1.13085275e+01 9.46780683e+00 7.90141215e+00 
4.10000000e+04 1.42019052e+01 1.31309300e+01 1.12860495e+01 9.44486708e+00 7.87999021e+00 
4.11000000e+04 1.41940413e+01 1.31129314e+01 1.12636207e+01 9.42200548e+00 7.85865773e+00 
4.12000000e+04 1.41861228e+01 1.30949338e+01 1.12412413e+01 9.39922182e+00 7.83741427e+00 
4.13000000e+04 1.41781504e+01 1.30769376e+01 1.12189115e+01 9.37651587e+00 7.81625940e+00 
4.14000000e+04 1.41701248e+01 1.30589431e+01 1.11966313e+01 9.35388742e+00 7.79519272e+00 
4.15000000e+04 1.41620466e+01 1.30409510e+01 1.11744008e+01 9.33133624e+00 7.77421378e+00 
4.16000000e+04 1.41539164e+01 1.30229616e+01 1.11522201e+01 9.30886211e+00 7.75332216e+00 
4.17000000e+04 1.41457349e+01 1.30049754e+01 1.11300894e+01 9.28646482e+00 7.73251746e+00 
4.18000000e+04 1.41375028e+01 1.29869927e+01 1.11080086e+01 9.26414413e+00 7.71179924e+00 
4.19000000e+04 1.41292206e+01 1.29690141e+01 1.10859778e+01 9.24189982e+00 7.69116709e+00 
4.20000000e+04 1.41208891e+01 1.29510399e+01 1.10639972e+01 9.21973166e+00 7.67062059e+00 
4.21000000e+04 1.41125087e+01 1.29330705e+01 1.10420667e+01 9.19763943e+00 7.65015933e+00 
4.22000000e+04 1.41040802e+01 1.29151065e+01 1.10201866e+01 9.17562289e+00 7.62978290e+00 
4.23000000e+04 1.40956041e+01 1.28971480e+01 1.09983567e+01 9.15368181e+00 7.60949088e+00 
4.24000000e+04 1.40870810e+01 1.28791956e+01 1.09765773e+01 9.13181597e+00 7.58928286e+00 
4.25000000e+04 1.40785115e+01 1.28612497e+01 1.09548482e+01 9.11002514e+00 7.56915844e+00 
4.26000000e+04 1.40698963e+01 1.28433106e+01 1.09331697e+01 9.08830907e+00 7.54911720e+00 
4.27000000e+04 1.40612359e+01 1.28253786e+01 1.09115416e+01 9.06666754e+00 7.52915874e+00 
4.28000000e+04 1.40525308e+01 1.28074543e+01 1.08899642e+01 9.04510032e+00 7.50928266e+00 
4.29000000e+04 1.40437817e+01 1.27895378e+01 1.08684374e+01 9.02360716e+00 7.48948856e+00 
4.30000000e+04 1.40349891e+01 1.27716297e+01 1.08469612e+01 9.00218783e+00 7.46977602e+00 
4.31000000e+04 1.40261536e+01 1.27537301e+01 1.08255357e+01 8.98084210e+00 7.45014466e+00 
4.32000000e+04 1.40172758e+01 1.27358396e+01 1.08041609e+01 8.95956972e+00 7.43059408e+00 
4.33000000e+04 1.40083561e+01 1.27179584e+01 1.07828368e+01 8.93837047e+00 7.41112388e+00 
4.34000000e+04 1.39993952e+01 1.27000869e+01 1.07615635e+01 8.91724410e+00 7.39173366e+00 
4.35000000e+04 1.39903935e+01 1.26822254e+01 1.07403410e+01 8.89619038e+00 7.37242304e+00 
4.36000000e+04 1.39813516e+01 1.26643742e+01 1.07191692e+01 8.87520906e+00 7.35319162e+00 
4.37000000e+04 1.39722701e+01 1.26465337e+01 1.06980483e+01 8.85429991e+00 7.33403901e+00 
4.38000000e+04 1.39631495e+01 1.26287041e+01 1.06769782e+01 8.83346269e+00 7.31496483e+00 
4.39000000e+04 1.39539902e+01 1.26108858e+01 1.06559589e+01 8.81269715e+00 7.29596868e+00 
4.40000000e+04 1.39447929e+01 1.25930791e+01 1.06349905e+01 8.79200306e+00 7.27705019e+00 
4.41000000e+04 1.39355579e+01 1.25752843e+01 1.06140728e+01 8.77138017e+00 7.25820897e+00 
4.42000000e+04 1.39262859e+01 1.25575017e+01 1.05932060e+01 8.75082825e+00 7.23944464e+00 
4.43000000e+04 1.39169773e+01 1.25397315e+01 1.05723901e+01 8.73034705e+00 7.22075682e+00 
4.44000000e+04 1.39076326e+01 1.25219741e+01 1.05516249e+01 8.70993634e+00 7.20214513e+00 
4.45000000e+04 1.38982524e+01 1.25042298e+01 1.05309106e+01 8.68959586e+00 7.18360920e+00 
4.46000000e+04 1.38888370e+01 1.24864988e+01 1.05102471e+01 8.66932538e+00 7.16514864e+00 
4.47000000e+04 1.38793870e+01 1.24687815e+01 1.04896343e+01 8.64912466e+00 7.14676310e+00 
4.48000000e+04 1.38699028e+01 1.24510780e+01 1.04690724e+01 8.62899345e+00 7.12845220e+00 
4.49000000e+04 1.38603850e+01 1.24333886e+01 1.04485611e+01 8.60893151e+00 7.11021556e+00 
4.50000000e+04 1.38508340e+01 1.24157136e+01 1.04281006e+01 8.58893860e+00 7.09205283e+00 
4.51000000e+04 1.38412502e+01 1.23980533e+01 1.04076909e+01 8.56901447e+00 7.07396363e+00 
4.52000000e+04 1.38316342e+01 1.23804079e+01 1.03873318e+01 8.54915889e+00 7.05594760e+00 
4.53000000e+04 1.38219863e+01 1.23627777e+01 1.03670233e+01 8.52937161e+00 7.03800437e+00 
4.54000000e+04 1.38123071e+01 1.23451629e+01 1.03467655e+01 8.50965239e+00 7.02013360e+00 
4.55000000e+04 1.38025969e+01 1.23275638e+01 1.03265583e+01 8.49000099e+00 7.00233491e+00 
4.56000000e+04 1.37928562e+01 1.23099805e+01 1.03064016e+01 8.47041716e+00 6.98460795e+00 
4.57000000e+04 1.37830855e+01 1.22924133e+01 1.02862954e+01 8.45090067e+00 6.96695236e+00 
4.58000000e+04 1.37732852e+01 1.22748625e+01 1.02662398e+01 8.43145126e+00 6.94936780e+00 
4.59000000e+04 1.37634557e+01 1.22573283e+01 1.02462345e+01 8.41206871e+00 6.93185390e+00 
4.60000000e+04 1.37535974e+01 1.22398108e+01 1.02262797e+01 8.39275276e+00 6.91441031e+00 
4.61000000e+04 1.37437108e+01 1.22223104e+01 1.02063752e+01 8.37350317e+00 6.89703670e+00 
4.62000000e+04 1.37337962e+01 1.22048272e+01 1.01865211e+01 8.35431971e+00 6.87973270e+00 
4.63000000e+04 1.37238542e+01 1.21873615e+01 1.01667172e+01 8.33520213e+00 6.86249798e+00 
4.64000000e+04 1.37138850e+01 1.21699134e+01 1.01469635e+01 8.31615019e+00 6.84533219e+00 
4.65000000e+04 1.37038892e+01 1.21524831e+01 1.01272600e+01 8.29716365e+00 6.82823498e+00 
4.66000000e+04 1.36938670e+01 1.21350709e+01 1.01076066e+01 8.27824227e+00 6.81120602e+00 
4.67000000e+04 1.36838190e+01 1.21176769e+01 1.00880032e+01 8.25938581e+00 6.79424497e+00 
4.68000000e+04 1.36737454e+01 1.21003014e+01 1.00684499e+01 8.24059404e+00 6.77735149e+00 
4.69000000e+04 1.36636467e+01 1.20829445e+01 1.00489464e+01 8.22186670e+00 6.76052524e+00 
4.70000000e+04 1.36535233e+01 1.20656064e+01 1.00294929e+01 8.20320356e+00 6.74376589e+00 
4.71000000e+04 1.36433756e+01 1.20482873e+01 1.00100892e+01 8.18460438e+00 6.72707311e+00 
4.72000000e+04 1.36332039e+01 1.20309874e+01 9.99073525e+00 8.16606892e+00 6.71044657e+00 
4.73000000e+04 1.36230085e+01 1.20137068e+01 9.97143099e+00 8.14759695e+00 6.69388594e+00 
4.74000000e+04 1.36127900e+01 1.19964457e+01 9.95217637e+00 8.12918822e+00 6.67739088e+00 
4.75000000e+04 1.36025486e+01 1.19792044e+01 9.93297131e+00 8.11084251e+00 6.66096109e+00 
4.76000000e+04 1.35922847e+01 1.19619829e+01 9.91381574e+00 8.09255956e+00 6.64459622e+00 
4.77000000e+04 1.35819987e+01 1.19447815e+01 9.89470960e+00 8.07433915e+00 6.62829596e+00 
4.78000000e+04 1.35716909e+01 1.19276002e+01 9.87565281e+00 8.05618104e+00 6.61205999e+00 
4.79000000e+04 1.35613617e+01 1.19104393e+01 9.85664531e+00 8.03808499e+00 6.59588799e+00 
4.80000000e+04 1.35510114e+01 1.18932989e+01 9.83768702e+00 8.02005076e+00 6.57977964e+00 
4.81000000e+04 1.35406404e+01 1.18761792e+01 9.81877786e+00 8.00207813e+00 6.56373462e+00 
4.82000000e+04 1.35302490e+01 1.18590802e+01 9.79991777e+00 7.98416686e+00 6.54775263e+00 
4.83000000e+04 1.35198376e+01 1.18420022e+01 9.78110666e+00 7.96631670e+00 6.53183334e+00 
4.84000000e+04 1.35094065e+01 1.18249454e+01 9.76234445e+00 7.94852744e+00 6.51597645e+00 
4.85000000e+04 1.34989559e+01 1.18079097e+01 9.74363107e+00 7.93079883e+00 6.50018165e+00 
4.86000000e+04 1.34884864e+01 1.17908955e+01 9.72496644e+00 7.91313065e+00 6.48444862e+00 
4.87000000e+04 1.34779981e+01 1.17739027e+01 9.70635047e+00 7.89552266e+00 6.46877707e+00 
4.88000000e+04 1.34674915e+01 1.17569316e+01 9.68778309e+00 7.87797462e+00 6.45316669e+00 
4.89000000e+04 1.34569668e+01 1.17399823e+01 9.66926421e+00 7.86048632e+00 6.43761717e+00 
4.90000000e+04 1.34464243e+01 1.17230549e+01 9.65079374e+00 7.84305751e+00 6.42212822e+00 
4.91000000e+04 1.34358644e+01 1.17061495e+01 9.63237160e+00 7.82568797e+00 6.40669953e+00 
4.92000000e+04 1.34252874e+01 1.16892663e+01 9.61399771e+00 7.80837747e+00 6.39133081e+00 
4.93000000e+04 1.34146935e+01 1.16724053e+01 9.59567198e+00 7.79112578e+00 6.37602176e+00 
4.94000000e+04 1.34040831e+01 1.16555668e+01 9.57739431e+00 7.77393267e+00 6.36077208e+00 
4.95000000e+04 1.33934566e+01 1.16387507e+01 9.55916463e+00 7.75679792e+00 6.34558148e+00 
4.96000000e+04 1.33828141e+01 1.16219573e+01 9.54098283e+00 7.73972129e+00 6.33044967e+00 
4.97000000e+04 1.33721560e+01 1.16051867e+01 9.52284884e+00 7.72270256e+00 6.31537636e+00 
4.98000000e+04 1.33614826e+01 1.15884389e+01 9.50476255e+00 7.70574151e+00 6.30036125e+00 
4.99000000e+04 1.33507941e+01 1.15717140e+01 9.48672389e+00 7.68883790e+00 6.28540407e+00 
5.00000000e+04 1.33400909e+01 1.15550122e+01 9.46873274e+00 7.67199152e+00 6.27050452e+00 
5.01000000e+04 1.33293733e+01 1.15383336e+01 9.45078903e+00 7.65520214e+00 6.25566232e+00 
5.02000000e+04 1.33186414e+01 1.15216782e+01 9.43289265e+00 7.63846954e+00 6.24087719e+00 
5.03000000e+04 1.33078957e+01 1.15050462e+01 9.41504352e+00 7.62179348e+00 6.22614884e+00 
5.04000000e+04 1.32971364e+01 1.14884376e+01 9.39724153e+00 7.60517376e+00 6.21147700e+00 
5.05000000e+04 1.32863637e+01 1.14718526e+01 9.37948659e+00 7.58861015e+00 6.19686139e+00 
5.06000000e+04 1.32755779e+01 1.14552913e+01 9.36177860e+00 7.57210243e+00 6.18230173e+00 
5.07000000e+04 1.32647793e+01 1.14387536e+01 9.34411746e+00 7.55565038e+00 6.16779774e+00 
5.08000000e+04 1.32539682e+01 1.14222398e+01 9.32650308e+00 7.53925378e+00 6.15334916e+00 
5.09000000e+04 1.32431448e+01 1.14057499e+01 9.30893535e+00 7.52291240e+00 6.13895570e+00 
5.10000000e+04 1.32323094e+01 1.13892840e+01 9.29141419e+00 7.50662604e+00 6.12461710e+00 
5.11000000e+04 1.32214623e+01 1.13728422e+01 9.27393947e+00 7.49039447e+00 6.11033309e+00 
5.12000000e+04 1.32106036e+01 1.13564245e+01 9.25651112e+00 7.47421748e+00 6.09610340e+00 
5.13000000e+04 1.31997337e+01 1.13400311e+01 9.23912902e+00 7.45809485e+00 6.08192777e+00 
5.14000000e+04 1.31888528e+01 1.13236619e+01 9.22179307e+00 7.44202637e+00 6.06780592e+00 
5.15000000e+04 1.31779611e+01 1.13073172e+01 9.20450317e+00 7.42601181e+00 6.05373760e+00 
5.16000000e+04 1.31670589e+01 1.12909969e+01 9.18725922e+00 7.41005098e+00 6.03972253e+00 
5.17000000e+04 1.31561465e+01 1.12747011e+01 9.17006112e+00 7.39414364e+00 6.02576047e+00 
5.18000000e+04 1.31452241e+01 1.12584300e+01 9.15290875e+00 7.37828959e+00 6.01185115e+00 
5.19000000e+04 1.31342918e+01 1.12421834e+01 9.13580203e+00 7.36248862e+00 5.99799432e+00 
5.20000000e+04 1.31233501e+01 1.12259617e+01 9.11874083e+00 7.34674052e+00 5.98418971e+00 
5.21000000e+04 1.31123990e+01 1.12097647e+01 9.10172506e+00 7.33104507e+00 5.97043707e+00 
5.22000000e+04 1.31014388e+01 1.11935926e+01 9.08475461e+00 7.31540207e+00 5.95673615e+00 
5.23000000e+04 1.30904698e+01 1.11774453e+01 9.06782938e+00 7.29981130e+00 5.94308669e+00 
5.24000000e+04 1.30794921e+01 1.11613231e+01 9.05094926e+00 7.28427257e+00 5.92948845e+00 
5.25000000e+04 1.30685061e+01 1.11452259e+01 9.03411414e+00 7.26878565e+00 5.91594117e+00 
5.26000000e+04 1.30575119e+01 1.11291538e+01 9.01732392e+00 7.25335034e+00 5.90244461e+00 
5.27000000e+04 1.30465097e+01 1.11131069e+01 9.00057849e+00 7.23796643e+00 5.88899851e+00 
5.28000000e+04 1.30354998e+01 1.10970851e+01 8.98387774e+00 7.22263373e+00 5.87560264e+00 
5.29000000e+04 1.30244823e+01 1.10810886e+01 8.96722156e+00 7.20735202e+00 5.86225674e+00 
5.30000000e+04 1.30134576e+01 1.10651174e+01 8.95060985e+00 7.19212111e+00 5.84896058e+00 
5.31000000e+04 1.30024257e+01 1.10491715e+01 8.93404249e+00 7.17694077e+00 5.83571392e+00 
5.32000000e+04 1.29913870e+01 1.10332510e+01 8.91751938e+00 7.16181083e+00 5.82251650e+00 
5.33000000e+04 1.29803415e+01 1.10173560e+01 8.90104041e+00 7.14673106e+00 5.80936810e+00 
5.34000000e+04 1.29692896e+01 1.10014865e+01 8.88460547e+00 7.13170127e+00 5.79626848e+00 
5.35000000e+04 1.29582314e+01 1.09856424e+01 8.86821445e+00 7.11672127e+00 5.78321739e+00 
5.36000000e+04 1.29471672e+01 1.09698240e+01 8.85186725e+00 7.10179084e+00 5.77021461e+00 
5.37000000e+04 1.29360971e+01 1.09540312e+01 8.83556374e+00 7.08690979e+00 5.75725990e+00 
5.38000000e+04 1.29250213e+01 1.09382640e+01 8.81930382e+00 7.07207793e+00 5.74435303e+00 
5.39000000e+04 1.29139400e+01 1.09225225e+01 8.80308738e+00 7.05729505e+00 5.73149377e+00 
5.40000000e+04 1.29028534e+01 1.09068067e+01 8.78691432e+00 7.04256095e+00 5.71868188e+00 
5.41000000e+04 1.28917618e+01 1.08911167e+01 8.77078451e+00 7.02787545e+00 5.70591713e+00 
5.42000000e+04 1.28806652e+01 1.08754524e+01 8.75469785e+00 7.01323833e+00 5.69319931e+00 
5.43000000e+04 1.28695639e+01 1.08598140e+01 8.73865422e+00 6.99864942e+00 5.68052818e+00 
5.44000000e+04 1.28584581e+01 1.08442015e+01 8.72265352e+00 6.98410852e+00 5.66790353e+00 
5.45000000e+04 1.28473479e+01 1.08286148e+01 8.70669564e+00 6.96961543e+00 5.65532511e+00 
5.46000000e+04 1.28362335e+01 1.08130540e+01 8.69078045e+00 6.95516995e+00 5.64279272e+00 
5.47000000e+04 1.28251152e+01 1.07975192e+01 8.67490786e+00 6.94077191e+00 5.63030613e+00 
5.48000000e+04 1.28139931e+01 1.07820104e+01 8.65907775e+00 6.92642110e+00 5.61786512e+00 
5.49000000e+04 1.28028673e+01 1.07665275e+01 8.64329000e+00 6.91211733e+00 5.60546947e+00 
5.50000000e+04 1.27917380e+01 1.07510707e+01 8.62754451e+00 6.89786042e+00 5.59311897e+00 
5.51000000e+04 1.27806055e+01 1.07356399e+01 8.61184116e+00 6.88365018e+00 5.58081339e+00 
5.52000000e+04 1.27694699e+01 1.07202351e+01 8.59617985e+00 6.86948642e+00 5.56855253e+00 
5.53000000e+04 1.27583313e+01 1.07048565e+01 8.58056045e+00 6.85536895e+00 5.55633616e+00 
5.54000000e+04 1.27471899e+01 1.06895039e+01 8.56498285e+00 6.84129758e+00 5.54416408e+00 
5.55000000e+04 1.27360459e+01 1.06741775e+01 8.54944696e+00 6.82727213e+00 5.53203608e+00 
5.56000000e+04 1.27248995e+01 1.06588772e+01 8.53395264e+00 6.81329242e+00 5.51995193e+00 
5.57000000e+04 1.27137508e+01 1.06436030e+01 8.51849979e+00 6.79935825e+00 5.50791145e+00 
5.58000000e+04 1.27025999e+01 1.06283550e+01 8.50308830e+00 6.78546944e+00 5.49591440e+00 
5.59000000e+04 1.26914471e+01 1.06131333e+01 8.48771806e+00 6.77162582e+00 5.48396060e+00 
5.60000000e+04 1.26802925e+01 1.05979377e+01 8.47238894e+00 6.75782720e+00 5.47204982e+00 
5.61000000e+04 1.26691362e+01 1.05827683e+01 8.45710084e+00 6.74407339e+00 5.46018188e+00 
5.62000000e+04 1.26579785e+01 1.05676251e+01 8.44185365e+00 6.73036422e+00 5.44835655e+00 
5.63000000e+04 1.26468193e+01 1.05525082e+01 8.42664726e+00 6.71669950e+00 5.43657365e+00 
5.64000000e+04 1.26356590e+01 1.05374175e+01 8.41148154e+00 6.70307906e+00 5.42483297e+00 
5.65000000e+04 1.26244977e+01 1.05223531e+01 8.39635640e+00 6.68950271e+00 5.41313431e+00 
5.66000000e+04 1.26133354e+01 1.05073149e+01 8.38127171e+00 6.67597029e+00 5.40147747e+00 
5.67000000e+04 1.26021724e+01 1.04923030e+01 8.36622736e+00 6.66248161e+00 5.38986225e+00 
5.68000000e+04 1.25910088e+01 1.04773174e+01 8.35122324e+00 6.64903649e+00 5.37828845e+00 
5.69000000e+04 1.25798447e+01 1.04623580e+01 8.33625924e+00 6.63563476e+00 5.36675588e+00 
5.70000000e+04 1.25686803e+01 1.04474249e+01 8.32133525e+00 6.62227624e+00 5.35526435e+00 
5.71000000e+04 1.25575158e+01 1.04325182e+01 8.30645115e+00 6.60896077e+00 5.34381366e+00 
5.72000000e+04 1.25463512e+01 1.04176377e+01 8.29160684e+00 6.59568815e+00 5.33240361e+00 
5.73000000e+04 1.25351867e+01 1.04027835e+01 8.27680219e+00 6.58245823e+00 5.32103402e+00 
5.74000000e+04 1.25240224e+01 1.03879555e+01 8.26203710e+00 6.56927084e+00 5.30970470e+00 
5.75000000e+04 1.25128585e+01 1.03731539e+01 8.24731145e+00 6.55612578e+00 5.29841545e+00 
5.76000000e+04 1.25016951e+01 1.03583786e+01 8.23262513e+00 6.54302291e+00 5.28716608e+00 
5.77000000e+04 1.24905323e+01 1.03436296e+01 8.21797804e+00 6.52996204e+00 5.27595642e+00 
5.78000000e+04 1.24793703e+01 1.03289068e+01 8.20337005e+00 6.51694301e+00 5.26478627e+00 
5.79000000e+04 1.24682092e+01 1.03142104e+01 8.18880106e+00 6.50396565e+00 5.25365545e+00 
5.80000000e+04 1.24570491e+01 1.02995402e+01 8.17427096e+00 6.49102979e+00 5.24256377e+00 
5.81000000e+04 1.24458902e+01 1.02848963e+01 8.15977963e+00 6.47813527e+00 5.23151104e+00 
5.82000000e+04 1.24347325e+01 1.02702787e+01 8.14532696e+00 6.46528191e+00 5.22049710e+00 
5.83000000e+04 1.24235763e+01 1.02556874e+01 8.13091284e+00 6.45246955e+00 5.20952175e+00 
5.84000000e+04 1.24124215e+01 1.02411223e+01 8.11653716e+00 6.43969802e+00 5.19858482e+00 
5.85000000e+04 1.24012684e+01 1.02265835e+01 8.10219980e+00 6.42696716e+00 5.18768613e+00 
5.86000000e+04 1.23901171e+01 1.02120709e+01 8.08790066e+00 6.41427682e+00 5.17682549e+00 
5.87000000e+04 1.23789677e+01 1.01975845e+01 8.07363963e+00 6.40162681e+00 5.16600273e+00 
5.88000000e+04 1.23678202e+01 1.01831244e+01 8.05941659e+00 6.38901699e+00 5.15521768e+00 
5.89000000e+04 1.23566749e+01 1.01686905e+01 8.04523144e+00 6.37644718e+00 5.14447015e+00 
5.90000000e+04 1.23455318e+01 1.01542829e+01 8.03108405e+00 6.36391723e+00 5.13375998e+00 
5.91000000e+04 1.23343910e+01 1.01399014e+01 8.01697434e+00 6.35142698e+00 5.12308699e+00 
5.92000000e+04 1.23232527e+01 1.01255461e+01 8.00290217e+00 6.33897626e+00 5.11245101e+00 
5.93000000e+04 1.23121170e+01 1.01112170e+01 7.98886744e+00 6.32656493e+00 5.10185186e+00 
5.94000000e+04 1.23009840e+01 1.00969141e+01 7.97487005e+00 6.31419281e+00 5.09128938e+00 
5.95000000e+04 1.22898537e+01 1.00826373e+01 7.96090988e+00 6.30185975e+00 5.08076340e+00 
5.96000000e+04 1.22787264e+01 1.00683867e+01 7.94698682e+00 6.28956560e+00 5.07027374e+00 
5.97000000e+04 1.22676020e+01 1.00541621e+01 7.93310076e+00 6.27731020e+00 5.05982024e+00 
5.98000000e+04 1.22564808e+01 1.00399637e+01 7.91925159e+00 6.26509339e+00 5.04940273e+00 
5.99000000e+04 1.22453628e+01 1.00257914e+01 7.90543921e+00 6.25291502e+00 5.03902105e+00 
6.00000000e+04 1.22342480e+01 1.00116452e+01 7.89166351e+00 6.24077493e+00 5.02867503e+00 
6.01000000e+04 1.22231368e+01 9.99752497e+00 7.87792437e+00 6.22867297e+00 5.01836450e+00 
6.02000000e+04 1.22120290e+01 9.98343083e+00 7.86422169e+00 6.21660899e+00 5.00808931e+00 
6.03000000e+04 1.22009249e+01 9.96936272e+00 7.85055535e+00 6.20458283e+00 4.99784929e+00 
6.04000000e+04 1.21898244e+01 9.95532061e+00 7.83692526e+00 6.19259434e+00 4.98764428e+00 
6.05000000e+04 1.21787278e+01 9.94130449e+00 7.82333129e+00 6.18064337e+00 4.97747412e+00 
6.06000000e+04 1.21676351e+01 9.92731435e+00 7.80977335e+00 6.16872977e+00 4.96733864e+00 
6.07000000e+04 1.21565465e+01 9.91335015e+00 7.79625133e+00 6.15685340e+00 4.95723770e+00 
6.08000000e+04 1.21454619e+01 9.89941189e+00 7.78276511e+00 6.14501409e+00 4.94717113e+00 
6.09000000e+04 1.21343815e+01 9.88549953e+00 7.76931460e+00 6.13321171e+00 4.93713877e+00 
6.10000000e+04 1.21233055e+01 9.87161306e+00 7.75589968e+00 6.12144610e+00 4.92714047e+00 
6.11000000e+04 1.21122338e+01 9.85775246e+00 7.74252024e+00 6.10971713e+00 4.91717607e+00 
6.12000000e+04 1.21011666e+01 9.84391771e+00 7.72917619e+00 6.09802463e+00 4.90724542e+00 
6.13000000e+04 1.20901039e+01 9.83010877e+00 7.71586740e+00 6.08636846e+00 4.89734837e+00 
6.14000000e+04 1.20790459e+01 9.81632564e+00 7.70259379e+00 6.07474849e+00 4.88748475e+00 
6.15000000e+04 1.20679927e+01 9.80256829e+00 7.68935523e+00 6.06316456e+00 4.87765443e+00 
6.16000000e+04 1.20569442e+01 9.78883668e+00 7.67615163e+00 6.05161654e+00 4.86785724e+00 
6.17000000e+04 1.20459007e+01 9.77513081e+00 7.66298287e+00 6.04010427e+00 4.85809304e+00 
6.18000000e+04 1.20348622e+01 9.76145064e+00 7.64984886e+00 6.02862762e+00 4.84836168e+00 
6.19000000e+04 1.20238288e+01 9.74779615e+00 7.63674948e+00 6.01718644e+00 4.83866301e+00 
6.20000000e+04 1.20128005e+01 9.73416731e+00 7.62368464e+00 6.00578059e+00 4.82899688e+00 
6.21000000e+04 1.20017775e+01 9.72056411e+00 7.61065422e+00 5.99440993e+00 4.81936314e+00 
6.22000000e+04 1.19907599e+01 9.70698650e+00 7.59765813e+00 5.98307433e+00 4.80976165e+00 
6.23000000e+04 1.19797476e+01 9.69343447e+00 7.58469625e+00 5.97177363e+00 4.80019226e+00 
6.24000000e+04 1.19687408e+01 9.67990799e+00 7.57176848e+00 5.96050770e+00 4.79065483e+00 
6.25000000e+04 1.19577396e+01 9.66640703e+00 7.55887473e+00 5.94927641e+00 4.78114921e+00 
6.26000000e+04 1.19467441e+01 9.65293157e+00 7.54601488e+00 5.93807962e+00 4.77167526e+00 
6.27000000e+04 1.19357542e+01 9.63948157e+00 7.53318883e+00 5.92691718e+00 4.76223284e+00 
6.28000000e+04 1.19247702e+01 9.62605701e+00 7.52039647e+00 5.91578896e+00 4.75282180e+00 
6.29000000e+04 1.19137920e+01 9.61265786e+00 7.50763772e+00 5.90469483e+00 4.74344201e+00 
6.30000000e+04 1.19028198e+01 9.59928409e+00 7.49491245e+00 5.89363465e+00 4.73409332e+00 
6.31000000e+04 1.18918536e+01 9.58593567e+00 7.48222057e+00 5.88260828e+00 4.72477560e+00 
6.32000000e+04 1.18808935e+01 9.57261257e+00 7.46956198e+00 5.87161560e+00 4.71548870e+00 
6.33000000e+04 1.18699396e+01 9.55931477e+00 7.45693658e+00 5.86065646e+00 4.70623249e+00 
6.34000000e+04 1.18589919e+01 9.54604222e+00 7.44434425e+00 5.84973074e+00 4.69700683e+00 
6.35000000e+04 1.18480505e+01 9.53279491e+00 7.43178491e+00 5.83883830e+00 4.68781159e+00 
6.36000000e+04 1.18371155e+01 9.51957280e+00 7.41925845e+00 5.82797901e+00 4.67864662e+00 
6.37000000e+04 1.18261869e+01 9.50637585e+00 7.40676476e+00 5.81715274e+00 4.66951180e+00 
6.38000000e+04 1.18152648e+01 9.49320404e+00 7.39430375e+00 5.80635936e+00 4.66040699e+00 
6.39000000e+04 1.18043494e+01 9.48005734e+00 7.38187532e+00 5.79559873e+00 4.65133206e+00 
6.40000000e+04 1.17934405e+01 9.46693571e+00 7.36947936e+00 5.78487074e+00 4.64228687e+00 
6.41000000e+04 1.17825384e+01 9.45383913e+00 7.35711577e+00 5.77417524e+00 4.63327128e+00 
6.42000000e+04 1.17716430e+01 9.44076755e+00 7.34478446e+00 5.76351212e+00 4.62428518e+00 
6.43000000e+04 1.17607545e+01 9.42772095e+00 7.33248533e+00 5.75288124e+00 4.61532843e+00 
6.44000000e+04 1.17498729e+01 9.41469929e+00 7.32021827e+00 5.74228248e+00 4.60640090e+00 
6.45000000e+04 1.17389983e+01 9.40170254e+00 7.30798319e+00 5.73171570e+00 4.59750246e+00 
6.46000000e+04 1.17281307e+01 9.38873066e+00 7.29577998e+00 5.72118079e+00 4.58863298e+00 
6.47000000e+04 1.17172701e+01 9.37578363e+00 7.28360856e+00 5.71067762e+00 4.57979233e+00 
6.48000000e+04 1.17064167e+01 9.36286141e+00 7.27146881e+00 5.70020606e+00 4.57098039e+00 
6.49000000e+04 1.16955706e+01 9.34996396e+00 7.25936064e+00 5.68976599e+00 4.56219703e+00 
6.50000000e+04 1.16847316e+01 9.33709125e+00 7.24728396e+00 5.67935729e+00 4.55344213e+00 
6.51000000e+04 1.16739000e+01 9.32424324e+00 7.23523866e+00 5.66897983e+00 4.54471555e+00 
6.52000000e+04 1.16630758e+01 9.31141990e+00 7.22322465e+00 5.65863348e+00 4.53601717e+00 
6.53000000e+04 1.16522591e+01 9.29862120e+00 7.21124183e+00 5.64831813e+00 4.52734688e+00 
6.54000000e+04 1.16414498e+01 9.28584710e+00 7.19929010e+00 5.63803366e+00 4.51870454e+00 
6.55000000e+04 1.16306480e+01 9.27309756e+00 7.18736937e+00 5.62777995e+00 4.51009004e+00 
6.56000000e+04 1.16198539e+01 9.26037254e+00 7.17547955e+00 5.61755686e+00 4.50150326e+00 
6.57000000e+04 1.16090674e+01 9.24767202e+00 7.16362052e+00 5.60736429e+00 4.49294406e+00 
6.58000000e+04 1.15982887e+01 9.23499595e+00 7.15179220e+00 5.59720211e+00 4.48441233e+00 
6.59000000e+04 1.15875177e+01 9.22234430e+00 7.13999450e+00 5.58707021e+00 4.47590796e+00 
6.60000000e+04 1.15767545e+01 9.20971704e+00 7.12822731e+00 5.57696847e+00 4.46743082e+00 
6.61000000e+04 1.15659992e+01 9.19711411e+00 7.11649055e+00 5.56689676e+00 4.45898079e+00 
6.62000000e+04 1.15552518e+01 9.18453550e+00 7.10478411e+00 5.55685498e+00 4.45055775e+00 
6.63000000e+04 1.15445123e+01 9.17198115e+00 7.09310790e+00 5.54684300e+00 4.44216160e+00 
6.64000000e+04 1.15337809e+01 9.15945104e+00 7.08146183e+00 5.53686071e+00 4.43379220e+00 
6.65000000e+04 1.15230576e+01 9.14694513e+00 7.06984580e+00 5.52690799e+00 4.42544945e+00 
6.66000000e+04 1.15123423e+01 9.13446337e+00 7.05825973e+00 5.51698472e+00 4.41713323e+00 
6.67000000e+04 1.15016352e+01 9.12200573e+00 7.04670350e+00 5.50709080e+00 4.40884343e+00 
6.68000000e+04 1.14909364e+01 9.10957217e+00 7.03517705e+00 5.49722611e+00 4.40057992e+00 
6.69000000e+04 1.14802458e+01 9.09716266e+00 7.02368026e+00 5.48739053e+00 4.39234260e+00 
6.70000000e+04 1.14695634e+01 9.08477715e+00 7.01221304e+00 5.47758396e+00 4.38413135e+00 
6.71000000e+04 1.14588895e+01 9.07241561e+00 7.00077531e+00 5.46780627e+00 4.37594607e+00 
6.72000000e+04 1.14482239e+01 9.06007800e+00 6.98936698e+00 5.45805736e+00 4.36778663e+00 
6.73000000e+04 1.14375668e+01 9.04776428e+00 6.97798794e+00 5.44833711e+00 4.35965293e+00 
6.74000000e+04 1.14269181e+01 9.03547441e+00 6.96663811e+00 5.43864542e+00 4.35154486e+00 
6.75000000e+04 1.14162780e+01 9.02320835e+00 6.95531739e+00 5.42898217e+00 4.34346230e+00 
6.76000000e+04 1.14056464e+01 9.01096606e+00 6.94402570e+00 5.41934725e+00 4.33540515e+00 
6.77000000e+04 1.13950234e+01 8.99874750e+00 6.93276295e+00 5.40974056e+00 4.32737330e+00 
6.78000000e+04 1.13844091e+01 8.98655264e+00 6.92152903e+00 5.40016198e+00 4.31936663e+00 
6.79000000e+04 1.13738035e+01 8.97438143e+00 6.91032388e+00 5.39061140e+00 4.31138505e+00 
6.80000000e+04 1.13632066e+01 8.96223383e+00 6.89914738e+00 5.38108872e+00 4.30342845e+00 
6.81000000e+04 1.13526184e+01 8.95010981e+00 6.88799945e+00 5.37159383e+00 4.29549671e+00 
6.82000000e+04 1.13420391e+01 8.93800932e+00 6.87688001e+00 5.36212662e+00 4.28758973e+00 
6.83000000e+04 1.13314686e+01 8.92593233e+00 6.86578896e+00 5.35268699e+00 4.27970741e+00 
6.84000000e+04 1.13209070e+01 8.91387878e+00 6.85472622e+00 5.34327482e+00 4.27184964e+00 
6.85000000e+04 1.13103543e+01 8.90184866e+00 6.84369169e+00 5.33389002e+00 4.26401631e+00 
6.86000000e+04 1.12998106e+01 8.88984190e+00 6.83268529e+00 5.32453247e+00 4.25620733e+00 
6.87000000e+04 1.12892759e+01 8.87785848e+00 6.82170693e+00 5.31520208e+00 4.24842259e+00 
6.88000000e+04 1.12787502e+01 8.86589835e+00 6.81075651e+00 5.30589874e+00 4.24066198e+00 
6.89000000e+04 1.12682336e+01 8.85396147e+00 6.79983396e+00 5.29662234e+00 4.23292541e+00 
6.90000000e+04 1.12577261e+01 8.84204780e+00 6.78893919e+00 5.28737278e+00 4.22521276e+00 
6.91000000e+04 1.12472277e+01 8.83015730e+00 6.77807210e+00 5.27814995e+00 4.21752395e+00 
6.92000000e+04 1.12367385e+01 8.81828992e+00 6.76723262e+00 5.26895377e+00 4.20985887e+00 
6.93000000e+04 1.12262585e+01 8.80644564e+00 6.75642065e+00 5.25978411e+00 4.20221741e+00 
6.94000000e+04 1.12157878e+01 8.79462440e+00 6.74563610e+00 5.25064089e+00 4.19459949e+00 
6.95000000e+04 1.12053263e+01 8.78282616e+00 6.73487890e+00 5.24152400e+00 4.18700500e+00 
6.96000000e+04 1.11948741e+01 8.77105089e+00 6.72414895e+00 5.23243333e+00 4.17943384e+00 
6.97000000e+04 1.11844313e+01 8.75929854e+00 6.71344618e+00 5.22336880e+00 4.17188591e+00 
6.98000000e+04 1.11739978e+01 8.74756907e+00 6.70277048e+00 5.21433030e+00 4.16436112e+00 
6.99000000e+04 1.11635737e+01 8.73586244e+00 6.69212179e+00 5.20531772e+00 4.15685936e+00 
7.00000000e+04 1.11531591e+01 8.72417860e+00 6.68150001e+00 5.19633098e+00 4.14938055e+00 
7.01000000e+04 1.11427539e+01 8.71251753e+00 6.67090506e+00 5.18736997e+00 4.14192459e+00 
7.02000000e+04 1.11323582e+01 8.70087916e+00 6.66033686e+00 5.17843459e+00 4.13449137e+00 
7.03000000e+04 1.11219720e+01 8.68926347e+00 6.64979531e+00 5.16952475e+00 4.12708081e+00 
7.04000000e+04 1.11115954e+01 8.67767041e+00 6.63928035e+00 5.16064035e+00 4.11969281e+00 
7.05000000e+04 1.11012284e+01 8.66609993e+00 6.62879188e+00 5.15178129e+00 4.11232728e+00 
7.06000000e+04 1.10908709e+01 8.65455200e+00 6.61832982e+00 5.14294748e+00 4.10498412e+00 
7.07000000e+04 1.10805231e+01 8.64302658e+00 6.60789408e+00 5.13413883e+00 4.09766324e+00 
7.08000000e+04 1.10701850e+01 8.63152361e+00 6.59748459e+00 5.12535522e+00 4.09036454e+00 
7.09000000e+04 1.10598565e+01 8.62004307e+00 6.58710127e+00 5.11659658e+00 4.08308794e+00 
7.10000000e+04 1.10495378e+01 8.60858491e+00 6.57674402e+00 5.10786280e+00 4.07583334e+00 
7.11000000e+04 1.10392287e+01 8.59714908e+00 6.56641277e+00 5.09915380e+00 4.06860066e+00 
7.12000000e+04 1.10289295e+01 8.58573554e+00 6.55610744e+00 5.09046947e+00 4.06138979e+00 
7.13000000e+04 1.10186400e+01 8.57434425e+00 6.54582794e+00 5.08180973e+00 4.05420065e+00 
7.14000000e+04 1.10083604e+01 8.56297517e+00 6.53557420e+00 5.07317447e+00 4.04703316e+00 
7.15000000e+04 1.09980906e+01 8.55162826e+00 6.52534613e+00 5.06456362e+00 4.03988721e+00 
7.16000000e+04 1.09878307e+01 8.54030347e+00 6.51514365e+00 5.05597708e+00 4.03276273e+00 
7.17000000e+04 1.09775806e+01 8.52900076e+00 6.50496668e+00 5.04741475e+00 4.02565961e+00 
7.18000000e+04 1.09673405e+01 8.51772009e+00 6.49481514e+00 5.03887654e+00 4.01857779e+00 
7.19000000e+04 1.09571102e+01 8.50646142e+00 6.48468896e+00 5.03036237e+00 4.01151716e+00 
7.20000000e+04 1.09468900e+01 8.49522470e+00 6.47458804e+00 5.02187214e+00 4.00447764e+00 
7.21000000e+04 1.09366797e+01 8.48400988e+00 6.46451232e+00 5.01340577e+00 3.99745914e+00 
7.22000000e+04 1.09264794e+01 8.47281694e+00 6.45446171e+00 5.00496315e+00 3.99046158e+00 
7.23000000e+04 1.09162892e+01 8.46164582e+00 6.44443614e+00 4.99654421e+00 3.98348487e+00 
7.24000000e+04 1.09061089e+01 8.45049649e+00 6.43443552e+00 4.98814886e+00 3.97652893e+00 
7.25000000e+04 1.08959388e+01 8.43936889e+00 6.42445977e+00 4.97977700e+00 3.96959366e+00 
7.26000000e+04 1.08857787e+01 8.42826299e+00 6.41450883e+00 4.97142856e+00 3.96267900e+00 
7.27000000e+04 1.08756288e+01 8.41717875e+00 6.40458261e+00 4.96310343e+00 3.95578484e+00 
7.28000000e+04 1.08654889e+01 8.40611612e+00 6.39468103e+00 4.95480153e+00 3.94891111e+00 
7.29000000e+04 1.08553592e+01 8.39507505e+00 6.38480402e+00 4.94652279e+00 3.94205773e+00 
7.30000000e+04 1.08452397e+01 8.38405551e+00 6.37495150e+00 4.93826710e+00 3.93522461e+00 
7.31000000e+04 1.08351303e+01 8.37305746e+00 6.36512339e+00 4.93003439e+00 3.92841167e+00 
7.32000000e+04 1.08250311e+01 8.36208085e+00 6.35531961e+00 4.92182457e+00 3.92161883e+00 
7.33000000e+04 1.08149422e+01 8.35112563e+00 6.34554009e+00 4.91363755e+00 3.91484600e+00 
7.34000000e+04 1.08048635e+01 8.34019177e+00 6.33578476e+00 4.90547324e+00 3.90809310e+00 
7.35000000e+04 1.07947950e+01 8.32927922e+00 6.32605354e+00 4.89733158e+00 3.90136006e+00 
7.36000000e+04 1.07847368e+01 8.31838794e+00 6.31634634e+00 4.88921246e+00 3.89464680e+00 
7.37000000e+04 1.07746889e+01 8.30751788e+00 6.30666311e+00 4.88111580e+00 3.88795322e+00 
7.38000000e+04 1.07646513e+01 8.29666901e+00 6.29700375e+00 4.87304153e+00 3.88127926e+00 
7.39000000e+04 1.07546240e+01 8.28584128e+00 6.28736820e+00 4.86498956e+00 3.87462484e+00 
7.40000000e+04 1.07446071e+01 8.27503465e+00 6.27775638e+00 4.85695980e+00 3.86798987e+00 
7.41000000e+04 1.07346005e+01 8.26424907e+00 6.26816822e+00 4.84895218e+00 3.86137427e+00 
7.42000000e+04 1.07246042e+01 8.25348450e+00 6.25860364e+00 4.84096661e+00 3.85477798e+00 
7.43000000e+04 1.07146184e+01 8.24274090e+00 6.24906258e+00 4.83300301e+00 3.84820091e+00 
7.44000000e+04 1.07046429e+01 8.23201823e+00 6.23954494e+00 4.82506130e+00 3.84164298e+00 
7.45000000e+04 1.06946779e+01 8.22131645e+00 6.23005067e+00 4.81714140e+00 3.83510412e+00 
7.46000000e+04 1.06847232e+01 8.21063550e+00 6.22057969e+00 4.80924323e+00 3.82858425e+00 
7.47000000e+04 1.06747790e+01 8.19997535e+00 6.21113193e+00 4.80136670e+00 3.82208330e+00 
7.48000000e+04 1.06648453e+01 8.18933596e+00 6.20170731e+00 4.79351174e+00 3.81560118e+00 
7.49000000e+04 1.06549220e+01 8.17871728e+00 6.19230576e+00 4.78567827e+00 3.80913783e+00 
7.50000000e+04 1.06450092e+01 8.16811926e+00 6.18292721e+00 4.77786620e+00 3.80269317e+00 
7.51000000e+04 1.06351069e+01 8.15754188e+00 6.17357159e+00 4.77007547e+00 3.79626712e+00 
7.52000000e+04 1.06252151e+01 8.14698508e+00 6.16423883e+00 4.76230599e+00 3.78985961e+00 
7.53000000e+04 1.06153338e+01 8.13644882e+00 6.15492884e+00 4.75455768e+00 3.78347057e+00 
7.54000000e+04 1.06054630e+01 8.12593306e+00 6.14564158e+00 4.74683047e+00 3.77709992e+00 
7.55000000e+04 1.05956028e+01 8.11543776e+00 6.13637695e+00 4.73912428e+00 3.77074759e+00 
7.56000000e+04 1.05857531e+01 8.10496286e+00 6.12713489e+00 4.73143903e+00 3.76441351e+00 
7.57000000e+04 1.05759140e+01 8.09450834e+00 6.11791534e+00 4.72377464e+00 3.75809760e+00 
7.58000000e+04 1.05660854e+01 8.08407415e+00 6.10871822e+00 4.71613105e+00 3.75179979e+00 
7.59000000e+04 1.05562674e+01 8.07366025e+00 6.09954345e+00 4.70850816e+00 3.74552002e+00 
7.60000000e+04 1.05464601e+01 8.06326658e+00 6.09039098e+00 4.70090591e+00 3.73925820e+00 
7.61000000e+04 1.05366633e+01 8.05289312e+00 6.08126073e+00 4.69332423e+00 3.73301428e+00 
7.62000000e+04 1.05268771e+01 8.04253982e+00 6.07215264e+00 4.68576302e+00 3.72678817e+00 
7.63000000e+04 1.05171016e+01 8.03220663e+00 6.06306662e+00 4.67822223e+00 3.72057981e+00 
7.64000000e+04 1.05073367e+01 8.02189351e+00 6.05400262e+00 4.67070178e+00 3.71438912e+00 
7.65000000e+04 1.04975824e+01 8.01160043e+00 6.04496057e+00 4.66320159e+00 3.70821605e+00 
7.66000000e+04 1.04878388e+01 8.00132733e+00 6.03594039e+00 4.65572159e+00 3.70206051e+00 
7.67000000e+04 1.04781058e+01 7.99107418e+00 6.02694202e+00 4.64826171e+00 3.69592244e+00 
7.68000000e+04 1.04683835e+01 7.98084093e+00 6.01796540e+00 4.64082187e+00 3.68980177e+00 
7.69000000e+04 1.04586719e+01 7.97062754e+00 6.00901044e+00 4.63340199e+00 3.68369844e+00 
7.70000000e+04 1.04489709e+01 7.96043398e+00 6.00007710e+00 4.62600202e+00 3.67761237e+00 
7.71000000e+04 1.04392807e+01 7.95026018e+00 5.99116529e+00 4.61862187e+00 3.67154350e+00 
7.72000000e+04 1.04296011e+01 7.94010613e+00 5.98227495e+00 4.61126148e+00 3.66549176e+00 
7.73000000e+04 1.04199323e+01 7.92997176e+00 5.97340603e+00 4.60392076e+00 3.65945709e+00 
7.74000000e+04 1.04102742e+01 7.91985705e+00 5.96455843e+00 4.59659966e+00 3.65343941e+00 
7.75000000e+04 1.04006267e+01 7.90976195e+00 5.95573212e+00 4.58929810e+00 3.64743866e+00 
7.76000000e+04 1.03909900e+01 7.89968641e+00 5.94692701e+00 4.58201601e+00 3.64145477e+00 
7.77000000e+04 1.03813641e+01 7.88963039e+00 5.93814304e+00 4.57475332e+00 3.63548769e+00 
7.78000000e+04 1.03717489e+01 7.87959386e+00 5.92938014e+00 4.56750995e+00 3.62953734e+00 
7.79000000e+04 1.03621444e+01 7.86957677e+00 5.92063826e+00 4.56028585e+00 3.62360365e+00 
7.80000000e+04 1.03525506e+01 7.85957907e+00 5.91191732e+00 4.55308094e+00 3.61768658e+00 
7.81000000e+04 1.03429677e+01 7.84960073e+00 5.90321726e+00 4.54589514e+00 3.61178604e+00 
7.82000000e+04 1.03333955e+01 7.83964171e+00 5.89453801e+00 4.53872840e+00 3.60590197e+00 
7.83000000e+04 1.03238340e+01 7.82970196e+00 5.88587952e+00 4.53158065e+00 3.60003432e+00 
7.84000000e+04 1.03142833e+01 7.81978144e+00 5.87724171e+00 4.52445181e+00 3.59418302e+00 
7.85000000e+04 1.03047434e+01 7.80988011e+00 5.86862452e+00 4.51734182e+00 3.58834800e+00 
7.86000000e+04 1.02952143e+01 7.79999793e+00 5.86002789e+00 4.51025061e+00 3.58252921e+00 
7.87000000e+04 1.02856960e+01 7.79013486e+00 5.85145176e+00 4.50317811e+00 3.57672657e+00 
7.88000000e+04 1.02761884e+01 7.78029085e+00 5.84289606e+00 4.49612426e+00 3.57094004e+00 
7.89000000e+04 1.02666917e+01 7.77046586e+00 5.83436073e+00 4.48908899e+00 3.56516954e+00 
7.90000000e+04 1.02572057e+01 7.76065986e+00 5.82584570e+00 4.48207223e+00 3.55941501e+00 
7.91000000e+04 1.02477306e+01 7.75087279e+00 5.81735092e+00 4.47507392e+00 3.55367640e+00 
7.92000000e+04 1.02382662e+01 7.74110463e+00 5.80887631e+00 4.46809399e+00 3.54795364e+00 
7.93000000e+04 1.02288127e+01 7.73135532e+00 5.80042182e+00 4.46113238e+00 3.54224667e+00 
7.94000000e+04 1.02193700e+01 7.72162483e+00 5.79198739e+00 4.45418902e+00 3.53655543e+00 
7.95000000e+04 1.02099380e+01 7.71191312e+00 5.78357296e+00 4.44726384e+00 3.53087986e+00 
7.96000000e+04 1.02005169e+01 7.70222014e+00 5.77517845e+00 4.44035678e+00 3.52521990e+00 
7.97000000e+04 1.01911067e+01 7.69254585e+00 5.76680382e+00 4.43346778e+00 3.51957550e+00 
7.98000000e+04 1.01817072e+01 7.68289022e+00 5.75844900e+00 4.42659678e+00 3.51394658e+00 
7.99000000e+04 1.01723186e+01 7.67325319e+00 5.75011392e+00 4.41974370e+00 3.50833310e+00 
8.00000000e+04 1.01629408e+01 7.66363474e+00 5.74179854e+00 4.41290849e+00 3.50273500e+00 
8.01000000e+04 1.01535738e+01 7.65403482e+00 5.73350278e+00 4.40609108e+00 3.49715221e+00 
8.02000000e+04 1.01442176e+01 7.64445338e+00 5.72522659e+00 4.39929140e+00 3.49158467e+00 
8.03000000e+04 1.01348723e+01 7.63489040e+00 5.71696990e+00 4.39250941e+00 3.48603234e+00 
8.04000000e+04 1.01255378e+01 7.62534582e+00 5.70873266e+00 4.38574503e+00 3.48049515e+00 
8.05000000e+04 1.01162141e+01 7.61581960e+00 5.70051481e+00 4.37899820e+00 3.47497305e+00 
8.06000000e+04 1.01069013e+01 7.60631172e+00 5.69231629e+00 4.37226885e+00 3.46946597e+00 
8.07000000e+04 1.00975993e+01 7.59682212e+00 5.68413703e+00 4.36555694e+00 3.46397386e+00 
8.08000000e+04 1.00883082e+01 7.58735076e+00 5.67597698e+00 4.35886239e+00 3.45849667e+00 
8.09000000e+04 1.00790279e+01 7.57789761e+00 5.66783609e+00 4.35218515e+00 3.45303434e+00 
8.10000000e+04 1.00697584e+01 7.56846263e+00 5.65971428e+00 4.34552516e+00 3.44758680e+00 
8.11000000e+04 1.00604998e+01 7.55904576e+00 5.65161151e+00 4.33888234e+00 3.44215402e+00 
8.12000000e+04 1.00512520e+01 7.54964698e+00 5.64352771e+00 4.33225665e+00 3.43673593e+00 
8.13000000e+04 1.00420150e+01 7.54026625e+00 5.63546283e+00 4.32564803e+00 3.43133247e+00 
8.14000000e+04 1.00327889e+01 7.53090352e+00 5.62741681e+00 4.31905640e+00 3.42594359e+00 
8.15000000e+04 1.00235736e+01 7.52155875e+00 5.61938959e+00 4.31248172e+00 3.42056924e+00 
8.16000000e+04 1.00143691e+01 7.51223191e+00 5.61138111e+00 4.30592393e+00 3.41520936e+00 
8.17000000e+04 1.00051755e+01 7.50292294e+00 5.60339132e+00 4.29938296e+00 3.40986390e+00 
8.18000000e+04 9.99599273e+00 7.49363183e+00 5.59542016e+00 4.29285876e+00 3.40453281e+00 
8.19000000e+04 9.98682078e+00 7.48435851e+00 5.58746757e+00 4.28635126e+00 3.39921602e+00 
8.20000000e+04 9.97765967e+00 7.47510296e+00 5.57953349e+00 4.27986042e+00 3.39391349e+00 
8.21000000e+04 9.96850939e+00 7.46586514e+00 5.57161788e+00 4.27338617e+00 3.38862517e+00 
8.22000000e+04 9.95936994e+00 7.45664500e+00 5.56372067e+00 4.26692845e+00 3.38335099e+00 
8.23000000e+04 9.95024132e+00 7.44744251e+00 5.55584180e+00 4.26048721e+00 3.37809091e+00 
8.24000000e+04 9.94112353e+00 7.43825762e+00 5.54798122e+00 4.25406238e+00 3.37284488e+00 
8.25000000e+04 9.93201657e+00 7.42909029e+00 5.54013888e+00 4.24765392e+00 3.36761284e+00 
8.26000000e+04 9.92292043e+00 7.41994050e+00 5.53231472e+00 4.24126177e+00 3.36239475e+00 
8.27000000e+04 9.91383512e+00 7.41080819e+00 5.52450868e+00 4.23488586e+00 3.35719054e+00 
8.28000000e+04 9.90476062e+00 7.40169333e+00 5.51672071e+00 4.22852615e+00 3.35200017e+00 
8.29000000e+04 9.89569695e+00 7.39259588e+00 5.50895076e+00 4.22218257e+00 3.34682359e+00 
8.30000000e+04 9.88664409e+00 7.38351580e+00 5.50119876e+00 4.21585507e+00 3.34166075e+00 
8.31000000e+04 9.87760205e+00 7.37445305e+00 5.49346467e+00 4.20954359e+00 3.33651159e+00 
8.32000000e+04 9.86857081e+00 7.36540760e+00 5.48574843e+00 4.20324809e+00 3.33137606e+00 
8.33000000e+04 9.85955039e+00 7.35637940e+00 5.47804999e+00 4.19696850e+00 3.32625412e+00 
8.34000000e+04 9.85054077e+00 7.34736841e+00 5.47036928e+00 4.19070477e+00 3.32114572e+00 
8.35000000e+04 9.84154195e+00 7.33837460e+00 5.46270627e+00 4.18445684e+00 3.31605080e+00 
8.36000000e+04 9.83255394e+00 7.32939792e+00 5.45506089e+00 4.17822466e+00 3.31096931e+00 
8.37000000e+04 9.82357672e+00 7.32043834e+00 5.44743309e+00 4.17200818e+00 3.30590122e+00 
8.38000000e+04 9.81461029e+00 7.31149583e+00 5.43982282e+00 4.16580734e+00 3.30084646e+00 
8.39000000e+04 9.80565465e+00 7.30257033e+00 5.43223002e+00 4.15962209e+00 3.29580498e+00 
8.40000000e+04 9.79670980e+00 7.29366182e+00 5.42465465e+00 4.15345237e+00 3.29077675e+00 
8.41000000e+04 9.78777574e+00 7.28477025e+00 5.41709665e+00 4.14729813e+00 3.28576171e+00 
8.42000000e+04 9.77885245e+00 7.27589559e+00 5.40955596e+00 4.14115932e+00 3.28075981e+00 
8.43000000e+04 9.76993994e+00 7.26703779e+00 5.40203254e+00 4.13503589e+00 3.27577100e+00 
8.44000000e+04 9.76103820e+00 7.25819683e+00 5.39452633e+00 4.12892778e+00 3.27079524e+00 
8.45000000e+04 9.75214723e+00 7.24937266e+00 5.38703728e+00 4.12283494e+00 3.26583249e+00 
8.46000000e+04 9.74326702e+00 7.24056524e+00 5.37956533e+00 4.11675731e+00 3.26088268e+00 
8.47000000e+04 9.73439757e+00 7.23177454e+00 5.37211045e+00 4.11069485e+00 3.25594578e+00 
8.48000000e+04 9.72553887e+00 7.22300051e+00 5.36467257e+00 4.10464751e+00 3.25102174e+00 
8.49000000e+04 9.71669093e+00 7.21424313e+00 5.35725165e+00 4.09861523e+00 3.24611051e+00 
8.50000000e+04 9.70785373e+00 7.20550235e+00 5.34984763e+00 4.09259795e+00 3.24121204e+00 
8.51000000e+04 9.69902727e+00 7.19677813e+00 5.34246046e+00 4.08659564e+00 3.23632630e+00 
8.52000000e+04 9.69021155e+00 7.18807044e+00 5.33509009e+00 4.08060824e+00 3.23145322e+00 
8.53000000e+04 9.68140656e+00 7.17937924e+00 5.32773647e+00 4.07463570e+00 3.22659278e+00 
8.54000000e+04 9.67261229e+00 7.17070449e+00 5.32039956e+00 4.06867796e+00 3.22174491e+00 
8.55000000e+04 9.66382875e+00 7.16204616e+00 5.31307930e+00 4.06273498e+00 3.21690958e+00 
8.56000000e+04 9.65505592e+00 7.15340421e+00 5.30577563e+00 4.05680671e+00 3.21208674e+00 
8.57000000e+04 9.64629380e+00 7.14477859e+00 5.29848852e+00 4.05089310e+00 3.20727635e+00 
8.58000000e+04 9.63754239e+00 7.13616928e+00 5.29121791e+00 4.04499409e+00 3.20247836e+00 
8.59000000e+04 9.62880168e+00 7.12757624e+00 5.28396375e+00 4.03910964e+00 3.19769272e+00 
8.60000000e+04 9.62007167e+00 7.11899942e+00 5.27672600e+00 4.03323970e+00 3.19291940e+00 
8.61000000e+04 9.61135234e+00 7.11043880e+00 5.26950459e+00 4.02738423e+00 3.18815834e+00 
8.62000000e+04 9.60264369e+00 7.10189433e+00 5.26229949e+00 4.02154316e+00 3.18340951e+00 
8.63000000e+04 9.59394573e+00 7.09336598e+00 5.25511065e+00 4.01571646e+00 3.17867286e+00 
8.64000000e+04 9.58525843e+00 7.08485371e+00 5.24793802e+00 4.00990407e+00 3.17394834e+00 
8.65000000e+04 9.57658180e+00 7.07635749e+00 5.24078154e+00 4.00410594e+00 3.16923592e+00 
8.66000000e+04 9.56791584e+00 7.06787727e+00 5.23364117e+00 3.99832204e+00 3.16453555e+00 
8.67000000e+04 9.55926052e+00 7.05941303e+00 5.22651687e+00 3.99255230e+00 3.15984719e+00 
8.68000000e+04 9.55061585e+00 7.05096472e+00 5.21940858e+00 3.98679669e+00 3.15517078e+00 
8.69000000e+04 9.54198182e+00 7.04253232e+00 5.21231625e+00 3.98105516e+00 3.15050630e+00 
8.70000000e+04 9.53335843e+00 7.03411577e+00 5.20523985e+00 3.97532765e+00 3.14585370e+00 
8.71000000e+04 9.52474566e+00 7.02571506e+00 5.19817932e+00 3.96961412e+00 3.14121294e+00 
8.72000000e+04 9.51614352e+00 7.01733013e+00 5.19113461e+00 3.96391453e+00 3.13658397e+00 
8.73000000e+04 9.50755199e+00 7.00896096e+00 5.18410568e+00 3.95822882e+00 3.13196675e+00 
8.74000000e+04 9.49897107e+00 7.00060750e+00 5.17709247e+00 3.95255696e+00 3.12736125e+00 
8.75000000e+04 9.49040075e+00 6.99226973e+00 5.17009496e+00 3.94689889e+00 3.12276741e+00 
8.76000000e+04 9.48184103e+00 6.98394761e+00 5.16311308e+00 3.94125457e+00 3.11818521e+00 
8.77000000e+04 9.47329189e+00 6.97564109e+00 5.15614678e+00 3.93562395e+00 3.11361459e+00 
8.78000000e+04 9.46475333e+00 6.96735016e+00 5.14919604e+00 3.93000699e+00 3.10905552e+00 
8.79000000e+04 9.45622535e+00 6.95907476e+00 5.14226079e+00 3.92440364e+00 3.10450795e+00 
8.80000000e+04 9.44770794e+00 6.95081486e+00 5.13534099e+00 3.91881386e+00 3.09997185e+00 
8.81000000e+04 9.43920108e+00 6.94257044e+00 5.12843660e+00 3.91323760e+00 3.09544717e+00 
8.82000000e+04 9.43070477e+00 6.93434144e+00 5.12154757e+00 3.90767482e+00 3.09093388e+00 
8.83000000e+04 9.42221901e+00 6.92612785e+00 5.11467386e+00 3.90212546e+00 3.08643193e+00 
8.84000000e+04 9.41374379e+00 6.91792962e+00 5.10781541e+00 3.89658950e+00 3.08194128e+00 
8.85000000e+04 9.40527910e+00 6.90974671e+00 5.10097219e+00 3.89106688e+00 3.07746191e+00 
8.86000000e+04 9.39682492e+00 6.90157910e+00 5.09414415e+00 3.88555755e+00 3.07299375e+00 
8.87000000e+04 9.38838127e+00 6.89342675e+00 5.08733124e+00 3.88006148e+00 3.06853679e+00 
8.88000000e+04 9.37994811e+00 6.88528962e+00 5.08053343e+00 3.87457862e+00 3.06409097e+00 
8.89000000e+04 9.37152546e+00 6.87716767e+00 5.07375066e+00 3.86910893e+00 3.05965625e+00 
8.90000000e+04 9.36311330e+00 6.86906088e+00 5.06698289e+00 3.86365236e+00 3.05523261e+00 
8.91000000e+04 9.35471162e+00 6.86096921e+00 5.06023007e+00 3.85820888e+00 3.05082000e+00 
8.92000000e+04 9.34632042e+00 6.85289262e+00 5.05349217e+00 3.85277842e+00 3.04641838e+00 
8.93000000e+04 9.33793968e+00 6.84483107e+00 5.04676914e+00 3.84736097e+00 3.04202772e+00 
8.94000000e+04 9.32956941e+00 6.83678455e+00 5.04006094e+00 3.84195646e+00 3.03764797e+00 
8.95000000e+04 9.32120958e+00 6.82875300e+00 5.03336751e+00 3.83656487e+00 3.03327909e+00 
8.96000000e+04 9.31286020e+00 6.82073640e+00 5.02668883e+00 3.83118614e+00 3.02892106e+00 
8.97000000e+04 9.30452125e+00 6.81273471e+00 5.02002483e+00 3.82582023e+00 3.02457383e+00 
8.98000000e+04 9.29619273e+00 6.80474789e+00 5.01337549e+00 3.82046711e+00 3.02023737e+00 
8.99000000e+04 9.28787462e+00 6.79677592e+00 5.00674076e+00 3.81512672e+00 3.01591163e+00 
9.00000000e+04 9.27956693e+00 6.78881876e+00 5.00012060e+00 3.80979904e+00 3.01159659e+00 
9.01000000e+04 9.27126963e+00 6.78087637e+00 4.99351495e+00 3.80448401e+00 3.00729220e+00 
9.02000000e+04 9.26298273e+00 6.77294872e+00 4.98692379e+00 3.79918160e+00 3.00299842e+00 
9.03000000e+04 9.25470621e+00 6.76503578e+00 4.98034707e+00 3.79389176e+00 2.99871522e+00 
9.04000000e+04 9.24644007e+00 6.75713752e+00 4.97378474e+00 3.78861445e+00 2.99444257e+00 
9.05000000e+04 9.23818429e+00 6.74925389e+00 4.96723676e+00 3.78334964e+00 2.99018043e+00 
9.06000000e+04 9.22993887e+00 6.74138487e+00 4.96070310e+00 3.77809728e+00 2.98592876e+00 
9.07000000e+04 9.22170379e+00 6.73353042e+00 4.95418370e+00 3.77285733e+00 2.98168752e+00 
9.08000000e+04 9.21347906e+00 6.72569051e+00 4.94767854e+00 3.76762975e+00 2.97745668e+00 
9.09000000e+04 9.20526466e+00 6.71786510e+00 4.94118756e+00 3.76241450e+00 2.97323621e+00 
9.10000000e+04 9.19706058e+00 6.71005417e+00 4.93471072e+00 3.75721154e+00 2.96902606e+00 
9.11000000e+04 9.18886681e+00 6.70225768e+00 4.92824799e+00 3.75202083e+00 2.96482621e+00 
9.12000000e+04 9.18068335e+00 6.69447559e+00 4.92179932e+00 3.74684233e+00 2.96063661e+00 
9.13000000e+04 9.17251018e+00 6.68670787e+00 4.91536468e+00 3.74167601e+00 2.95645724e+00 
9.14000000e+04 9.16434730e+00 6.67895450e+00 4.90894401e+00 3.73652181e+00 2.95228806e+00 
9.15000000e+04 9.15619469e+00 6.67121543e+00 4.90253729e+00 3.73137971e+00 2.94812902e+00 
9.16000000e+04 9.14805235e+00 6.66349064e+00 4.89614446e+00 3.72624966e+00 2.94398011e+00 
9.17000000e+04 9.13992026e+00 6.65578008e+00 4.88976550e+00 3.72113162e+00 2.93984128e+00 
9.18000000e+04 9.13179843e+00 6.64808374e+00 4.88340035e+00 3.71602556e+00 2.93571250e+00 
9.19000000e+04 9.12368683e+00 6.64040157e+00 4.87704898e+00 3.71093144e+00 2.93159373e+00 
9.20000000e+04 9.11558546e+00 6.63273354e+00 4.87071135e+00 3.70584921e+00 2.92748495e+00 
9.21000000e+04 9.10749431e+00 6.62507962e+00 4.86438742e+00 3.70077885e+00 2.92338611e+00 
9.22000000e+04 9.09941338e+00 6.61743979e+00 4.85807715e+00 3.69572031e+00 2.91929719e+00 
9.23000000e+04 9.09134264e+00 6.60981399e+00 4.85178050e+00 3.69067355e+00 2.91521815e+00 
9.24000000e+04 9.08328209e+00 6.60220222e+00 4.84549743e+00 3.68563853e+00 2.91114895e+00 
9.25000000e+04 9.07523173e+00 6.59460442e+00 4.83922791e+00 3.68061523e+00 2.90708957e+00 
9.26000000e+04 9.06719153e+00 6.58702057e+00 4.83297188e+00 3.67560359e+00 2.90303997e+00 
9.27000000e+04 9.05916150e+00 6.57945064e+00 4.82672931e+00 3.67060359e+00 2.89900011e+00 
9.28000000e+04 9.05114162e+00 6.57189459e+00 4.82050018e+00 3.66561519e+00 2.89496997e+00 
9.29000000e+04 9.04313188e+00 6.56435240e+00 4.81428442e+00 3.66063834e+00 2.89094951e+00 
9.30000000e+04 9.03513228e+00 6.55682403e+00 4.80808201e+00 3.65567301e+00 2.88693870e+00 
9.31000000e+04 9.02714280e+00 6.54930945e+00 4.80189291e+00 3.65071917e+00 2.88293750e+00 
9.32000000e+04 9.01916343e+00 6.54180862e+00 4.79571708e+00 3.64577678e+00 2.87894589e+00 
9.33000000e+04 9.01119416e+00 6.53432153e+00 4.78955449e+00 3.64084580e+00 2.87496383e+00 
9.34000000e+04 9.00323498e+00 6.52684812e+00 4.78340508e+00 3.63592620e+00 2.87099130e+00 
9.35000000e+04 8.99528589e+00 6.51938839e+00 4.77726883e+00 3.63101793e+00 2.86702825e+00 
9.36000000e+04 8.98734686e+00 6.51194228e+00 4.77114570e+00 3.62612097e+00 2.86307465e+00 
9.37000000e+04 8.97941791e+00 6.50450977e+00 4.76503565e+00 3.62123528e+00 2.85913048e+00 
9.38000000e+04 8.97149900e+00 6.49709083e+00 4.75893864e+00 3.61636081e+00 2.85519571e+00 
9.39000000e+04 8.96359013e+00 6.48968544e+00 4.75285464e+00 3.61149755e+00 2.85127029e+00 
9.40000000e+04 8.95569130e+00 6.48229354e+00 4.74678360e+00 3.60664544e+00 2.84735421e+00 
9.41000000e+04 8.94780248e+00 6.47491513e+00 4.74072549e+00 3.60180445e+00 2.84344743e+00 
9.42000000e+04 8.93992368e+00 6.46755016e+00 4.73468028e+00 3.59697456e+00 2.83954991e+00 
9.43000000e+04 8.93205488e+00 6.46019860e+00 4.72864793e+00 3.59215572e+00 2.83566163e+00 
9.44000000e+04 8.92419606e+00 6.45286043e+00 4.72262839e+00 3.58734790e+00 2.83178256e+00 
9.45000000e+04 8.91634723e+00 6.44553561e+00 4.71662164e+00 3.58255106e+00 2.82791267e+00 
9.46000000e+04 8.90850837e+00 6.43822411e+00 4.71062763e+00 3.57776518e+00 2.82405192e+00 
9.47000000e+04 8.90067946e+00 6.43092590e+00 4.70464634e+00 3.57299021e+00 2.82020029e+00 
9.48000000e+04 8.89286051e+00 6.42364096e+00 4.69867771e+00 3.56822612e+00 2.81635774e+00 
9.49000000e+04 8.88505149e+00 6.41636924e+00 4.69272173e+00 3.56347288e+00 2.81252425e+00 
9.50000000e+04 8.87725240e+00 6.40911072e+00 4.68677835e+00 3.55873045e+00 2.80869978e+00 
9.51000000e+04 8.86946322e+00 6.40186538e+00 4.68084753e+00 3.55399879e+00 2.80488431e+00 
9.52000000e+04 8.86168395e+00 6.39463317e+00 4.67492924e+00 3.54927789e+00 2.80107780e+00 
9.53000000e+04 8.85391458e+00 6.38741407e+00 4.66902345e+00 3.54456769e+00 2.79728024e+00 
9.54000000e+04 8.84615509e+00 6.38020806e+00 4.66313011e+00 3.53986817e+00 2.79349158e+00 
9.55000000e+04 8.83840547e+00 6.37301509e+00 4.65724920e+00 3.53517929e+00 2.78971179e+00 
9.56000000e+04 8.83066572e+00 6.36583514e+00 4.65138068e+00 3.53050103e+00 2.78594086e+00 
9.57000000e+04 8.82293582e+00 6.35866818e+00 4.64552451e+00 3.52583334e+00 2.78217874e+00 
9.58000000e+04 8.81521576e+00 6.35151418e+00 4.63968065e+00 3.52117619e+00 2.77842541e+00 
9.59000000e+04 8.80750554e+00 6.34437311e+00 4.63384908e+00 3.51652956e+00 2.77468085e+00 
9.60000000e+04 8.79980513e+00 6.33724494e+00 4.62802976e+00 3.51189340e+00 2.77094502e+00 
9.61000000e+04 8.79211453e+00 6.33012964e+00 4.62222265e+00 3.50726769e+00 2.76721789e+00 
9.62000000e+04 8.78443373e+00 6.32302718e+00 4.61642772e+00 3.50265240e+00 2.76349944e+00 
9.63000000e+04 8.77676272e+00 6.31593753e+00 4.61064493e+00 3.49804748e+00 2.75978964e+00 
9.64000000e+04 8.76910149e+00 6.30886067e+00 4.60487426e+00 3.49345291e+00 2.75608845e+00 
9.65000000e+04 8.76145001e+00 6.30179656e+00 4.59911566e+00 3.48886866e+00 2.75239586e+00 
9.66000000e+04 8.75380830e+00 6.29474517e+00 4.59336910e+00 3.48429469e+00 2.74871183e+00 
9.67000000e+04 8.74617633e+00 6.28770648e+00 4.58763454e+00 3.47973097e+00 2.74503634e+00 
9.68000000e+04 8.73855409e+00 6.28068045e+00 4.58191196e+00 3.47517748e+00 2.74136935e+00 
9.69000000e+04 8.73094157e+00 6.27366706e+00 4.57620132e+00 3.47063417e+00 2.73771084e+00 
9.70000000e+04 8.72333876e+00 6.26666627e+00 4.57050259e+00 3.46610102e+00 2.73406079e+00 
9.71000000e+04 8.71574565e+00 6.25967807e+00 4.56481573e+00 3.46157799e+00 2.73041916e+00 
9.72000000e+04 8.70816223e+00 6.25270241e+00 4.55914071e+00 3.45706506e+00 2.72678593e+00 
9.73000000e+04 8.70058849e+00 6.24573928e+00 4.55347749e+00 3.45256219e+00 2.72316107e+00 
9.74000000e+04 8.69302441e+00 6.23878864e+00 4.54782605e+00 3.44806935e+00 2.71954455e+00 
9.75000000e+04 8.68546999e+00 6.23185046e+00 4.54218634e+00 3.44358651e+00 2.71593634e+00 
9.76000000e+04 8.67792521e+00 6.22492472e+00 4.53655835e+00 3.43911364e+00 2.71233643e+00 
9.77000000e+04 8.67039007e+00 6.21801138e+00 4.53094202e+00 3.43465072e+00 2.70874478e+00 
9.78000000e+04 8.66286454e+00 6.21111043e+00 4.52533734e+00 3.43019770e+00 2.70516137e+00 
9.79000000e+04 8.65534863e+00 6.20422182e+00 4.51974427e+00 3.42575455e+00 2.70158616e+00 
9.80000000e+04 8.64784231e+00 6.19734553e+00 4.51416277e+00 3.42132126e+00 2.69801914e+00 
9.81000000e+04 8.64034558e+00 6.19048154e+00 4.50859281e+00 3.41689778e+00 2.69446028e+00 
9.82000000e+04 8.63285843e+00 6.18362982e+00 4.50303437e+00 3.41248409e+00 2.69090954e+00 
9.83000000e+04 8.62538084e+00 6.17679033e+00 4.49748740e+00 3.40808016e+00 2.68736691e+00 
9.84000000e+04 8.61791281e+00 6.16996305e+00 4.49195188e+00 3.40368596e+00 2.68383236e+00 
9.85000000e+04 8.61045431e+00 6.16314795e+00 4.48642778e+00 3.39930145e+00 2.68030586e+00 
9.86000000e+04 8.60300535e+00 6.15634501e+00 4.48091505e+00 3.39492661e+00 2.67678739e+00 
9.87000000e+04 8.59556591e+00 6.14955419e+00 4.47541368e+00 3.39056141e+00 2.67327692e+00 
9.88000000e+04 8.58813598e+00 6.14277547e+00 4.46992363e+00 3.38620582e+00 2.66977443e+00 
9.89000000e+04 8.58071554e+00 6.13600882e+00 4.46444487e+00 3.38185980e+00 2.66627988e+00 
9.90000000e+04 8.57330459e+00 6.12925422e+00 4.45897736e+00 3.37752334e+00 2.66279326e+00 
9.91000000e+04 8.56590311e+00 6.12251163e+00 4.45352108e+00 3.37319640e+00 2.65931454e+00 
9.92000000e+04 8.55851109e+00 6.11578102e+00 4.44807599e+00 3.36887895e+00 2.65584370e+00 
9.93000000e+04 8.55112853e+00 6.10906238e+00 4.44264207e+00 3.36457096e+00 2.65238070e+00 
9.94000000e+04 8.54375540e+00 6.10235567e+00 4.43721928e+00 3.36027241e+00 2.64892553e+00 
9.95000000e+04 8.53639170e+00 6.09566087e+00 4.43180758e+00 3.35598326e+00 2.64547815e+00 
9.96000000e+04 8.52903742e+00 6.08897795e+00 4.42640696e+00 3.35170350e+00 2.64203856e+00 
9.97000000e+04 8.52169255e+00 6.08230688e+00 4.42101738e+00 3.34743307e+00 2.63860671e+00 
9.98000000e+04 8.51435706e+00 6.07564763e+00 4.41563880e+00 3.34317197e+00 2.63518258e+00 
9.99000000e+04 8.50703096e+00 6.06900019e+00 4.41027121e+00 3.33892017e+00 2.63176616e+00 
1.00000000e+05 8.49971423e+00 6.06236451e+00 4.40491456e+00 3.33467762e+00 2.62835742e+00 
