# Percentage of CO Contained in Each Group
9.9996559738e-01
3.4401274498e-05
1.3455695581e-09
5.9803470306e-14
3.0185235655e-18
1.7293615342e-22
1.1240586532e-26
8.2852130587e-31
6.9220886836e-35
6.5524902488e-39
7.0247456196e-43
8.5257859557e-47
1.1709644818e-50
1.8192190056e-54
3.1958112495e-58
6.3453317429e-62
1.4233840342e-65
3.6057696138e-69
1.0310777791e-72
3.3266349118e-76
1.2104317502e-79
4.9646717598e-83
2.2942936223e-86
1.1928884810e-89
1.1948849488e-29
7.6854807381e-34
5.6163367203e-38
4.6607347719e-42
4.3900873952e-46
4.6916359823e-50
5.6863476589e-54
7.8131423445e-58
1.2165701108e-61
2.1459120405e-65
4.2863461377e-69
9.6916261429e-73
2.4795885326e-76
7.1757369803e-80
2.3478796656e-83
8.6822930855e-87
3.6269644760e-90
1.6746129097e-93
2.6533272692e-92
9.1269959205e-97
2.8169273894e-101
1.1929035071e-105
3.4921233547e-110
3.4828895536e-114
3.7517631235e-118
3.6888279349e-122
3.1620396177e-126
1.1004575091e-129
3.4986893363e-133
8.4730405522e-137
2.9331776962e-140
2.4219816391e-143
2.1933932291e-146
2.3092561547e-149
1.6923424822e-152
5.4505073594e-155
1.2020707025e-157
2.9258914987e-160
9.8266032643e-163
6.9155475892e-165
5.2540967062e-167
4.2465272995e-169
3.4116683808e-171
7.7207713539e-173
1.8080660530e-174
4.4933603388e-176
1.0261778784e-177
7.2927822303e-179
5.2114303971e-180
3.9851821033e-181
2.5314381364e-182
5.4438154643e-183
1.2003196297e-183
3.0335112596e-184
3.2580697236e-185
2.3696001394e-185
1.9100864921e-185
1.8022573355e-185
2.4083962177e-185
