# Percentage of N2 Contained in Each Group
8.5426086999e-87
5.3533747372e-94
3.9289950827e-163
9.3684082217e-86
2.3931526933e-167
7.0561305616e-95
1.2822208680e-159
2.4108409697e-156
6.2273969825e-149
2.6141100994e-148
1.2019629838e-138
1.9844231941e-90
9.8480863503e-203
4.7275852795e-202
1.2298747096e-100
1.3862365067e-32
2.8986869792e-36
1.8299709978e-133
1.6451413397e-75
9.8501066423e-123
4.2608143362e-120
2.6287466503e-104
2.7307974662e-59
2.2570606800e-67
6.6665677251e-01
3.3332893357e-01
8.5281470204e-83
1.0722429690e-113
4.7645600891e-06
9.5291255725e-06
2.8386963518e-162
7.7843522322e-11
2.9091516860e-15
1.4545766109e-15
6.2207244482e-20
1.5568735650e-10
1.6807251341e-97
1.5230333325e-24
5.7897033434e-51
2.5305610173e-38
1.0387256856e-46
1.3730964030e-33
3.1103706185e-20
6.8654901626e-34
2.8948412454e-51
3.7080877404e-55
4.2716140244e-29
1.8540459248e-55
1.1567199843e-63
2.1401321952e-42
5.0611278548e-38
1.0700682610e-42
1.3652839024e-59
1.2685195763e-71
1.1284045171e-67
7.7397834651e-111
7.6151768542e-25
2.1358068872e-29
5.1936200295e-47
4.9257848089e-79
3.2897793481e-75
