# Percentage of N2 Contained in Each Group
9.9998727745e-01
1.2722360554e-05
1.8559952273e-10
3.1086071575e-15
5.9840533188e-20
1.3250919869e-24
3.3777015516e-29
9.9164201626e-34
3.3544058172e-38
1.3077427614e-42
5.8769154443e-47
3.0446880243e-51
1.8185687470e-55
1.2523674799e-59
9.9444419482e-64
9.1059362089e-68
9.6171922857e-72
1.1720284186e-75
5.5397783909e-28
1.2562784199e-32
3.2697501385e-37
9.7819641767e-42
3.3676396203e-46
1.3354747651e-50
3.2176431149e-59
1.3732069013e-67
1.0401413226e-75
1.3764365977e-81
1.7026762940e-89
2.3996093188e-97
2.2003788786e-104
3.4785685764e-111
1.8786400383e-117
1.3094468986e-123
2.3514883838e-127
4.2694920851e-131
1.3586791870e-134
2.1403655129e-137
1.5948215553e-140
1.0542148972e-143
3.2896286032e-146
1.1973663973e-148
5.9065399918e-151
7.2452315494e-153
8.5758018192e-155
9.0306864586e-157
4.4074865846e-158
1.8669347517e-159
7.1151806113e-161
1.3379760435e-161
2.5384724995e-162
2.4154545849e-163
1.5770967402e-163
1.3218604593e-163
