# Percentage of NO Contained in Each Group
9.9987010339e-01
1.2987710370e-04
1.9500738818e-08
3.3644456798e-12
6.6374602707e-16
1.4915005546e-19
3.8060240812e-23
1.1005053721e-26
3.6003223339e-30
1.3315487812e-33
5.5657903481e-37
2.6300320397e-40
1.4059576180e-43
8.5124826087e-47
5.8504322171e-50
3.4787695038e-19
7.6703407665e-23
1.9264019798e-26
5.4873747724e-30
1.7672070269e-33
6.4231488451e-37
1.2119074956e-43
3.6795072873e-50
3.0533807521e-54
1.8769903882e-59
9.7752218273e-65
1.3636102692e-69
3.1512416392e-74
3.2173365588e-78
1.3436653346e-82
4.6040494112e-86
1.0753390426e-89
9.9658177795e-93
9.5275508913e-96
3.0221958335e-98
1.0185655959e-100
1.6754214425e-102
1.4575698462e-104
2.0662591783e-105
2.9132950025e-106
3.3331524255e-107
1.0454219462e-107
3.3633411597e-108
5.3483193597e-109
5.3222604413e-109
4.8982261632e-109
