# Te [K]  der_Qff_DL [cm^5/K]  Qff_PL [cm^5/K]  Qff_KW [cm^5/K]
3.00000000e+02 -1.36899401e-43 1.15630895e-44 2.27735132e-44
4.00000000e+02 -9.62175676e-44 1.18304944e-44 2.32328104e-44
5.00000000e+02 -7.09793112e-44 1.20440895e-44 2.37655347e-44
6.00000000e+02 -5.37683486e-44 1.22283132e-44 2.43272809e-44
7.00000000e+02 -4.13176409e-44 1.23935940e-44 2.48861601e-44
8.00000000e+02 -3.19354388e-44 1.25466885e-44 2.54248578e-44
9.00000000e+02 -2.46473657e-44 1.26936010e-44 2.59358630e-44
1.00000000e+03 -1.88488936e-44 1.28397417e-44 2.64173287e-44
1.10000000e+03 -1.41439576e-44 1.29895926e-44 2.68704252e-44
1.20000000e+03 -1.02620995e-44 1.31465348e-44 2.72977850e-44
1.30000000e+03 -7.01253546e-45 1.33128896e-44 2.77026173e-44
1.40000000e+03 -4.25710829e-45 1.34900854e-44 2.80882185e-44
1.50000000e+03 -1.89357339e-45 1.36788614e-44 2.84577181e-44
1.60000000e+03 1.55144026e-46 1.38794568e-44 2.88139576e-44
1.70000000e+03 1.94807990e-45 1.40917648e-44 2.91594487e-44
1.80000000e+03 3.53109455e-45 1.43154489e-44 2.94963627e-44
1.90000000e+03 4.94026529e-45 1.45500258e-44 2.98266011e-44
2.00000000e+03 6.20429985e-45 1.47949241e-44 3.01517265e-44
2.10000000e+03 7.34628223e-45 1.50495240e-44 3.04730951e-44
2.20000000e+03 8.38495440e-45 1.53131847e-44 3.07918396e-44
2.30000000e+03 9.33566944e-45 1.55852634e-44 3.11089087e-44
2.40000000e+03 1.02111089e-44 1.58651284e-44 3.14250942e-44
2.50000000e+03 1.10218285e-44 1.61521679e-44 3.17410543e-44
2.60000000e+03 1.17766767e-44 1.64457971e-44 3.20573347e-44
2.70000000e+03 1.24831205e-44 1.67454615e-44 3.23743866e-44
2.80000000e+03 1.31474986e-44 1.70506404e-44 3.26925815e-44
2.90000000e+03 1.37752224e-44 1.73608484e-44 3.30122250e-44
3.00000000e+03 1.43709351e-44 1.76756356e-44 3.33335677e-44
3.10000000e+03 1.49386394e-44 1.79945883e-44 3.36568153e-44
3.20000000e+03 1.54818004e-44 1.83173277e-44 3.39821363e-44
3.30000000e+03 1.60034297e-44 1.86435093e-44 3.43096691e-44
3.40000000e+03 1.65061540e-44 1.89728216e-44 3.46395278e-44
3.50000000e+03 1.69922713e-44 1.93049842e-44 3.49718070e-44
3.60000000e+03 1.74637983e-44 1.96397462e-44 3.53065853e-44
3.70000000e+03 1.79225095e-44 1.99768847e-44 3.56439298e-44
3.80000000e+03 1.83699700e-44 2.03162024e-44 3.59838975e-44
3.90000000e+03 1.88075637e-44 2.06575262e-44 3.63265383e-44
4.00000000e+03 1.92365163e-44 2.10007052e-44 3.66718969e-44
4.10000000e+03 1.96579159e-44 2.13456089e-44 3.70200164e-44
4.20000000e+03 2.00727302e-44 2.16921258e-44 3.73709251e-44
4.30000000e+03 2.04818211e-44 2.20401615e-44 3.77246672e-44
4.40000000e+03 2.08859578e-44 2.23896373e-44 3.80812732e-44
4.50000000e+03 2.12858276e-44 2.27404887e-44 3.84407756e-44
4.60000000e+03 2.16820455e-44 2.30926643e-44 3.88032060e-44
4.70000000e+03 2.20751629e-44 2.34461243e-44 3.91685953e-44
4.80000000e+03 2.24656745e-44 2.38008395e-44 3.95369737e-44
4.90000000e+03 2.28540251e-44 2.41567903e-44 3.99083708e-44
5.00000000e+03 2.32406146e-44 2.45139656e-44 4.02828152e-44
5.10000000e+03 2.36258034e-44 2.48723617e-44 4.06603350e-44
5.20000000e+03 2.40099166e-44 2.52319820e-44 4.10409569e-44
5.30000000e+03 2.43932484e-44 2.55928356e-44 4.14247061e-44
5.40000000e+03 2.47760615e-44 2.59549370e-44 4.18116066e-44
5.50000000e+03 2.51585983e-44 2.63183050e-44 4.22016803e-44
5.60000000e+03 2.55410755e-44 2.66829628e-44 4.25949471e-44
5.70000000e+03 2.59236884e-44 2.70489399e-44 4.29914246e-44
5.80000000e+03 2.63066165e-44 2.74162553e-44 4.33911280e-44
5.90000000e+03 2.66900210e-44 2.77849504e-44 4.37940695e-44
6.00000000e+03 2.70740484e-44 2.81550551e-44 4.42002626e-44
6.10000000e+03 2.74588313e-44 2.85266041e-44 4.46097006e-44
6.20000000e+03 2.78444901e-44 2.88996328e-44 4.50223991e-44
6.30000000e+03 2.82311338e-44 2.92741774e-44 4.54383530e-44
6.40000000e+03 2.86188609e-44 2.96502744e-44 4.58575579e-44
6.50000000e+03 2.90077604e-44 3.00279601e-44 4.62800053e-44
6.60000000e+03 2.93979126e-44 3.04072704e-44 4.67056875e-44
6.70000000e+03 2.97893897e-44 3.07882406e-44 4.71345758e-44
6.80000000e+03 3.01822564e-44 3.11709051e-44 4.75666626e-44
6.90000000e+03 3.05765705e-44 3.15552970e-44 4.80019195e-44
7.00000000e+03 3.09723833e-44 3.19414482e-44 4.84403184e-44
7.10000000e+03 3.13697401e-44 3.23293880e-44 4.88818271e-44
7.20000000e+03 3.17686806e-44 3.27191475e-44 4.93264092e-44
7.30000000e+03 3.21692376e-44 3.31107506e-44 4.97740245e-44
7.40000000e+03 3.25714456e-44 3.35042226e-44 5.02246289e-44
7.50000000e+03 3.29753243e-44 3.38995856e-44 5.06781743e-44
7.60000000e+03 3.33808957e-44 3.42968598e-44 5.11346089e-44
7.70000000e+03 3.37881761e-44 3.46960624e-44 5.15938773e-44
7.80000000e+03 3.41971776e-44 3.50972086e-44 5.20559203e-44
7.90000000e+03 3.46079089e-44 3.55003106e-44 5.25206757e-44
8.00000000e+03 3.50203746e-44 3.59053783e-44 5.29880777e-44
8.10000000e+03 3.54345766e-44 3.63124187e-44 5.34580572e-44
8.20000000e+03 3.58505124e-44 3.67214362e-44 5.39305423e-44
8.30000000e+03 3.62681779e-44 3.71324323e-44 5.44054582e-44
8.40000000e+03 3.66875648e-44 3.75454060e-44 5.48827273e-44
8.50000000e+03 3.71086625e-44 3.79603533e-44 5.53622695e-44
8.60000000e+03 3.75314577e-44 3.83772674e-44 5.58440022e-44
8.70000000e+03 3.79559343e-44 3.87961392e-44 5.63278406e-44
8.80000000e+03 3.83820739e-44 3.92169564e-44 5.68136979e-44
8.90000000e+03 3.88098555e-44 3.96397042e-44 5.73014853e-44
9.00000000e+03 3.92392560e-44 4.00643653e-44 5.77911122e-44
9.10000000e+03 3.96702502e-44 4.04909197e-44 5.82824864e-44
9.20000000e+03 4.01028107e-44 4.09193447e-44 5.87755144e-44
9.30000000e+03 4.05369080e-44 4.13496154e-44 5.92701014e-44
9.40000000e+03 4.09725110e-44 4.17817043e-44 5.97661513e-44
9.50000000e+03 4.14095865e-44 4.22155816e-44 6.02635674e-44
9.60000000e+03 4.18480998e-44 4.26512152e-44 6.07622517e-44
9.70000000e+03 4.22880145e-44 4.30885709e-44 6.12621060e-44
9.80000000e+03 4.27292927e-44 4.35276122e-44 6.17630314e-44
9.90000000e+03 4.31718948e-44 4.39683007e-44 6.22649284e-44
1.00000000e+04 4.36157802e-44 4.44105959e-44 6.27676977e-44
1.01000000e+04 4.40609067e-44 4.48544556e-44 6.32712533e-44
1.02000000e+04 4.45072310e-44 4.52998356e-44 6.37754543e-44
1.03000000e+04 4.49547085e-44 4.57466900e-44 6.42802423e-44
1.04000000e+04 4.54032938e-44 4.61949716e-44 6.47855045e-44
1.05000000e+04 4.58529401e-44 4.66446313e-44 6.52911418e-44
1.06000000e+04 4.63036000e-44 4.70956187e-44 6.57970559e-44
1.07000000e+04 4.67552251e-44 4.75478820e-44 6.63031488e-44
1.08000000e+04 4.72077663e-44 4.80013683e-44 6.68093233e-44
1.09000000e+04 4.76611734e-44 4.84560232e-44 6.73154828e-44
1.10000000e+04 4.81153960e-44 4.89117916e-44 6.78215318e-44
1.11000000e+04 4.85703829e-44 4.93686171e-44 6.83273755e-44
1.12000000e+04 4.90260822e-44 4.98264424e-44 6.88329201e-44
1.13000000e+04 4.94824418e-44 5.02852096e-44 6.93380760e-44
1.14000000e+04 4.99394090e-44 5.07448597e-44 6.98427425e-44
1.15000000e+04 5.03969307e-44 5.12053333e-44 7.03468384e-44
1.16000000e+04 5.08549535e-44 5.16665666e-44 7.08502715e-44
1.17000000e+04 5.13134240e-44 5.21285101e-44 7.13529539e-44
1.18000000e+04 5.17722881e-44 5.25910916e-44 7.18547993e-44
1.19000000e+04 5.22314921e-44 5.30542533e-44 7.23557224e-44
1.20000000e+04 5.26909817e-44 5.35179336e-44 7.28556397e-44
1.21000000e+04 5.31507028e-44 5.39820704e-44 7.33544691e-44
1.22000000e+04 5.36106014e-44 5.44466017e-44 7.38521297e-44
1.23000000e+04 5.40706232e-44 5.49114652e-44 7.43485426e-44
1.24000000e+04 5.45307142e-44 5.53765986e-44 7.48436302e-44
1.25000000e+04 5.49908204e-44 5.58419397e-44 7.53373164e-44
1.26000000e+04 5.54508882e-44 5.63074263e-44 7.58295270e-44
1.27000000e+04 5.59108639e-44 5.67729963e-44 7.63201891e-44
1.28000000e+04 5.63706941e-44 5.72385881e-44 7.68092317e-44
1.29000000e+04 5.68303262e-44 5.77041398e-44 7.72965853e-44
1.30000000e+04 5.72897062e-44 5.81695903e-44 7.77821822e-44
1.31000000e+04 5.77487829e-44 5.86348785e-44 7.82659562e-44
1.32000000e+04 5.82075037e-44 5.90999439e-44 7.87478428e-44
1.33000000e+04 5.86658169e-44 5.95647262e-44 7.92277793e-44
1.34000000e+04 5.91236714e-44 6.00291658e-44 7.97057045e-44
1.35000000e+04 5.95810162e-44 6.04932036e-44 8.01815591e-44
1.36000000e+04 6.00378010e-44 6.09567807e-44 8.06552852e-44
1.37000000e+04 6.04939761e-44 6.14198391e-44 8.11268268e-44
1.38000000e+04 6.09494919e-44 6.18823214e-44 8.15961294e-44
1.39000000e+04 6.14042998e-44 6.23441706e-44 8.20631402e-44
1.40000000e+04 6.18583516e-44 6.28053307e-44 8.25278080e-44
1.41000000e+04 6.23115996e-44 6.32657461e-44 8.29900834e-44
1.42000000e+04 6.27639968e-44 6.37253621e-44 8.34499182e-44
1.43000000e+04 6.32154961e-44 6.41841246e-44 8.39072663e-44
1.44000000e+04 6.36660535e-44 6.46419803e-44 8.43620828e-44
1.45000000e+04 6.41156222e-44 6.50988768e-44 8.48143246e-44
1.46000000e+04 6.45641583e-44 6.55547623e-44 8.52639500e-44
1.47000000e+04 6.50116178e-44 6.60095861e-44 8.57109189e-44
1.48000000e+04 6.54579567e-44 6.64632980e-44 8.61551928e-44
1.49000000e+04 6.59031358e-44 6.69158489e-44 8.65967345e-44
1.50000000e+04 6.63471100e-44 6.73671905e-44 8.70355084e-44
1.51000000e+04 6.67898395e-44 6.78172752e-44 8.74714804e-44
1.52000000e+04 6.72312839e-44 6.82660566e-44 8.79046176e-44
1.53000000e+04 6.76714038e-44 6.87134888e-44 8.83348889e-44
1.54000000e+04 6.81101602e-44 6.91595272e-44 8.87622642e-44
1.55000000e+04 6.85475151e-44 6.96041278e-44 8.91867150e-44
1.56000000e+04 6.89834312e-44 7.00472476e-44 8.96082140e-44
1.57000000e+04 6.94178718e-44 7.04888451e-44 9.00267353e-44
1.58000000e+04 6.98508012e-44 7.09288777e-44 9.04422544e-44
1.59000000e+04 7.02821841e-44 7.13673065e-44 9.08547479e-44
1.60000000e+04 7.07119863e-44 7.18040918e-44 9.12641937e-44
1.61000000e+04 7.11401742e-44 7.22391952e-44 9.16705710e-44
1.62000000e+04 7.15667150e-44 7.26725792e-44 9.20738602e-44
1.63000000e+04 7.19915806e-44 7.31042072e-44 9.24740427e-44
1.64000000e+04 7.24147276e-44 7.35340437e-44 9.28711014e-44
1.65000000e+04 7.28361376e-44 7.39620539e-44 9.32650199e-44
1.66000000e+04 7.32557767e-44 7.43882039e-44 9.36557834e-44
1.67000000e+04 7.36736158e-44 7.48124610e-44 9.40433777e-44
1.68000000e+04 7.40896266e-44 7.52347931e-44 9.44277901e-44
1.69000000e+04 7.45037817e-44 7.56551692e-44 9.48090086e-44
1.70000000e+04 7.49160540e-44 7.60735589e-44 9.51870225e-44
1.71000000e+04 7.53264177e-44 7.64899331e-44 9.55618218e-44
1.72000000e+04 7.57348474e-44 7.69042633e-44 9.59333977e-44
1.73000000e+04 7.61413181e-44 7.73165218e-44 9.63017423e-44
1.74000000e+04 7.65458063e-44 7.77266822e-44 9.66668486e-44
1.75000000e+04 7.69482888e-44 7.81347185e-44 9.70287106e-44
1.76000000e+04 7.73487429e-44 7.85406072e-44 9.73873229e-44
1.77000000e+04 7.77471471e-44 7.89443198e-44 9.77426813e-44
1.78000000e+04 7.81434801e-44 7.93458374e-44 9.80947823e-44
1.79000000e+04 7.85377210e-44 7.97451360e-44 9.84436233e-44
1.80000000e+04 7.89298522e-44 8.01421959e-44 9.87892022e-44
1.81000000e+04 7.93198525e-44 8.05369908e-44 9.91315181e-44
1.82000000e+04 7.97077044e-44 8.09295060e-44 9.94705750e-44
1.83000000e+04 8.00933902e-44 8.13197205e-44 9.98063601e-44
1.84000000e+04 8.04768929e-44 8.17076158e-44 1.00138888e-43
1.85000000e+04 8.08581961e-44 8.20931742e-44 1.00468155e-43
1.86000000e+04 8.12372843e-44 8.24763787e-44 1.00794165e-43
1.87000000e+04 8.16141422e-44 8.28572132e-44 1.01116921e-43
1.88000000e+04 8.19887555e-44 8.32356621e-44 1.01436426e-43
1.89000000e+04 8.23611104e-44 8.36117107e-44 1.01752685e-43
1.90000000e+04 8.27311937e-44 8.39853451e-44 1.02065702e-43
1.91000000e+04 8.30989927e-44 8.43565518e-44 1.02375485e-43
1.92000000e+04 8.34644956e-44 8.47253182e-44 1.02682037e-43
1.93000000e+04 8.38276908e-44 8.50916324e-44 1.02985368e-43
1.94000000e+04 8.41885676e-44 8.54554831e-44 1.03285482e-43
1.95000000e+04 8.45471157e-44 8.58168597e-44 1.03582390e-43
1.96000000e+04 8.49033255e-44 8.61757522e-44 1.03876098e-43
1.97000000e+04 8.52571877e-44 8.65321512e-44 1.04166616e-43
1.98000000e+04 8.56086939e-44 8.68860481e-44 1.04453951e-43
1.99000000e+04 8.59578359e-44 8.72374348e-44 1.04738117e-43
2.00000000e+04 8.63046062e-44 8.75863037e-44 1.05019121e-43
2.01000000e+04 8.66489979e-44 8.79326480e-44 1.05296974e-43
2.02000000e+04 8.69910044e-44 8.82764578e-44 1.05571688e-43
2.03000000e+04 8.73306197e-44 8.86177379e-44 1.05843273e-43
2.04000000e+04 8.76678384e-44 8.89564654e-44 1.06111742e-43
2.05000000e+04 8.80026555e-44 8.92926608e-44 1.06377107e-43
2.06000000e+04 8.83350664e-44 8.96262984e-44 1.06639399e-43
2.07000000e+04 8.86650670e-44 8.99573818e-44 1.06898573e-43
2.08000000e+04 8.89926538e-44 9.02859079e-44 1.07154701e-43
2.09000000e+04 8.93178199e-44 9.06118742e-44 1.07407777e-43
2.10000000e+04 8.96405737e-44 9.09352786e-44 1.07657815e-43
2.11000000e+04 8.99608997e-44 9.12561196e-44 1.07904828e-43
2.12000000e+04 9.02788061e-44 9.15743960e-44 1.08148832e-43
2.13000000e+04 9.05942851e-44 9.18901073e-44 1.08389840e-43
2.14000000e+04 9.09073379e-44 9.22032532e-44 1.08627869e-43
2.15000000e+04 9.12179637e-44 9.25138340e-44 1.08862932e-43
2.16000000e+04 9.15261625e-44 9.28218504e-44 1.09095046e-43
2.17000000e+04 9.18319343e-44 9.31273036e-44 1.09324226e-43
2.18000000e+04 9.21352798e-44 9.34301950e-44 1.09550488e-43
2.19000000e+04 9.24361997e-44 9.37305266e-44 1.09773848e-43
2.20000000e+04 9.27346954e-44 9.40283008e-44 1.09994322e-43
2.21000000e+04 9.30307685e-44 9.43235203e-44 1.10211928e-43
2.22000000e+04 9.33244209e-44 9.46161881e-44 1.10426681e-43
2.23000000e+04 9.36156551e-44 9.49063078e-44 1.10638599e-43
2.24000000e+04 9.39044735e-44 9.51938831e-44 1.10847698e-43
2.25000000e+04 9.41908793e-44 9.54789182e-44 1.11053996e-43
2.26000000e+04 9.44748756e-44 9.57614177e-44 1.11257509e-43
2.27000000e+04 9.47564660e-44 9.60413864e-44 1.11458257e-43
2.28000000e+04 9.50356545e-44 9.63188294e-44 1.11656255e-43
2.29000000e+04 9.53124452e-44 9.65937523e-44 1.11851522e-43
2.30000000e+04 9.55868426e-44 9.68661608e-44 1.12044076e-43
2.31000000e+04 9.58588515e-44 9.71360610e-44 1.12233934e-43
2.32000000e+04 9.61284768e-44 9.74034593e-44 1.12421115e-43
2.33000000e+04 9.63957239e-44 9.76683624e-44 1.12605636e-43
2.34000000e+04 9.66605983e-44 9.79307771e-44 1.12787517e-43
2.35000000e+04 9.69231058e-44 9.81907107e-44 1.12966775e-43
2.36000000e+04 9.71832524e-44 9.84481707e-44 1.13143428e-43
2.37000000e+04 9.74410446e-44 9.87031647e-44 1.13317496e-43
2.38000000e+04 9.76964887e-44 9.89557006e-44 1.13488996e-43
2.39000000e+04 9.79495915e-44 9.92057868e-44 1.13657947e-43
2.40000000e+04 9.82003601e-44 9.94534316e-44 1.13824369e-43
2.41000000e+04 9.84488015e-44 9.96986436e-44 1.13988278e-43
2.42000000e+04 9.86949232e-44 9.99414316e-44 1.14149695e-43
2.43000000e+04 9.89387328e-44 1.00181805e-43 1.14308638e-43
2.44000000e+04 9.91802381e-44 1.00419773e-43 1.14465126e-43
2.45000000e+04 9.94194471e-44 1.00655344e-43 1.14619177e-43
2.46000000e+04 9.96563679e-44 1.00888529e-43 1.14770811e-43
2.47000000e+04 9.98910090e-44 1.01119338e-43 1.14920046e-43
2.48000000e+04 1.00123379e-43 1.01347779e-43 1.15066901e-43
2.49000000e+04 1.00353486e-43 1.01573865e-43 1.15211395e-43
2.50000000e+04 1.00581339e-43 1.01797604e-43 1.15353546e-43
2.51000000e+04 1.00806948e-43 1.02019007e-43 1.15493375e-43
2.52000000e+04 1.01030322e-43 1.02238086e-43 1.15630898e-43
2.53000000e+04 1.01251469e-43 1.02454851e-43 1.15766136e-43
2.54000000e+04 1.01470399e-43 1.02669312e-43 1.15899108e-43
2.55000000e+04 1.01687123e-43 1.02881481e-43 1.16029831e-43
2.56000000e+04 1.01901649e-43 1.03091369e-43 1.16158325e-43
2.57000000e+04 1.02113987e-43 1.03298988e-43 1.16284608e-43
2.58000000e+04 1.02324148e-43 1.03504348e-43 1.16408700e-43
2.59000000e+04 1.02532142e-43 1.03707462e-43 1.16530618e-43
2.60000000e+04 1.02737978e-43 1.03908341e-43 1.16650382e-43
2.61000000e+04 1.02941668e-43 1.04106997e-43 1.16768010e-43
2.62000000e+04 1.03143221e-43 1.04303442e-43 1.16883521e-43
2.63000000e+04 1.03342649e-43 1.04497687e-43 1.16996928e-43
2.64000000e+04 1.03539961e-43 1.04689746e-43 1.17108266e-43
2.65000000e+04 1.03735169e-43 1.04879629e-43 1.17217536e-43
2.66000000e+04 1.03928284e-43 1.05067350e-43 1.17324763e-43
2.67000000e+04 1.04119314e-43 1.05252920e-43 1.17429965e-43
2.68000000e+04 1.04308276e-43 1.05436352e-43 1.17533161e-43
2.69000000e+04 1.04495176e-43 1.05617658e-43 1.17634367e-43
2.70000000e+04 1.04680026e-43 1.05796852e-43 1.17733604e-43
2.71000000e+04 1.04862838e-43 1.05973945e-43 1.17830888e-43
2.72000000e+04 1.05043624e-43 1.06148951e-43 1.17926238e-43
2.73000000e+04 1.05222394e-43 1.06321881e-43 1.18019672e-43
2.74000000e+04 1.05399160e-43 1.06492749e-43 1.18111207e-43
2.75000000e+04 1.05573933e-43 1.06661568e-43 1.18200862e-43
2.76000000e+04 1.05746725e-43 1.06828350e-43 1.18288654e-43
2.77000000e+04 1.05917548e-43 1.06993108e-43 1.18374600e-43
2.78000000e+04 1.06086413e-43 1.07155855e-43 1.18458720e-43
2.79000000e+04 1.06253332e-43 1.07316605e-43 1.18541029e-43
2.80000000e+04 1.06418317e-43 1.07475370e-43 1.18621546e-43
2.81000000e+04 1.06581379e-43 1.07632163e-43 1.18700287e-43
2.82000000e+04 1.06742530e-43 1.07786997e-43 1.18777270e-43
2.83000000e+04 1.06901782e-43 1.07939886e-43 1.18852513e-43
2.84000000e+04 1.07059147e-43 1.08090842e-43 1.18926032e-43
2.85000000e+04 1.07214637e-43 1.08239879e-43 1.18997845e-43
2.86000000e+04 1.07368264e-43 1.08387010e-43 1.19067967e-43
2.87000000e+04 1.07520039e-43 1.08532247e-43 1.19136417e-43
2.88000000e+04 1.07669975e-43 1.08675604e-43 1.19203211e-43
2.89000000e+04 1.07818084e-43 1.08817094e-43 1.19268365e-43
2.90000000e+04 1.07964377e-43 1.08956731e-43 1.19331896e-43
2.91000000e+04 1.08108867e-43 1.09094527e-43 1.19393821e-43
2.92000000e+04 1.08251565e-43 1.09230496e-43 1.19454156e-43
2.93000000e+04 1.08392484e-43 1.09364651e-43 1.19512917e-43
2.94000000e+04 1.08531636e-43 1.09497004e-43 1.19570121e-43
2.95000000e+04 1.08669033e-43 1.09627569e-43 1.19625783e-43
2.96000000e+04 1.08804686e-43 1.09756360e-43 1.19679919e-43
2.97000000e+04 1.08938609e-43 1.09883399e-43 1.19732546e-43
2.98000000e+04 1.09070812e-43 1.10008669e-43 1.19783680e-43
2.99000000e+04 1.09201308e-43 1.10132214e-43 1.19833335e-43
3.00000000e+04 1.09330109e-43 1.10254036e-43 1.19881528e-43
3.01000000e+04 1.09457227e-43 1.10374149e-43 1.19928273e-43
3.02000000e+04 1.09582674e-43 1.10492566e-43 1.19973587e-43
3.03000000e+04 1.09706462e-43 1.10609299e-43 1.20017485e-43
3.04000000e+04 1.09828603e-43 1.10724362e-43 1.20059982e-43
3.05000000e+04 1.09949109e-43 1.10837767e-43 1.20101093e-43
3.06000000e+04 1.10067993e-43 1.10949528e-43 1.20140833e-43
3.07000000e+04 1.10185265e-43 1.11059657e-43 1.20179217e-43
3.08000000e+04 1.10300937e-43 1.11168167e-43 1.20216259e-43
3.09000000e+04 1.10415023e-43 1.11275072e-43 1.20251976e-43
3.10000000e+04 1.10527533e-43 1.11380383e-43 1.20286380e-43
3.11000000e+04 1.10638480e-43 1.11484114e-43 1.20319486e-43
3.12000000e+04 1.10747875e-43 1.11586278e-43 1.20351310e-43
3.13000000e+04 1.10855730e-43 1.11686886e-43 1.20381862e-43
3.14000000e+04 1.10962057e-43 1.11785952e-43 1.20411164e-43
3.15000000e+04 1.11066868e-43 1.11883489e-43 1.20439223e-43
3.16000000e+04 1.11170173e-43 1.11979508e-43 1.20466056e-43
3.17000000e+04 1.11271986e-43 1.12074023e-43 1.20491676e-43
3.18000000e+04 1.11372318e-43 1.12167045e-43 1.20516097e-43
3.19000000e+04 1.11471180e-43 1.12258588e-43 1.20539333e-43
3.20000000e+04 1.11568584e-43 1.12348663e-43 1.20561397e-43
3.21000000e+04 1.11664542e-43 1.12437284e-43 1.20582303e-43
3.22000000e+04 1.11759064e-43 1.12524462e-43 1.20602063e-43
3.23000000e+04 1.11852163e-43 1.12610209e-43 1.20620692e-43
3.24000000e+04 1.11943850e-43 1.12694538e-43 1.20638203e-43
3.25000000e+04 1.12034137e-43 1.12777461e-43 1.20654607e-43
3.26000000e+04 1.12123034e-43 1.12858990e-43 1.20669920e-43
3.27000000e+04 1.12210553e-43 1.12939137e-43 1.20684152e-43
3.28000000e+04 1.12296705e-43 1.13017914e-43 1.20697318e-43
3.29000000e+04 1.12381502e-43 1.13095333e-43 1.20709429e-43
3.30000000e+04 1.12464955e-43 1.13171406e-43 1.20720498e-43
3.31000000e+04 1.12547075e-43 1.13246144e-43 1.20730538e-43
3.32000000e+04 1.12627872e-43 1.13319560e-43 1.20739561e-43
3.33000000e+04 1.12707359e-43 1.13391664e-43 1.20747579e-43
3.34000000e+04 1.12785546e-43 1.13462470e-43 1.20754604e-43
3.35000000e+04 1.12862443e-43 1.13531988e-43 1.20760648e-43
3.36000000e+04 1.12938063e-43 1.13600229e-43 1.20765724e-43
3.37000000e+04 1.13012416e-43 1.13667206e-43 1.20769843e-43
3.38000000e+04 1.13085512e-43 1.13732930e-43 1.20773016e-43
3.39000000e+04 1.13157362e-43 1.13797412e-43 1.20775256e-43
3.40000000e+04 1.13227978e-43 1.13860663e-43 1.20776574e-43
3.41000000e+04 1.13297369e-43 1.13922695e-43 1.20776988e-43
3.42000000e+04 1.13365547e-43 1.13983519e-43 1.20776488e-43
3.43000000e+04 1.13432522e-43 1.14043146e-43 1.20775108e-43
3.44000000e+04 1.13498304e-43 1.14101587e-43 1.20772851e-43
3.45000000e+04 1.13562904e-43 1.14158853e-43 1.20769728e-43
3.46000000e+04 1.13626332e-43 1.14214954e-43 1.20765750e-43
3.47000000e+04 1.13688600e-43 1.14269903e-43 1.20760927e-43
3.48000000e+04 1.13749716e-43 1.14323709e-43 1.20755272e-43
3.49000000e+04 1.13809691e-43 1.14376383e-43 1.20748793e-43
3.50000000e+04 1.13868536e-43 1.14427937e-43 1.20741503e-43
3.51000000e+04 1.13926260e-43 1.14478380e-43 1.20733410e-43
3.52000000e+04 1.13982874e-43 1.14527723e-43 1.20724527e-43
3.53000000e+04 1.14038388e-43 1.14575977e-43 1.20714862e-43
3.54000000e+04 1.14092811e-43 1.14623152e-43 1.20704427e-43
3.55000000e+04 1.14146154e-43 1.14669258e-43 1.20693231e-43
3.56000000e+04 1.14198426e-43 1.14714306e-43 1.20681284e-43
3.57000000e+04 1.14249638e-43 1.14758306e-43 1.20668596e-43
3.58000000e+04 1.14299798e-43 1.14801268e-43 1.20655178e-43
3.59000000e+04 1.14348917e-43 1.14843202e-43 1.20641038e-43
3.60000000e+04 1.14397005e-43 1.14884121e-43 1.20626186e-43
3.61000000e+04 1.14444068e-43 1.14924028e-43 1.20610632e-43
3.62000000e+04 1.14490123e-43 1.14962938e-43 1.20594386e-43
3.63000000e+04 1.14535172e-43 1.15000861e-43 1.20577456e-43
3.64000000e+04 1.14579228e-43 1.15037806e-43 1.20559852e-43
3.65000000e+04 1.14622299e-43 1.15073782e-43 1.20541584e-43
3.66000000e+04 1.14664395e-43 1.15108799e-43 1.20522660e-43
3.67000000e+04 1.14705525e-43 1.15142866e-43 1.20503089e-43
3.68000000e+04 1.14745699e-43 1.15175994e-43 1.20482881e-43
3.69000000e+04 1.14784924e-43 1.15208191e-43 1.20462044e-43
3.70000000e+04 1.14823212e-43 1.15239468e-43 1.20440586e-43
3.71000000e+04 1.14860569e-43 1.15269832e-43 1.20418518e-43
3.72000000e+04 1.14897007e-43 1.15299295e-43 1.20395846e-43
3.73000000e+04 1.14932532e-43 1.15327864e-43 1.20372580e-43
3.74000000e+04 1.14967154e-43 1.15355548e-43 1.20348729e-43
3.75000000e+04 1.15000882e-43 1.15382358e-43 1.20324300e-43
3.76000000e+04 1.15033725e-43 1.15408302e-43 1.20299301e-43
3.77000000e+04 1.15065691e-43 1.15433388e-43 1.20273742e-43
3.78000000e+04 1.15096789e-43 1.15457626e-43 1.20247630e-43
3.79000000e+04 1.15127027e-43 1.15481025e-43 1.20220973e-43
3.80000000e+04 1.15156414e-43 1.15503592e-43 1.20193779e-43
3.81000000e+04 1.15184958e-43 1.15525338e-43 1.20166056e-43
3.82000000e+04 1.15212668e-43 1.15546270e-43 1.20137812e-43
3.83000000e+04 1.15239552e-43 1.15566397e-43 1.20109054e-43
3.84000000e+04 1.15265617e-43 1.15585728e-43 1.20079790e-43
3.85000000e+04 1.15290873e-43 1.15604271e-43 1.20050028e-43
3.86000000e+04 1.15315328e-43 1.15622034e-43 1.20019775e-43
3.87000000e+04 1.15338988e-43 1.15639029e-43 1.19989039e-43
3.88000000e+04 1.15361864e-43 1.15655254e-43 1.19957826e-43
3.89000000e+04 1.15383963e-43 1.15670727e-43 1.19926145e-43
3.90000000e+04 1.15405291e-43 1.15685453e-43 1.19894002e-43
3.91000000e+04 1.15425858e-43 1.15699441e-43 1.19861405e-43
3.92000000e+04 1.15445670e-43 1.15712697e-43 1.19828360e-43
3.93000000e+04 1.15464737e-43 1.15725231e-43 1.19794875e-43
3.94000000e+04 1.15483065e-43 1.15737049e-43 1.19760956e-43
3.95000000e+04 1.15500662e-43 1.15748160e-43 1.19726610e-43
3.96000000e+04 1.15517535e-43 1.15758572e-43 1.19691844e-43
3.97000000e+04 1.15533693e-43 1.15768291e-43 1.19656665e-43
3.98000000e+04 1.15549142e-43 1.15777326e-43 1.19621080e-43
3.99000000e+04 1.15563890e-43 1.15785685e-43 1.19585094e-43
4.00000000e+04 1.15577945e-43 1.15793374e-43 1.19548714e-43
4.01000000e+04 1.15591313e-43 1.15800401e-43 1.19511947e-43
4.02000000e+04 1.15604002e-43 1.15806773e-43 1.19474800e-43
4.03000000e+04 1.15616019e-43 1.15812499e-43 1.19437277e-43
4.04000000e+04 1.15627371e-43 1.15817584e-43 1.19399387e-43
4.05000000e+04 1.15638065e-43 1.15822037e-43 1.19361134e-43
4.06000000e+04 1.15648108e-43 1.15825864e-43 1.19322524e-43
4.07000000e+04 1.15657506e-43 1.15829072e-43 1.19283565e-43
4.08000000e+04 1.15666270e-43 1.15831669e-43 1.19244262e-43
4.09000000e+04 1.15674403e-43 1.15833662e-43 1.19204620e-43
4.10000000e+04 1.15681912e-43 1.15835056e-43 1.19164646e-43
4.11000000e+04 1.15688804e-43 1.15835860e-43 1.19124344e-43
4.12000000e+04 1.15695087e-43 1.15836080e-43 1.19083722e-43
4.13000000e+04 1.15700766e-43 1.15835722e-43 1.19042785e-43
4.14000000e+04 1.15705849e-43 1.15834794e-43 1.19001538e-43
4.15000000e+04 1.15710342e-43 1.15833304e-43 1.18959987e-43
4.16000000e+04 1.15714251e-43 1.15831253e-43 1.18918136e-43
4.17000000e+04 1.15717583e-43 1.15828652e-43 1.18875993e-43
4.18000000e+04 1.15720344e-43 1.15825507e-43 1.18833561e-43
4.19000000e+04 1.15722540e-43 1.15821824e-43 1.18790847e-43
4.20000000e+04 1.15724179e-43 1.15817609e-43 1.18747855e-43
4.21000000e+04 1.15725265e-43 1.15812868e-43 1.18704591e-43
4.22000000e+04 1.15725805e-43 1.15807605e-43 1.18661059e-43
4.23000000e+04 1.15725806e-43 1.15801836e-43 1.18617266e-43
4.24000000e+04 1.15725273e-43 1.15795557e-43 1.18573215e-43
4.25000000e+04 1.15724212e-43 1.15788776e-43 1.18528912e-43
4.26000000e+04 1.15722630e-43 1.15781501e-43 1.18484361e-43
4.27000000e+04 1.15720532e-43 1.15773737e-43 1.18439568e-43
4.28000000e+04 1.15717925e-43 1.15765489e-43 1.18394538e-43
4.29000000e+04 1.15714813e-43 1.15756765e-43 1.18349274e-43
4.30000000e+04 1.15711203e-43 1.15747561e-43 1.18303782e-43
4.31000000e+04 1.15707100e-43 1.15737909e-43 1.18258067e-43
4.32000000e+04 1.15702511e-43 1.15727788e-43 1.18212132e-43
4.33000000e+04 1.15697440e-43 1.15717213e-43 1.18165983e-43
4.34000000e+04 1.15691894e-43 1.15706190e-43 1.18119623e-43
4.35000000e+04 1.15685878e-43 1.15694723e-43 1.18073058e-43
4.36000000e+04 1.15679397e-43 1.15682820e-43 1.18026292e-43
4.37000000e+04 1.15672457e-43 1.15670484e-43 1.17979328e-43
4.38000000e+04 1.15665064e-43 1.15657722e-43 1.17932172e-43
4.39000000e+04 1.15657222e-43 1.15644538e-43 1.17884827e-43
4.40000000e+04 1.15648937e-43 1.15630939e-43 1.17837298e-43
4.41000000e+04 1.15640214e-43 1.15616929e-43 1.17789589e-43
4.42000000e+04 1.15631058e-43 1.15602513e-43 1.17741704e-43
4.43000000e+04 1.15621476e-43 1.15587698e-43 1.17693646e-43
4.44000000e+04 1.15611470e-43 1.15572487e-43 1.17645421e-43
4.45000000e+04 1.15601048e-43 1.15556886e-43 1.17597031e-43
4.46000000e+04 1.15590214e-43 1.15540901e-43 1.17548481e-43
4.47000000e+04 1.15578972e-43 1.15524535e-43 1.17499774e-43
4.48000000e+04 1.15567328e-43 1.15507794e-43 1.17450915e-43
4.49000000e+04 1.15555287e-43 1.15490684e-43 1.17401907e-43
4.50000000e+04 1.15542853e-43 1.15473207e-43 1.17352754e-43
4.51000000e+04 1.15530032e-43 1.15455371e-43 1.17303459e-43
4.52000000e+04 1.15516828e-43 1.15437179e-43 1.17254027e-43
4.53000000e+04 1.15503246e-43 1.15418636e-43 1.17204460e-43
4.54000000e+04 1.15489291e-43 1.15399746e-43 1.17154762e-43
4.55000000e+04 1.15474966e-43 1.15380514e-43 1.17104937e-43
4.56000000e+04 1.15460278e-43 1.15360946e-43 1.17054989e-43
4.57000000e+04 1.15445230e-43 1.15341045e-43 1.17004920e-43
4.58000000e+04 1.15429825e-43 1.15320816e-43 1.16954734e-43
4.59000000e+04 1.15414074e-43 1.15300263e-43 1.16904434e-43
4.60000000e+04 1.15397974e-43 1.15279392e-43 1.16854024e-43
4.61000000e+04 1.15381533e-43 1.15258205e-43 1.16803500e-43
4.62000000e+04 1.15364755e-43 1.15236708e-43 1.16752886e-43
4.63000000e+04 1.15347643e-43 1.15214905e-43 1.16702165e-43
4.64000000e+04 1.15330202e-43 1.15192800e-43 1.16651346e-43
4.65000000e+04 1.15312438e-43 1.15170397e-43 1.16600432e-43
4.66000000e+04 1.15294354e-43 1.15147701e-43 1.16549427e-43
4.67000000e+04 1.15275953e-43 1.15124715e-43 1.16498334e-43
4.68000000e+04 1.15257240e-43 1.15101444e-43 1.16447151e-43
4.69000000e+04 1.15238220e-43 1.15077892e-43 1.16395894e-43
4.70000000e+04 1.15218896e-43 1.15054062e-43 1.16344553e-43
4.71000000e+04 1.15199272e-43 1.15029960e-43 1.16293136e-43
4.72000000e+04 1.15179352e-43 1.15005588e-43 1.16241645e-43
4.73000000e+04 1.15159141e-43 1.14980950e-43 1.16190083e-43
4.74000000e+04 1.15138642e-43 1.14956051e-43 1.16138453e-43
4.75000000e+04 1.15117858e-43 1.14930895e-43 1.16086757e-43
4.76000000e+04 1.15096799e-43 1.14905484e-43 1.16034999e-43
4.77000000e+04 1.15075454e-43 1.14879824e-43 1.15983181e-43
4.78000000e+04 1.15053841e-43 1.14853916e-43 1.15931305e-43
4.79000000e+04 1.15031963e-43 1.14827766e-43 1.15879374e-43
4.80000000e+04 1.15009817e-43 1.14801377e-43 1.15827391e-43
4.81000000e+04 1.14987408e-43 1.14774753e-43 1.15775359e-43
4.82000000e+04 1.14964744e-43 1.14747896e-43 1.15723279e-43
4.83000000e+04 1.14941825e-43 1.14720811e-43 1.15671155e-43
4.84000000e+04 1.14918655e-43 1.14693502e-43 1.15618988e-43
4.85000000e+04 1.14895238e-43 1.14665970e-43 1.15566782e-43
4.86000000e+04 1.14871577e-43 1.14638221e-43 1.15514538e-43
4.87000000e+04 1.14847676e-43 1.14610257e-43 1.15462259e-43
4.88000000e+04 1.14823539e-43 1.14582082e-43 1.15409947e-43
4.89000000e+04 1.14799168e-43 1.14553699e-43 1.15357605e-43
4.90000000e+04 1.14774567e-43 1.14525111e-43 1.15305234e-43
4.91000000e+04 1.14749740e-43 1.14496322e-43 1.15252838e-43
4.92000000e+04 1.14724689e-43 1.14467335e-43 1.15200417e-43
4.93000000e+04 1.14699418e-43 1.14438153e-43 1.15147976e-43
4.94000000e+04 1.14673930e-43 1.14408779e-43 1.15095514e-43
4.95000000e+04 1.14648230e-43 1.14379217e-43 1.15043036e-43
4.96000000e+04 1.14622319e-43 1.14349469e-43 1.14990542e-43
4.97000000e+04 1.14596200e-43 1.14319539e-43 1.14938035e-43
4.98000000e+04 1.14569877e-43 1.14289429e-43 1.14885517e-43
4.99000000e+04 1.14543354e-43 1.14259143e-43 1.14832989e-43
5.00000000e+04 1.14516632e-43 1.14228684e-43 1.14780455e-43
