# Te [K]  der_Qff_DL [cm^5/K]  Qff_PL [cm^5/K]  Qff_KW [cm^5/K]
3.00000000e+02 1.96368085e-44 2.38755502e-44 3.33001261e-44
4.00000000e+02 2.34864875e-44 2.39296621e-44 3.35696641e-44
5.00000000e+02 2.60974755e-44 2.40954232e-44 3.37964035e-44
6.00000000e+02 2.78073345e-44 2.43281688e-44 3.39727087e-44
7.00000000e+02 2.89375200e-44 2.45997322e-44 3.41067649e-44
8.00000000e+02 2.97078992e-44 2.48922554e-44 3.42124525e-44
9.00000000e+02 3.02565291e-44 2.51938729e-44 3.43027543e-44
1.00000000e+03 3.06680551e-44 2.54966667e-44 3.43874753e-44
1.10000000e+03 3.09942412e-44 2.57955934e-44 3.44731500e-44
1.20000000e+03 3.12669003e-44 2.60877394e-44 3.45636937e-44
1.30000000e+03 3.15057225e-44 2.63717082e-44 3.46611507e-44
1.40000000e+03 3.17229755e-44 2.66471186e-44 3.47663203e-44
1.50000000e+03 3.19263435e-44 2.69142146e-44 3.48792282e-44
1.60000000e+03 3.21206554e-44 2.71735813e-44 3.49994514e-44
1.70000000e+03 3.23089491e-44 2.74259548e-44 3.51263361e-44
1.80000000e+03 3.24931330e-44 2.76721006e-44 3.52591351e-44
1.90000000e+03 3.26744012e-44 2.79127441e-44 3.53970915e-44
2.00000000e+03 3.28534941e-44 2.81485358e-44 3.55394831e-44
2.10000000e+03 3.30308651e-44 2.83800392e-44 3.56856452e-44
2.20000000e+03 3.32067853e-44 2.86077299e-44 3.58349776e-44
2.30000000e+03 3.33814109e-44 2.88320036e-44 3.59869433e-44
2.40000000e+03 3.35548258e-44 2.90531863e-44 3.61410627e-44
2.50000000e+03 3.37270688e-44 2.92715452e-44 3.62969058e-44
2.60000000e+03 3.38981506e-44 2.94872990e-44 3.64540842e-44
2.70000000e+03 3.40680656e-44 2.97006270e-44 3.66122469e-44
2.80000000e+03 3.42367980e-44 2.99116766e-44 3.67710032e-44
2.90000000e+03 3.44043272e-44 3.01205714e-44 3.69302636e-44
3.00000000e+03 3.45706301e-44 3.03274136e-44 3.70895495e-44
3.10000000e+03 3.47356838e-44 3.05322897e-44 3.72486753e-44
3.20000000e+03 3.48994666e-44 3.07352730e-44 3.74074207e-44
3.30000000e+03 3.50619593e-44 3.09364261e-44 3.75655646e-44
3.40000000e+03 3.52231454e-44 3.11358025e-44 3.77229196e-44
3.50000000e+03 3.53830123e-44 3.13334482e-44 3.78793147e-44
3.60000000e+03 3.55415509e-44 3.15293838e-44 3.80345990e-44
3.70000000e+03 3.56987566e-44 3.17236998e-44 3.81886415e-44
3.80000000e+03 3.58546286e-44 3.19163691e-44 3.83413311e-44
3.90000000e+03 3.60091706e-44 3.21074355e-44 3.84925768e-44
4.00000000e+03 3.61623902e-44 3.22969206e-44 3.86423066e-44
4.10000000e+03 3.63142990e-44 3.24848432e-44 3.87904668e-44
4.20000000e+03 3.64649122e-44 3.26712196e-44 3.89370210e-44
4.30000000e+03 3.66142483e-44 3.28560644e-44 3.90819497e-44
4.40000000e+03 3.67623290e-44 3.30393907e-44 3.92252481e-44
4.50000000e+03 3.69091789e-44 3.32212104e-44 3.93669257e-44
4.60000000e+03 3.70548176e-44 3.34015354e-44 3.95070041e-44
4.70000000e+03 3.71992942e-44 3.35803771e-44 3.96455161e-44
4.80000000e+03 3.73426187e-44 3.37577468e-44 3.97825039e-44
4.90000000e+03 3.74848293e-44 3.39336566e-44 3.99180178e-44
5.00000000e+03 3.76259583e-44 3.41081192e-44 4.00521149e-44
5.10000000e+03 3.77660385e-44 3.42811480e-44 4.01848574e-44
5.20000000e+03 3.79051033e-44 3.44527574e-44 4.03163119e-44
5.30000000e+03 3.80431858e-44 3.46229630e-44 4.04465478e-44
5.40000000e+03 3.81803189e-44 3.47917815e-44 4.05756362e-44
5.50000000e+03 3.83165352e-44 3.49592310e-44 4.07036493e-44
5.60000000e+03 3.84518664e-44 3.51253305e-44 4.08306594e-44
5.70000000e+03 3.85863438e-44 3.52901003e-44 4.09567377e-44
5.80000000e+03 3.87199973e-44 3.54535619e-44 4.10819544e-44
5.90000000e+03 3.88528562e-44 3.56157377e-44 4.12063774e-44
6.00000000e+03 3.89849486e-44 3.57766513e-44 4.13300725e-44
6.10000000e+03 3.91163014e-44 3.59363269e-44 4.14531024e-44
6.20000000e+03 3.92469402e-44 3.60947895e-44 4.15755269e-44
6.30000000e+03 3.93768897e-44 3.62520649e-44 4.16974021e-44
6.40000000e+03 3.95061731e-44 3.64081792e-44 4.18187812e-44
6.50000000e+03 3.96348125e-44 3.65631590e-44 4.19397131e-44
6.60000000e+03 3.97628288e-44 3.67170312e-44 4.20602434e-44
6.70000000e+03 3.98902418e-44 3.68698226e-44 4.21804142e-44
6.80000000e+03 4.00170700e-44 3.70215604e-44 4.23002635e-44
6.90000000e+03 4.01433309e-44 3.71722715e-44 4.24198262e-44
7.00000000e+03 4.02690409e-44 3.73219826e-44 4.25391333e-44
7.10000000e+03 4.03942156e-44 3.74707202e-44 4.26582130e-44
7.20000000e+03 4.05188692e-44 3.76185105e-44 4.27770897e-44
7.30000000e+03 4.06430155e-44 3.77653791e-44 4.28957853e-44
7.40000000e+03 4.07666669e-44 3.79113514e-44 4.30143182e-44
7.50000000e+03 4.08898356e-44 3.80564519e-44 4.31327047e-44
7.60000000e+03 4.10125324e-44 3.82007047e-44 4.32509582e-44
7.70000000e+03 4.11347679e-44 3.83441332e-44 4.33690896e-44
7.80000000e+03 4.12565518e-44 3.84867601e-44 4.34871081e-44
7.90000000e+03 4.13778931e-44 3.86286073e-44 4.36050203e-44
8.00000000e+03 4.14988005e-44 3.87696962e-44 4.37228315e-44
8.10000000e+03 4.16192818e-44 3.89100472e-44 4.38405449e-44
8.20000000e+03 4.17393447e-44 3.90496799e-44 4.39581622e-44
8.30000000e+03 4.18589961e-44 3.91886135e-44 4.40756841e-44
8.40000000e+03 4.19782426e-44 3.93268659e-44 4.41931097e-44
8.50000000e+03 4.20970906e-44 3.94644548e-44 4.43104371e-44
8.60000000e+03 4.22155459e-44 3.96013967e-44 4.44276634e-44
8.70000000e+03 4.23336140e-44 3.97377075e-44 4.45447850e-44
8.80000000e+03 4.24513001e-44 3.98734023e-44 4.46617975e-44
8.90000000e+03 4.25686091e-44 4.00084957e-44 4.47786958e-44
9.00000000e+03 4.26855459e-44 4.01430014e-44 4.48954744e-44
9.10000000e+03 4.28021148e-44 4.02769324e-44 4.50121271e-44
9.20000000e+03 4.29183201e-44 4.04103011e-44 4.51286476e-44
9.30000000e+03 4.30341657e-44 4.05431194e-44 4.52450293e-44
9.40000000e+03 4.31496555e-44 4.06753983e-44 4.53612651e-44
9.50000000e+03 4.32647932e-44 4.08071485e-44 4.54773480e-44
9.60000000e+03 4.33795823e-44 4.09383800e-44 4.55932709e-44
9.70000000e+03 4.34940260e-44 4.10691021e-44 4.57090265e-44
9.80000000e+03 4.36081277e-44 4.11993239e-44 4.58246075e-44
9.90000000e+03 4.37218902e-44 4.13290538e-44 4.59400067e-44
1.00000000e+04 4.38353167e-44 4.14582997e-44 4.60552168e-44
1.01000000e+04 4.39484085e-44 4.15870692e-44 4.61702307e-44
1.02000000e+04 4.40611724e-44 4.17153693e-44 4.62850413e-44
1.03000000e+04 4.41736069e-44 4.18432068e-44 4.63996418e-44
1.04000000e+04 4.42857159e-44 4.19705879e-44 4.65140253e-44
1.05000000e+04 4.43975024e-44 4.20975185e-44 4.66281853e-44
1.06000000e+04 4.45089667e-44 4.22240043e-44 4.67421152e-44
1.07000000e+04 4.46201130e-44 4.23500505e-44 4.68558087e-44
1.08000000e+04 4.47309428e-44 4.24756620e-44 4.69692598e-44
1.09000000e+04 4.48414580e-44 4.26008434e-44 4.70824624e-44
1.10000000e+04 4.49516607e-44 4.27255992e-44 4.71954164e-44
1.11000000e+04 4.50615526e-44 4.28499334e-44 4.73080996e-44
1.12000000e+04 4.51711355e-44 4.29738499e-44 4.74205231e-44
1.13000000e+04 4.52804111e-44 4.30973522e-44 4.75326763e-44
1.14000000e+04 4.53893811e-44 4.32204439e-44 4.76445541e-44
1.15000000e+04 4.54980469e-44 4.33431280e-44 4.77561516e-44
1.16000000e+04 4.56064101e-44 4.34654075e-44 4.78674643e-44
1.17000000e+04 4.57144719e-44 4.35872852e-44 4.79784875e-44
1.18000000e+04 4.58222337e-44 4.37087638e-44 4.80892169e-44
1.19000000e+04 4.59296967e-44 4.38298456e-44 4.81996485e-44
1.20000000e+04 4.60368621e-44 4.39505330e-44 4.83097781e-44
1.21000000e+04 4.61437309e-44 4.40708280e-44 4.84196019e-44
1.22000000e+04 4.62503042e-44 4.41907327e-44 4.85291161e-44
1.23000000e+04 4.63565830e-44 4.43102489e-44 4.86383172e-44
1.24000000e+04 4.64625680e-44 4.44293783e-44 4.87472017e-44
1.25000000e+04 4.65682600e-44 4.45481225e-44 4.88557663e-44
1.26000000e+04 4.66736600e-44 4.46664830e-44 4.89640078e-44
1.27000000e+04 4.67787683e-44 4.47844612e-44 4.90719231e-44
1.28000000e+04 4.68835858e-44 4.49020570e-44 4.91795091e-44
1.29000000e+04 4.69881129e-44 4.50192754e-44 4.92867631e-44
1.30000000e+04 4.70923482e-44 4.51361137e-44 4.93936822e-44
1.31000000e+04 4.71962978e-44 4.52525741e-44 4.95002638e-44
1.32000000e+04 4.72999564e-44 4.53686575e-44 4.96065052e-44
1.33000000e+04 4.74033261e-44 4.54843647e-44 4.97124040e-44
1.34000000e+04 4.75064072e-44 4.55996965e-44 4.98179577e-44
1.35000000e+04 4.76092000e-44 4.57146535e-44 4.99231640e-44
1.36000000e+04 4.77117041e-44 4.58292362e-44 5.00280206e-44
1.37000000e+04 4.78139202e-44 4.59434453e-44 5.01325252e-44
1.38000000e+04 4.79158480e-44 4.60572811e-44 5.02366759e-44
1.39000000e+04 4.80174876e-44 4.61707441e-44 5.03404705e-44
1.40000000e+04 4.81188388e-44 4.62838345e-44 5.04439069e-44
1.41000000e+04 4.82199015e-44 4.63965528e-44 5.05469833e-44
1.42000000e+04 4.83206755e-44 4.65088990e-44 5.06496977e-44
1.43000000e+04 4.84211606e-44 4.66208735e-44 5.07520483e-44
1.44000000e+04 4.85213566e-44 4.67324763e-44 5.08540333e-44
1.45000000e+04 4.86212631e-44 4.68437075e-44 5.09556510e-44
1.46000000e+04 4.87208798e-44 4.69545674e-44 5.10568997e-44
1.47000000e+04 4.88202063e-44 4.70650554e-44 5.11577778e-44
1.48000000e+04 4.89192449e-44 4.71751721e-44 5.12582837e-44
1.49000000e+04 4.90179871e-44 4.72849172e-44 5.13584157e-44
1.50000000e+04 4.91164404e-44 4.73942906e-44 5.14581725e-44
1.51000000e+04 4.92146018e-44 4.75032923e-44 5.15575526e-44
1.52000000e+04 4.93124705e-44 4.76119220e-44 5.16565546e-44
1.53000000e+04 4.94100480e-44 4.77201797e-44 5.17551770e-44
1.54000000e+04 4.95073282e-44 4.78280651e-44 5.18534186e-44
1.55000000e+04 4.96043158e-44 4.79355780e-44 5.19512781e-44
1.56000000e+04 4.97010086e-44 4.80427182e-44 5.20487543e-44
1.57000000e+04 4.97974058e-44 4.81494854e-44 5.21458460e-44
1.58000000e+04 4.98935067e-44 4.82558794e-44 5.22425519e-44
1.59000000e+04 4.99893097e-44 4.83618999e-44 5.23388711e-44
1.60000000e+04 5.00848173e-44 4.84675466e-44 5.24348024e-44
1.61000000e+04 5.01800256e-44 4.85728193e-44 5.25303447e-44
1.62000000e+04 5.02749349e-44 4.86777175e-44 5.26254972e-44
1.63000000e+04 5.03695445e-44 4.87822411e-44 5.27202589e-44
1.64000000e+04 5.04638537e-44 4.88863896e-44 5.28146288e-44
1.65000000e+04 5.05578618e-44 4.89901673e-44 5.29086062e-44
1.66000000e+04 5.06515680e-44 4.90935604e-44 5.30021901e-44
1.67000000e+04 5.07449718e-44 4.91965820e-44 5.30953798e-44
1.68000000e+04 5.08380722e-44 4.92992273e-44 5.31881747e-44
1.69000000e+04 5.09308687e-44 4.94014960e-44 5.32805739e-44
1.70000000e+04 5.10233604e-44 4.95033878e-44 5.33725769e-44
1.71000000e+04 5.11155467e-44 4.96049023e-44 5.34641831e-44
1.72000000e+04 5.12074269e-44 4.97060393e-44 5.35553919e-44
1.73000000e+04 5.12990003e-44 4.98067985e-44 5.36462029e-44
1.74000000e+04 5.13902661e-44 4.99071796e-44 5.37366154e-44
1.75000000e+04 5.14812238e-44 5.00071824e-44 5.38266293e-44
1.76000000e+04 5.15718726e-44 5.01068065e-44 5.39162439e-44
1.77000000e+04 5.16622120e-44 5.02060517e-44 5.40054591e-44
1.78000000e+04 5.17522412e-44 5.03049178e-44 5.40942746e-44
1.79000000e+04 5.18419596e-44 5.04034046e-44 5.41826901e-44
1.80000000e+04 5.19313667e-44 5.05015118e-44 5.42707054e-44
1.81000000e+04 5.20204618e-44 5.05992394e-44 5.43583204e-44
1.82000000e+04 5.21092444e-44 5.06965870e-44 5.44455350e-44
1.83000000e+04 5.21977139e-44 5.07935547e-44 5.45323491e-44
1.84000000e+04 5.22858698e-44 5.08901421e-44 5.46187628e-44
1.85000000e+04 5.23737116e-44 5.09863494e-44 5.47047761e-44
1.86000000e+04 5.24612387e-44 5.10821762e-44 5.47903891e-44
1.87000000e+04 5.25484508e-44 5.11776227e-44 5.48756018e-44
1.88000000e+04 5.26353474e-44 5.12726887e-44 5.49604146e-44
1.89000000e+04 5.27219281e-44 5.13673742e-44 5.50448276e-44
1.90000000e+04 5.28081924e-44 5.14616793e-44 5.51288410e-44
1.91000000e+04 5.28941399e-44 5.15556039e-44 5.52124553e-44
1.92000000e+04 5.29797705e-44 5.16491470e-44 5.52956708e-44
1.93000000e+04 5.30650836e-44 5.17423121e-44 5.53784879e-44
1.94000000e+04 5.31500792e-44 5.18350958e-44 5.54609070e-44
1.95000000e+04 5.32347567e-44 5.19274995e-44 5.55429287e-44
1.96000000e+04 5.33191161e-44 5.20195233e-44 5.56245535e-44
1.97000000e+04 5.34031572e-44 5.21111674e-44 5.57057820e-44
1.98000000e+04 5.34868796e-44 5.22024320e-44 5.57866148e-44
1.99000000e+04 5.35702834e-44 5.22933174e-44 5.58670526e-44
2.00000000e+04 5.36533683e-44 5.23838237e-44 5.59470962e-44
2.01000000e+04 5.37361343e-44 5.24739514e-44 5.60267462e-44
2.02000000e+04 5.38185813e-44 5.25637007e-44 5.61060035e-44
2.03000000e+04 5.39007093e-44 5.26530721e-44 5.61848690e-44
2.04000000e+04 5.39825182e-44 5.27420658e-44 5.62633435e-44
2.05000000e+04 5.40640081e-44 5.28306823e-44 5.63414225e-44
2.06000000e+04 5.41451791e-44 5.29189221e-44 5.64191233e-44
2.07000000e+04 5.42260311e-44 5.30067856e-44 5.64964344e-44
2.08000000e+04 5.43065644e-44 5.30942733e-44 5.65733510e-44
2.09000000e+04 5.43867791e-44 5.31813858e-44 5.66498854e-44
2.10000000e+04 5.44666753e-44 5.32681236e-44 5.67260351e-44
2.11000000e+04 5.45462532e-44 5.33544873e-44 5.68018011e-44
2.12000000e+04 5.46255132e-44 5.34404775e-44 5.68771847e-44
2.13000000e+04 5.47044553e-44 5.35260949e-44 5.69521871e-44
2.14000000e+04 5.47830801e-44 5.36113401e-44 5.70268096e-44
2.15000000e+04 5.48613876e-44 5.36962139e-44 5.71010535e-44
2.16000000e+04 5.49393784e-44 5.37807169e-44 5.71749201e-44
2.17000000e+04 5.50170528e-44 5.38648500e-44 5.72484109e-44
2.18000000e+04 5.50944111e-44 5.39486140e-44 5.73215272e-44
2.19000000e+04 5.51714539e-44 5.40320096e-44 5.73942705e-44
2.20000000e+04 5.52481816e-44 5.41150376e-44 5.74666422e-44
2.21000000e+04 5.53245947e-44 5.41976991e-44 5.75386439e-44
2.22000000e+04 5.54006937e-44 5.42799949e-44 5.76102771e-44
2.23000000e+04 5.54764792e-44 5.43619258e-44 5.76815433e-44
2.24000000e+04 5.55519517e-44 5.44434929e-44 5.77524442e-44
2.25000000e+04 5.56271119e-44 5.45246972e-44 5.78229813e-44
2.26000000e+04 5.57019604e-44 5.46055395e-44 5.78931564e-44
2.27000000e+04 5.57764978e-44 5.46860211e-44 5.79629711e-44
2.28000000e+04 5.58507249e-44 5.47661429e-44 5.80324271e-44
2.29000000e+04 5.59246423e-44 5.48459060e-44 5.81015261e-44
2.30000000e+04 5.59982508e-44 5.49253116e-44 5.81702699e-44
2.31000000e+04 5.60715512e-44 5.50043607e-44 5.82386603e-44
2.32000000e+04 5.61445443e-44 5.50830545e-44 5.83066991e-44
2.33000000e+04 5.62172308e-44 5.51613942e-44 5.83743881e-44
2.34000000e+04 5.62896116e-44 5.52393811e-44 5.84417296e-44
2.35000000e+04 5.63616876e-44 5.53170162e-44 5.85087239e-44
2.36000000e+04 5.64334596e-44 5.53943009e-44 5.85753746e-44
2.37000000e+04 5.65049286e-44 5.54712365e-44 5.86416830e-44
2.38000000e+04 5.65760955e-44 5.55478242e-44 5.87076510e-44
2.39000000e+04 5.66469612e-44 5.56240654e-44 5.87732806e-44
2.40000000e+04 5.67175268e-44 5.56999614e-44 5.88385737e-44
2.41000000e+04 5.67877932e-44 5.57755134e-44 5.89035323e-44
2.42000000e+04 5.68577614e-44 5.58507231e-44 5.89681584e-44
2.43000000e+04 5.69274325e-44 5.59255916e-44 5.90324541e-44
2.44000000e+04 5.69968076e-44 5.60001204e-44 5.90964212e-44
2.45000000e+04 5.70658878e-44 5.60743110e-44 5.91600620e-44
2.46000000e+04 5.71346740e-44 5.61481648e-44 5.92233784e-44
2.47000000e+04 5.72031675e-44 5.62216833e-44 5.92863724e-44
2.48000000e+04 5.72713694e-44 5.62948679e-44 5.93490463e-44
2.49000000e+04 5.73392808e-44 5.63677202e-44 5.94114020e-44
2.50000000e+04 5.74069029e-44 5.64402417e-44 5.94734417e-44
2.51000000e+04 5.74742370e-44 5.65124339e-44 5.95351674e-44
2.52000000e+04 5.75412842e-44 5.65842983e-44 5.95965814e-44
2.53000000e+04 5.76080457e-44 5.66558366e-44 5.96576856e-44
2.54000000e+04 5.76745228e-44 5.67270503e-44 5.97184824e-44
2.55000000e+04 5.77407167e-44 5.67979409e-44 5.97789738e-44
2.56000000e+04 5.78066287e-44 5.68685102e-44 5.98391619e-44
2.57000000e+04 5.78722601e-44 5.69387596e-44 5.98990490e-44
2.58000000e+04 5.79376123e-44 5.70086909e-44 5.99586371e-44
2.59000000e+04 5.80026864e-44 5.70783057e-44 6.00179286e-44
2.60000000e+04 5.80674838e-44 5.71476057e-44 6.00769255e-44
2.61000000e+04 5.81320059e-44 5.72165924e-44 6.01356300e-44
2.62000000e+04 5.81962541e-44 5.72852677e-44 6.01940443e-44
2.63000000e+04 5.82602296e-44 5.73536331e-44 6.02521707e-44
2.64000000e+04 5.83239339e-44 5.74216904e-44 6.03100112e-44
2.65000000e+04 5.83873683e-44 5.74894413e-44 6.03675682e-44
2.66000000e+04 5.84505343e-44 5.75568875e-44 6.04248437e-44
2.67000000e+04 5.85134333e-44 5.76240307e-44 6.04818401e-44
2.68000000e+04 5.85760666e-44 5.76908727e-44 6.05385594e-44
2.69000000e+04 5.86384373e-44 5.77574151e-44 6.05950040e-44
2.70000000e+04 5.87005420e-44 5.78236599e-44 6.06511759e-44
2.71000000e+04 5.87623871e-44 5.78896086e-44 6.07070775e-44
2.72000000e+04 5.88239722e-44 5.79552631e-44 6.07627109e-44
2.73000000e+04 5.88852990e-44 5.80206252e-44 6.08180783e-44
2.74000000e+04 5.89463688e-44 5.80856965e-44 6.08731819e-44
2.75000000e+04 5.90071852e-44 5.81504790e-44 6.09280238e-44
2.76000000e+04 5.90677437e-44 5.82149744e-44 6.09826064e-44
2.77000000e+04 5.91280516e-44 5.82791844e-44 6.10369318e-44
2.78000000e+04 5.91881085e-44 5.83431109e-44 6.10910021e-44
2.79000000e+04 5.92479160e-44 5.84067557e-44 6.11448197e-44
2.80000000e+04 5.93074755e-44 5.84701205e-44 6.11983865e-44
2.81000000e+04 5.93667886e-44 5.85332072e-44 6.12517049e-44
2.82000000e+04 5.94258567e-44 5.85960176e-44 6.13047770e-44
2.83000000e+04 5.94846814e-44 5.86585535e-44 6.13576049e-44
2.84000000e+04 5.95432642e-44 5.87208168e-44 6.14101908e-44
2.85000000e+04 5.96016067e-44 5.87828091e-44 6.14625370e-44
2.86000000e+04 5.96597103e-44 5.88445324e-44 6.15146454e-44
2.87000000e+04 5.97175766e-44 5.89059885e-44 6.15665183e-44
2.88000000e+04 5.97752072e-44 5.89671791e-44 6.16181579e-44
2.89000000e+04 5.98326036e-44 5.90281062e-44 6.16695661e-44
2.90000000e+04 5.98897673e-44 5.90887715e-44 6.17207453e-44
2.91000000e+04 5.99466999e-44 5.91491768e-44 6.17716974e-44
2.92000000e+04 6.00034030e-44 5.92093240e-44 6.18224246e-44
2.93000000e+04 6.00598765e-44 5.92692149e-44 6.18729291e-44
2.94000000e+04 6.01161265e-44 5.93288514e-44 6.19232128e-44
2.95000000e+04 6.01721502e-44 5.93882351e-44 6.19732778e-44
2.96000000e+04 6.02279505e-44 5.94473680e-44 6.20231264e-44
2.97000000e+04 6.02835289e-44 5.95062518e-44 6.20727604e-44
2.98000000e+04 6.03388871e-44 5.95648884e-44 6.21221820e-44
2.99000000e+04 6.03940266e-44 5.96232796e-44 6.21713933e-44
3.00000000e+04 6.04489489e-44 5.96814272e-44 6.22203962e-44
3.01000000e+04 6.05036557e-44 5.97393330e-44 6.22691928e-44
3.02000000e+04 6.05581483e-44 5.97969988e-44 6.23177851e-44
3.03000000e+04 6.06124285e-44 5.98544264e-44 6.23661752e-44
3.04000000e+04 6.06664977e-44 5.99116176e-44 6.24143649e-44
3.05000000e+04 6.07203575e-44 5.99685741e-44 6.24623564e-44
3.06000000e+04 6.07740094e-44 6.00252979e-44 6.25101517e-44
3.07000000e+04 6.08274549e-44 6.00817906e-44 6.25577525e-44
3.08000000e+04 6.08806957e-44 6.01380540e-44 6.26051610e-44
3.09000000e+04 6.09337332e-44 6.01940900e-44 6.26523791e-44
3.10000000e+04 6.09865690e-44 6.02499002e-44 6.26994087e-44
3.11000000e+04 6.10392045e-44 6.03054865e-44 6.27462517e-44
3.12000000e+04 6.10916414e-44 6.03608507e-44 6.27929101e-44
3.13000000e+04 6.11438812e-44 6.04159943e-44 6.28393857e-44
3.14000000e+04 6.11959253e-44 6.04709194e-44 6.28856805e-44
3.15000000e+04 6.12477753e-44 6.05256274e-44 6.29317963e-44
3.16000000e+04 6.12994327e-44 6.05801203e-44 6.29777350e-44
3.17000000e+04 6.13508989e-44 6.06343997e-44 6.30234984e-44
3.18000000e+04 6.14021781e-44 6.06884674e-44 6.30690884e-44
3.19000000e+04 6.14532643e-44 6.07423251e-44 6.31145068e-44
3.20000000e+04 6.15041663e-44 6.07959744e-44 6.31597555e-44
3.21000000e+04 6.15548832e-44 6.08494172e-44 6.32048362e-44
3.22000000e+04 6.16054164e-44 6.09026551e-44 6.32497508e-44
3.23000000e+04 6.16557676e-44 6.09556897e-44 6.32945010e-44
3.24000000e+04 6.17059380e-44 6.10085229e-44 6.33390886e-44
3.25000000e+04 6.17559293e-44 6.10611562e-44 6.33835153e-44
3.26000000e+04 6.18057428e-44 6.11135913e-44 6.34277829e-44
3.27000000e+04 6.18553800e-44 6.11658300e-44 6.34718932e-44
3.28000000e+04 6.19048424e-44 6.12178738e-44 6.35158478e-44
3.29000000e+04 6.19541315e-44 6.12697244e-44 6.35596485e-44
3.30000000e+04 6.20032485e-44 6.13213835e-44 6.36032969e-44
3.31000000e+04 6.20521951e-44 6.13728526e-44 6.36467947e-44
3.32000000e+04 6.21009726e-44 6.14241335e-44 6.36901436e-44
3.33000000e+04 6.21495827e-44 6.14752276e-44 6.37333453e-44
3.34000000e+04 6.21980261e-44 6.15261368e-44 6.37764014e-44
3.35000000e+04 6.22463048e-44 6.15768624e-44 6.38193135e-44
3.36000000e+04 6.22944202e-44 6.16274062e-44 6.38620832e-44
3.37000000e+04 6.23423735e-44 6.16777697e-44 6.39047122e-44
3.38000000e+04 6.23901661e-44 6.17279545e-44 6.39472020e-44
3.39000000e+04 6.24377995e-44 6.17779621e-44 6.39895542e-44
3.40000000e+04 6.24852751e-44 6.18277942e-44 6.40317704e-44
3.41000000e+04 6.25325941e-44 6.18774522e-44 6.40738522e-44
3.42000000e+04 6.25797579e-44 6.19269377e-44 6.41158010e-44
3.43000000e+04 6.26267680e-44 6.19762523e-44 6.41576184e-44
3.44000000e+04 6.26736255e-44 6.20253974e-44 6.41993059e-44
3.45000000e+04 6.27203320e-44 6.20743746e-44 6.42408650e-44
3.46000000e+04 6.27668887e-44 6.21231854e-44 6.42822973e-44
3.47000000e+04 6.28132990e-44 6.21718313e-44 6.43236040e-44
3.48000000e+04 6.28595580e-44 6.22203137e-44 6.43647869e-44
3.49000000e+04 6.29056732e-44 6.22686342e-44 6.44058472e-44
3.50000000e+04 6.29516439e-44 6.23167942e-44 6.44467864e-44
3.51000000e+04 6.29974714e-44 6.23647951e-44 6.44876059e-44
3.52000000e+04 6.30431569e-44 6.24126385e-44 6.45283072e-44
3.53000000e+04 6.30887018e-44 6.24603258e-44 6.45688917e-44
3.54000000e+04 6.31341072e-44 6.25078583e-44 6.46093607e-44
3.55000000e+04 6.31793746e-44 6.25552375e-44 6.46497156e-44
3.56000000e+04 6.32245050e-44 6.26024649e-44 6.46899577e-44
3.57000000e+04 6.32694998e-44 6.26495418e-44 6.47300885e-44
3.58000000e+04 6.33143602e-44 6.26964696e-44 6.47701092e-44
3.59000000e+04 6.33590874e-44 6.27432498e-44 6.48100212e-44
3.60000000e+04 6.34036827e-44 6.27898836e-44 6.48498257e-44
3.61000000e+04 6.34481473e-44 6.28363724e-44 6.48895241e-44
3.62000000e+04 6.34924823e-44 6.28827177e-44 6.49291177e-44
3.63000000e+04 6.35366891e-44 6.29289232e-44 6.49686077e-44
3.64000000e+04 6.35807687e-44 6.29749827e-44 6.50079954e-44
3.65000000e+04 6.36247223e-44 6.30209052e-44 6.50472820e-44
3.66000000e+04 6.36685512e-44 6.30666894e-44 6.50864413e-44
3.67000000e+04 6.37122565e-44 6.31123367e-44 6.51255569e-44
3.68000000e+04 6.37558394e-44 6.31578483e-44 6.51645477e-44
3.69000000e+04 6.37993009e-44 6.32032254e-44 6.52034422e-44
3.70000000e+04 6.38426423e-44 6.32484695e-44 6.52422418e-44
3.71000000e+04 6.38858647e-44 6.32935818e-44 6.52809475e-44
3.72000000e+04 6.39289692e-44 6.33385634e-44 6.53195605e-44
3.73000000e+04 6.39719569e-44 6.33834158e-44 6.53580820e-44
3.74000000e+04 6.40148290e-44 6.34281400e-44 6.53965131e-44
3.75000000e+04 6.40575864e-44 6.34727374e-44 6.54348550e-44
3.76000000e+04 6.41002305e-44 6.35172092e-44 6.54731087e-44
3.77000000e+04 6.41427621e-44 6.35615565e-44 6.55112754e-44
3.78000000e+04 6.41851824e-44 6.36057806e-44 6.55493561e-44
3.79000000e+04 6.42274925e-44 6.36498826e-44 6.55873519e-44
3.80000000e+04 6.42696934e-44 6.36938639e-44 6.56252640e-44
3.81000000e+04 6.43117862e-44 6.37377254e-44 6.56630933e-44
3.82000000e+04 6.43537718e-44 6.37814684e-44 6.57008409e-44
3.83000000e+04 6.43956515e-44 6.38250941e-44 6.57385078e-44
3.84000000e+04 6.44374261e-44 6.38686035e-44 6.57760951e-44
3.85000000e+04 6.44790967e-44 6.39119979e-44 6.58136038e-44
3.86000000e+04 6.45206643e-44 6.39552783e-44 6.58510349e-44
3.87000000e+04 6.45621299e-44 6.39984459e-44 6.58883894e-44
3.88000000e+04 6.46034945e-44 6.40415017e-44 6.59256682e-44
3.89000000e+04 6.46447592e-44 6.40844469e-44 6.59628724e-44
3.90000000e+04 6.46859248e-44 6.41272826e-44 6.60000028e-44
3.91000000e+04 6.47269923e-44 6.41700098e-44 6.60370604e-44
3.92000000e+04 6.47679627e-44 6.42126296e-44 6.60740463e-44
3.93000000e+04 6.48088370e-44 6.42551430e-44 6.61109612e-44
3.94000000e+04 6.48496161e-44 6.42975512e-44 6.61478062e-44
3.95000000e+04 6.48903010e-44 6.43398551e-44 6.61845820e-44
3.96000000e+04 6.49308925e-44 6.43820559e-44 6.62212898e-44
3.97000000e+04 6.49713916e-44 6.44241544e-44 6.62579302e-44
3.98000000e+04 6.50117993e-44 6.44661518e-44 6.62945042e-44
3.99000000e+04 6.50521163e-44 6.45080490e-44 6.63310126e-44
4.00000000e+04 6.50923437e-44 6.45498471e-44 6.63674564e-44
4.01000000e+04 6.51324823e-44 6.45915470e-44 6.64038363e-44
4.02000000e+04 6.51725330e-44 6.46331497e-44 6.64401532e-44
4.03000000e+04 6.52124967e-44 6.46746561e-44 6.64764080e-44
4.04000000e+04 6.52523742e-44 6.47160673e-44 6.65126013e-44
4.05000000e+04 6.52921664e-44 6.47573842e-44 6.65487341e-44
4.06000000e+04 6.53318741e-44 6.47986078e-44 6.65848072e-44
4.07000000e+04 6.53714983e-44 6.48397389e-44 6.66208213e-44
4.08000000e+04 6.54110397e-44 6.48807785e-44 6.66567772e-44
4.09000000e+04 6.54504991e-44 6.49217275e-44 6.66926757e-44
4.10000000e+04 6.54898775e-44 6.49625869e-44 6.67285175e-44
4.11000000e+04 6.55291756e-44 6.50033575e-44 6.67643035e-44
4.12000000e+04 6.55683941e-44 6.50440402e-44 6.68000342e-44
4.13000000e+04 6.56075340e-44 6.50846360e-44 6.68357106e-44
4.14000000e+04 6.56465960e-44 6.51251456e-44 6.68713332e-44
4.15000000e+04 6.56855809e-44 6.51655700e-44 6.69069029e-44
4.16000000e+04 6.57244894e-44 6.52059100e-44 6.69424203e-44
4.17000000e+04 6.57633224e-44 6.52461665e-44 6.69778861e-44
4.18000000e+04 6.58020807e-44 6.52863402e-44 6.70133010e-44
4.19000000e+04 6.58407648e-44 6.53264322e-44 6.70486657e-44
4.20000000e+04 6.58793757e-44 6.53664431e-44 6.70839808e-44
4.21000000e+04 6.59179125e-44 6.54063738e-44 6.71192472e-44
4.22000000e+04 6.59563806e-44 6.54462251e-44 6.71544653e-44
4.23000000e+04 6.59947760e-44 6.54859979e-44 6.71896358e-44
4.24000000e+04 6.60331011e-44 6.55256928e-44 6.72247594e-44
4.25000000e+04 6.60713566e-44 6.55653108e-44 6.72598367e-44
4.26000000e+04 6.61095431e-44 6.56048525e-44 6.72948684e-44
4.27000000e+04 6.61476614e-44 6.56443188e-44 6.73298550e-44
4.28000000e+04 6.61857121e-44 6.56837104e-44 6.73647971e-44
4.29000000e+04 6.62236960e-44 6.57230281e-44 6.73996954e-44
4.30000000e+04 6.62616137e-44 6.57622726e-44 6.74345505e-44
4.31000000e+04 6.62994659e-44 6.58014447e-44 6.74693629e-44
4.32000000e+04 6.63372533e-44 6.58405450e-44 6.75041332e-44
4.33000000e+04 6.63749765e-44 6.58795745e-44 6.75388621e-44
4.34000000e+04 6.64126362e-44 6.59185336e-44 6.75735499e-44
4.35000000e+04 6.64502330e-44 6.59574232e-44 6.76081974e-44
4.36000000e+04 6.64877675e-44 6.59962440e-44 6.76428050e-44
4.37000000e+04 6.65252405e-44 6.60349967e-44 6.76773733e-44
4.38000000e+04 6.65626525e-44 6.60736819e-44 6.77119028e-44
4.39000000e+04 6.66000042e-44 6.61123004e-44 6.77463941e-44
4.40000000e+04 6.66372961e-44 6.61508528e-44 6.77808476e-44
4.41000000e+04 6.66745290e-44 6.61893398e-44 6.78152639e-44
4.42000000e+04 6.67117027e-44 6.62277620e-44 6.78496436e-44
4.43000000e+04 6.67488196e-44 6.62661202e-44 6.78839870e-44
4.44000000e+04 6.67858787e-44 6.63044149e-44 6.79182947e-44
4.45000000e+04 6.68228809e-44 6.63426469e-44 6.79525671e-44
4.46000000e+04 6.68598271e-44 6.63808166e-44 6.79868048e-44
4.47000000e+04 6.68967176e-44 6.64189249e-44 6.80210082e-44
4.48000000e+04 6.69335531e-44 6.64569722e-44 6.80551778e-44
4.49000000e+04 6.69703341e-44 6.64949592e-44 6.80893141e-44
4.50000000e+04 6.70070628e-44 6.65328866e-44 6.81234174e-44
4.51000000e+04 6.70437349e-44 6.65707549e-44 6.81574883e-44
4.52000000e+04 6.70803558e-44 6.66085647e-44 6.81915272e-44
4.53000000e+04 6.71169245e-44 6.66463166e-44 6.82255345e-44
4.54000000e+04 6.71534413e-44 6.66840112e-44 6.82595106e-44
4.55000000e+04 6.71899070e-44 6.67216491e-44 6.82934560e-44
4.56000000e+04 6.72263219e-44 6.67592308e-44 6.83273711e-44
4.57000000e+04 6.72626866e-44 6.67967569e-44 6.83612562e-44
4.58000000e+04 6.72990017e-44 6.68342280e-44 6.83951119e-44
4.59000000e+04 6.73352675e-44 6.68716447e-44 6.84289385e-44
4.60000000e+04 6.73714847e-44 6.69090074e-44 6.84627363e-44
4.61000000e+04 6.74076537e-44 6.69463166e-44 6.84965059e-44
4.62000000e+04 6.74437750e-44 6.69835731e-44 6.85302475e-44
4.63000000e+04 6.74798490e-44 6.70207772e-44 6.85639615e-44
4.64000000e+04 6.75158763e-44 6.70579295e-44 6.85976484e-44
4.65000000e+04 6.75518574e-44 6.70950305e-44 6.86313084e-44
4.66000000e+04 6.75877926e-44 6.71320808e-44 6.86649420e-44
4.67000000e+04 6.76236825e-44 6.71690807e-44 6.86985494e-44
4.68000000e+04 6.76595274e-44 6.72060309e-44 6.87321311e-44
4.69000000e+04 6.76953280e-44 6.72429319e-44 6.87656874e-44
4.70000000e+04 6.77310845e-44 6.72797840e-44 6.87992186e-44
4.71000000e+04 6.77667952e-44 6.73165879e-44 6.88327250e-44
4.72000000e+04 6.78024674e-44 6.73533439e-44 6.88662070e-44
4.73000000e+04 6.78380946e-44 6.73900526e-44 6.88996650e-44
4.74000000e+04 6.78736795e-44 6.74267144e-44 6.89330991e-44
4.75000000e+04 6.79092226e-44 6.74633297e-44 6.89665098e-44
4.76000000e+04 6.79447242e-44 6.74998991e-44 6.89998974e-44
4.77000000e+04 6.79801849e-44 6.75364230e-44 6.90332621e-44
4.78000000e+04 6.80156049e-44 6.75729019e-44 6.90666043e-44
4.79000000e+04 6.80509847e-44 6.76093361e-44 6.90999242e-44
4.80000000e+04 6.80863241e-44 6.76457261e-44 6.91332221e-44
4.81000000e+04 6.81216254e-44 6.76820724e-44 6.91664984e-44
4.82000000e+04 6.81568870e-44 6.77183753e-44 6.91997533e-44
4.83000000e+04 6.81921099e-44 6.77546353e-44 6.92329871e-44
4.84000000e+04 6.82272946e-44 6.77908528e-44 6.92662001e-44
4.85000000e+04 6.82624414e-44 6.78270283e-44 6.92993924e-44
4.86000000e+04 6.82975507e-44 6.78631621e-44 6.93325590e-44
4.87000000e+04 6.83326228e-44 6.78992546e-44 6.93657165e-44
4.88000000e+04 6.83676582e-44 6.79353062e-44 6.93988488e-44
4.89000000e+04 6.84026571e-44 6.79713174e-44 6.94319615e-44
4.90000000e+04 6.84376200e-44 6.80072884e-44 6.94650549e-44
4.91000000e+04 6.84725471e-44 6.80432198e-44 6.94981292e-44
4.92000000e+04 6.85074389e-44 6.80791118e-44 6.95311848e-44
4.93000000e+04 6.85422956e-44 6.81149648e-44 6.95642218e-44
4.94000000e+04 6.85771176e-44 6.81507793e-44 6.95972404e-44
4.95000000e+04 6.86119053e-44 6.81865555e-44 6.96302409e-44
4.96000000e+04 6.86466589e-44 6.82222939e-44 6.96632236e-44
4.97000000e+04 6.86813787e-44 6.82579948e-44 6.96961885e-44
4.98000000e+04 6.87160652e-44 6.82936585e-44 6.97291361e-44
4.99000000e+04 6.87507187e-44 6.83292854e-44 6.97620663e-44
5.00000000e+04 6.87853393e-44 6.83648759e-44 6.97949796e-44
