# Te [K]  der_Qff_DL [cm^5/K]  Qff_PL [cm^5/K]  Qff_KW [cm^5/K]
3.00000000e+02 9.11695401e-44 2.63948384e-44 3.57428795e-44
4.00000000e+02 9.83079352e-44 2.63957186e-44 3.59556053e-44
5.00000000e+02 1.04737455e-43 2.64647249e-44 3.61651105e-44
6.00000000e+02 1.10009329e-43 2.65856140e-44 3.63730074e-44
7.00000000e+02 1.13518053e-43 2.67473169e-44 3.65792684e-44
8.00000000e+02 1.15016782e-43 2.69416370e-44 3.67837303e-44
9.00000000e+02 1.14620135e-43 2.71618239e-44 3.69864268e-44
1.00000000e+03 1.12651783e-43 2.74021403e-44 3.71875014e-44
1.10000000e+03 1.09504625e-43 2.76577290e-44 3.73870862e-44
1.20000000e+03 1.05554774e-43 2.79245359e-44 3.75852437e-44
1.30000000e+03 1.01121675e-43 2.81992259e-44 3.77819564e-44
1.40000000e+03 9.64569690e-44 2.84790945e-44 3.79771391e-44
1.50000000e+03 9.17481395e-44 2.87619776e-44 3.81706608e-44
1.60000000e+03 8.71282204e-44 2.90461658e-44 3.83623663e-44
1.70000000e+03 8.26868879e-44 2.93303271e-44 3.85520911e-44
1.80000000e+03 7.84807426e-44 2.96134386e-44 3.87396764e-44
1.90000000e+03 7.45419657e-44 2.98947269e-44 3.89249750e-44
2.00000000e+03 7.08852129e-44 3.01736188e-44 3.91078588e-44
2.10000000e+03 6.75129128e-44 3.04496989e-44 3.92882195e-44
2.20000000e+03 6.44192342e-44 3.07226755e-44 3.94659701e-44
2.30000000e+03 6.15929991e-44 3.09923523e-44 3.96410425e-44
2.40000000e+03 5.90197824e-44 3.12586061e-44 3.98133870e-44
2.50000000e+03 5.66834014e-44 3.15213689e-44 3.99829681e-44
2.60000000e+03 5.45669513e-44 3.17806133e-44 4.01497632e-44
2.70000000e+03 5.26535098e-44 3.20363418e-44 4.03137591e-44
2.80000000e+03 5.09266016e-44 3.22885774e-44 4.04749492e-44
2.90000000e+03 4.93704916e-44 3.25373579e-44 4.06333329e-44
3.00000000e+03 4.79703568e-44 3.27827302e-44 4.07889131e-44
3.10000000e+03 4.67123732e-44 3.30247468e-44 4.09416951e-44
3.20000000e+03 4.55837461e-44 3.32634626e-44 4.10916859e-44
3.30000000e+03 4.45726997e-44 3.34989329e-44 4.12388940e-44
3.40000000e+03 4.36684427e-44 3.37312127e-44 4.13833279e-44
3.50000000e+03 4.28611190e-44 3.39603519e-44 4.15249979e-44
3.60000000e+03 4.21417479e-44 3.41864090e-44 4.16639146e-44
3.70000000e+03 4.15021620e-44 3.44094227e-44 4.18000903e-44
3.80000000e+03 4.09349434e-44 3.46294400e-44 4.19335378e-44
3.90000000e+03 4.04333615e-44 3.48465019e-44 4.20642715e-44
4.00000000e+03 3.99913133e-44 3.50606461e-44 4.21923041e-44
4.10000000e+03 3.96032670e-44 3.52719074e-44 4.23176671e-44
4.20000000e+03 3.92642094e-44 3.54803181e-44 4.24403680e-44
4.30000000e+03 3.89695975e-44 3.56859077e-44 4.25604342e-44
4.40000000e+03 3.87153127e-44 3.58887037e-44 4.26778908e-44
4.50000000e+03 3.84976274e-44 3.60887315e-44 4.27927653e-44
4.60000000e+03 3.83131529e-44 3.62860149e-44 4.29050875e-44
4.70000000e+03 3.81588209e-44 3.64805764e-44 4.30148906e-44
4.80000000e+03 3.80318459e-44 3.66724372e-44 4.31222080e-44
4.90000000e+03 3.79296987e-44 3.68616174e-44 4.32270765e-44
5.00000000e+03 3.78500822e-44 3.70481371e-44 4.33295349e-44
5.10000000e+03 3.77909087e-44 3.72320041e-44 4.34296221e-44
5.20000000e+03 3.77502796e-44 3.74132703e-44 4.35273833e-44
5.30000000e+03 3.77264673e-44 3.75919217e-44 4.36228582e-44
5.40000000e+03 3.77179019e-44 3.77679879e-44 4.37160923e-44
5.50000000e+03 3.77231491e-44 3.79414881e-44 4.38071307e-44
5.60000000e+03 3.77409049e-44 3.81124412e-44 4.38960107e-44
5.70000000e+03 3.77699795e-44 3.82808668e-44 4.39828060e-44
5.80000000e+03 3.78092875e-44 3.84467850e-44 4.40675363e-44
5.90000000e+03 3.78578384e-44 3.86102176e-44 4.41502578e-44
6.00000000e+03 3.79147274e-44 3.87711806e-44 4.42310182e-44
6.10000000e+03 3.79791277e-44 3.89297005e-44 4.43098644e-44
6.20000000e+03 3.80502852e-44 3.90857976e-44 4.43868434e-44
6.30000000e+03 3.81275076e-44 3.92394939e-44 4.44619991e-44
6.40000000e+03 3.82101636e-44 3.93908133e-44 4.45353854e-44
6.50000000e+03 3.82976745e-44 3.95397813e-44 4.46070400e-44
6.60000000e+03 3.83895117e-44 3.96864164e-44 4.46770101e-44
6.70000000e+03 3.84851890e-44 3.98307442e-44 4.47453398e-44
6.80000000e+03 3.85842647e-44 3.99727961e-44 4.48120715e-44
6.90000000e+03 3.86863285e-44 4.01125923e-44 4.48772495e-44
7.00000000e+03 3.87910097e-44 4.02501596e-44 4.49409128e-44
7.10000000e+03 3.88979654e-44 4.03855244e-44 4.50031025e-44
7.20000000e+03 3.90068837e-44 4.05187131e-44 4.50638556e-44
7.30000000e+03 3.91174758e-44 4.06497529e-44 4.51232167e-44
7.40000000e+03 3.92294786e-44 4.07786703e-44 4.51812163e-44
7.50000000e+03 3.93426506e-44 4.09054928e-44 4.52378926e-44
7.60000000e+03 3.94567697e-44 4.10302441e-44 4.52932803e-44
7.70000000e+03 3.95716347e-44 4.11529624e-44 4.53474101e-44
7.80000000e+03 3.96870576e-44 4.12736635e-44 4.54003239e-44
7.90000000e+03 3.98028685e-44 4.13923817e-44 4.54520374e-44
8.00000000e+03 3.99189093e-44 4.15091415e-44 4.55026037e-44
8.10000000e+03 4.00350424e-44 4.16239707e-44 4.55520357e-44
8.20000000e+03 4.01511312e-44 4.17368987e-44 4.56003592e-44
8.30000000e+03 4.02670587e-44 4.18479512e-44 4.56476104e-44
8.40000000e+03 4.03827160e-44 4.19571557e-44 4.56938126e-44
8.50000000e+03 4.04979954e-44 4.20645396e-44 4.57389912e-44
8.60000000e+03 4.06128168e-44 4.21701298e-44 4.57831706e-44
8.70000000e+03 4.07270898e-44 4.22739527e-44 4.58263721e-44
8.80000000e+03 4.08407399e-44 4.23760350e-44 4.58686235e-44
8.90000000e+03 4.09536982e-44 4.24764028e-44 4.59099415e-44
9.00000000e+03 4.10659012e-44 4.25750821e-44 4.59503482e-44
9.10000000e+03 4.11772922e-44 4.26720985e-44 4.59898636e-44
9.20000000e+03 4.12878206e-44 4.27674764e-44 4.60285069e-44
9.30000000e+03 4.13974380e-44 4.28612437e-44 4.60662965e-44
9.40000000e+03 4.15061029e-44 4.29534223e-44 4.61032498e-44
9.50000000e+03 4.16137773e-44 4.30440374e-44 4.61393839e-44
9.60000000e+03 4.17204261e-44 4.31331131e-44 4.61747148e-44
9.70000000e+03 4.18260187e-44 4.32206731e-44 4.62092582e-44
9.80000000e+03 4.19305326e-44 4.33067407e-44 4.62430288e-44
9.90000000e+03 4.20339385e-44 4.33913390e-44 4.62760412e-44
1.00000000e+04 4.21362168e-44 4.34744890e-44 4.63083088e-44
1.01000000e+04 4.22373490e-44 4.35562163e-44 4.63398450e-44
1.02000000e+04 4.23373205e-44 4.36365397e-44 4.63706633e-44
1.03000000e+04 4.24361124e-44 4.37154817e-44 4.64007729e-44
1.04000000e+04 4.25337179e-44 4.37930633e-44 4.64301884e-44
1.05000000e+04 4.26301251e-44 4.38693051e-44 4.64589199e-44
1.06000000e+04 4.27253259e-44 4.39442262e-44 4.64869794e-44
1.07000000e+04 4.28193137e-44 4.40178504e-44 4.65143737e-44
1.08000000e+04 4.29120834e-44 4.40901933e-44 4.65411162e-44
1.09000000e+04 4.30036308e-44 4.41612741e-44 4.65672169e-44
1.10000000e+04 4.30939542e-44 4.42311156e-44 4.65926800e-44
1.11000000e+04 4.31830523e-44 4.42997323e-44 4.66175193e-44
1.12000000e+04 4.32709239e-44 4.43671443e-44 4.66417417e-44
1.13000000e+04 4.33575707e-44 4.44333673e-44 4.66653557e-44
1.14000000e+04 4.34429933e-44 4.44984206e-44 4.66883680e-44
1.15000000e+04 4.35271951e-44 4.45623207e-44 4.67107880e-44
1.16000000e+04 4.36101796e-44 4.46250842e-44 4.67326210e-44
1.17000000e+04 4.36919499e-44 4.46867276e-44 4.67538757e-44
1.18000000e+04 4.37725110e-44 4.47472669e-44 4.67745585e-44
1.19000000e+04 4.38518681e-44 4.48067181e-44 4.67946759e-44
1.20000000e+04 4.39300273e-44 4.48650955e-44 4.68142345e-44
1.21000000e+04 4.40069931e-44 4.49224154e-44 4.68332397e-44
1.22000000e+04 4.40827746e-44 4.49786922e-44 4.68517009e-44
1.23000000e+04 4.41573773e-44 4.50339403e-44 4.68696184e-44
1.24000000e+04 4.42308090e-44 4.50881740e-44 4.68870020e-44
1.25000000e+04 4.43030775e-44 4.51414071e-44 4.69038560e-44
1.26000000e+04 4.43741905e-44 4.51936522e-44 4.69201859e-44
1.27000000e+04 4.44441572e-44 4.52449260e-44 4.69359969e-44
1.28000000e+04 4.45129853e-44 4.52952383e-44 4.69512942e-44
1.29000000e+04 4.45806836e-44 4.53446038e-44 4.69660827e-44
1.30000000e+04 4.46472619e-44 4.53930324e-44 4.69803673e-44
1.31000000e+04 4.47127286e-44 4.54405393e-44 4.69941527e-44
1.32000000e+04 4.47770929e-44 4.54871367e-44 4.70074437e-44
1.33000000e+04 4.48403647e-44 4.55328331e-44 4.70202448e-44
1.34000000e+04 4.49025532e-44 4.55776435e-44 4.70325604e-44
1.35000000e+04 4.49636682e-44 4.56215781e-44 4.70443950e-44
1.36000000e+04 4.50237190e-44 4.56646478e-44 4.70557528e-44
1.37000000e+04 4.50827161e-44 4.57068648e-44 4.70666382e-44
1.38000000e+04 4.51406693e-44 4.57482383e-44 4.70770551e-44
1.39000000e+04 4.51975862e-44 4.57887802e-44 4.70870078e-44
1.40000000e+04 4.52534802e-44 4.58284999e-44 4.70965003e-44
1.41000000e+04 4.53083597e-44 4.58674079e-44 4.71055366e-44
1.42000000e+04 4.53622340e-44 4.59055142e-44 4.71141205e-44
1.43000000e+04 4.54151135e-44 4.59428293e-44 4.71222560e-44
1.44000000e+04 4.54670082e-44 4.59793610e-44 4.71299468e-44
1.45000000e+04 4.55179279e-44 4.60151207e-44 4.71371968e-44
1.46000000e+04 4.55678825e-44 4.60501166e-44 4.71440097e-44
1.47000000e+04 4.56168804e-44 4.60843584e-44 4.71503892e-44
1.48000000e+04 4.56649355e-44 4.61178548e-44 4.71563388e-44
1.49000000e+04 4.57120543e-44 4.61506148e-44 4.71618624e-44
1.50000000e+04 4.57582475e-44 4.61826469e-44 4.71669634e-44
1.51000000e+04 4.58035232e-44 4.62139598e-44 4.71716454e-44
1.52000000e+04 4.58478933e-44 4.62445618e-44 4.71759120e-44
1.53000000e+04 4.58913660e-44 4.62744612e-44 4.71797666e-44
1.54000000e+04 4.59339514e-44 4.63036654e-44 4.71832127e-44
1.55000000e+04 4.59756594e-44 4.63321846e-44 4.71862538e-44
1.56000000e+04 4.60164996e-44 4.63600245e-44 4.71888934e-44
1.57000000e+04 4.60564787e-44 4.63871878e-44 4.71911340e-44
1.58000000e+04 4.60956091e-44 4.64136983e-44 4.71929814e-44
1.59000000e+04 4.61338988e-44 4.64395495e-44 4.71944364e-44
1.60000000e+04 4.61713570e-44 4.64647510e-44 4.71955036e-44
1.61000000e+04 4.62079929e-44 4.64893118e-44 4.71961860e-44
1.62000000e+04 4.62438156e-44 4.65132386e-44 4.71964870e-44
1.63000000e+04 4.62788335e-44 4.65365387e-44 4.71964099e-44
1.64000000e+04 4.63130553e-44 4.65592191e-44 4.71959579e-44
1.65000000e+04 4.63464915e-44 4.65812864e-44 4.71951343e-44
1.66000000e+04 4.63791490e-44 4.66027478e-44 4.71939425e-44
1.67000000e+04 4.64110368e-44 4.66236096e-44 4.71923855e-44
1.68000000e+04 4.64421640e-44 4.66438786e-44 4.71904667e-44
1.69000000e+04 4.64725385e-44 4.66635613e-44 4.71881893e-44
1.70000000e+04 4.65021688e-44 4.66826655e-44 4.71855564e-44
1.71000000e+04 4.65310635e-44 4.67011928e-44 4.71825712e-44
1.72000000e+04 4.65592297e-44 4.67191565e-44 4.71792364e-44
1.73000000e+04 4.65866778e-44 4.67365555e-44 4.71755568e-44
1.74000000e+04 4.66134137e-44 4.67534007e-44 4.71715337e-44
1.75000000e+04 4.66394465e-44 4.67696973e-44 4.71671710e-44
1.76000000e+04 4.66647837e-44 4.67854505e-44 4.71624718e-44
1.77000000e+04 4.66894330e-44 4.68006664e-44 4.71574391e-44
1.78000000e+04 4.67134025e-44 4.68153514e-44 4.71520760e-44
1.79000000e+04 4.67366997e-44 4.68295093e-44 4.71463856e-44
1.80000000e+04 4.67593318e-44 4.68431481e-44 4.71403710e-44
1.81000000e+04 4.67813072e-44 4.68562715e-44 4.71340352e-44
1.82000000e+04 4.68026331e-44 4.68688853e-44 4.71273813e-44
1.83000000e+04 4.68233161e-44 4.68809973e-44 4.71204117e-44
1.84000000e+04 4.68433643e-44 4.68926101e-44 4.71131289e-44
1.85000000e+04 4.68627844e-44 4.69037300e-44 4.71055409e-44
1.86000000e+04 4.68815839e-44 4.69143621e-44 4.70976445e-44
1.87000000e+04 4.68997694e-44 4.69245117e-44 4.70894450e-44
1.88000000e+04 4.69173478e-44 4.69341840e-44 4.70809452e-44
1.89000000e+04 4.69343269e-44 4.69433840e-44 4.70721482e-44
1.90000000e+04 4.69507127e-44 4.69521167e-44 4.70630569e-44
1.91000000e+04 4.69665122e-44 4.69603872e-44 4.70536742e-44
1.92000000e+04 4.69817321e-44 4.69682002e-44 4.70440029e-44
1.93000000e+04 4.69963790e-44 4.69755607e-44 4.70340468e-44
1.94000000e+04 4.70104594e-44 4.69824740e-44 4.70238064e-44
1.95000000e+04 4.70239797e-44 4.69889432e-44 4.70132863e-44
1.96000000e+04 4.70369465e-44 4.69949747e-44 4.70024902e-44
1.97000000e+04 4.70493658e-44 4.70005726e-44 4.69914194e-44
1.98000000e+04 4.70612441e-44 4.70057414e-44 4.69800771e-44
1.99000000e+04 4.70725879e-44 4.70104852e-44 4.69684661e-44
2.00000000e+04 4.70834025e-44 4.70148100e-44 4.69565893e-44
2.01000000e+04 4.70936948e-44 4.70187188e-44 4.69444494e-44
2.02000000e+04 4.71034703e-44 4.70222165e-44 4.69320492e-44
2.03000000e+04 4.71127348e-44 4.70253074e-44 4.69193913e-44
2.04000000e+04 4.71214947e-44 4.70279959e-44 4.69064784e-44
2.05000000e+04 4.71297554e-44 4.70302862e-44 4.68933144e-44
2.06000000e+04 4.71375226e-44 4.70321825e-44 4.68798990e-44
2.07000000e+04 4.71448020e-44 4.70336891e-44 4.68662376e-44
2.08000000e+04 4.71515998e-44 4.70348101e-44 4.68523320e-44
2.09000000e+04 4.71579204e-44 4.70355496e-44 4.68381848e-44
2.10000000e+04 4.71637703e-44 4.70359116e-44 4.68237987e-44
2.11000000e+04 4.71691542e-44 4.70358996e-44 4.68091761e-44
2.12000000e+04 4.71740780e-44 4.70355193e-44 4.67943198e-44
2.13000000e+04 4.71785467e-44 4.70347730e-44 4.67792323e-44
2.14000000e+04 4.71825657e-44 4.70336650e-44 4.67639160e-44
2.15000000e+04 4.71861401e-44 4.70321992e-44 4.67483736e-44
2.16000000e+04 4.71892751e-44 4.70303795e-44 4.67326076e-44
2.17000000e+04 4.71919757e-44 4.70282095e-44 4.67166204e-44
2.18000000e+04 4.71942469e-44 4.70256932e-44 4.67004145e-44
2.19000000e+04 4.71960938e-44 4.70228345e-44 4.66839924e-44
2.20000000e+04 4.71975211e-44 4.70196366e-44 4.66673566e-44
2.21000000e+04 4.71985338e-44 4.70161032e-44 4.66505094e-44
2.22000000e+04 4.71991367e-44 4.70122381e-44 4.66334553e-44
2.23000000e+04 4.71993346e-44 4.70080448e-44 4.66161926e-44
2.24000000e+04 4.71991318e-44 4.70035268e-44 4.65987236e-44
2.25000000e+04 4.71985334e-44 4.69986872e-44 4.65810548e-44
2.26000000e+04 4.71975439e-44 4.69935308e-44 4.65631866e-44
2.27000000e+04 4.71961680e-44 4.69880596e-44 4.65451211e-44
2.28000000e+04 4.71944092e-44 4.69822775e-44 4.65268608e-44
2.29000000e+04 4.71922735e-44 4.69761878e-44 4.65084079e-44
2.30000000e+04 4.71897641e-44 4.69697942e-44 4.64897646e-44
2.31000000e+04 4.71868858e-44 4.69630995e-44 4.64709334e-44
2.32000000e+04 4.71836430e-44 4.69561072e-44 4.64519160e-44
2.33000000e+04 4.71800398e-44 4.69488205e-44 4.64327151e-44
2.34000000e+04 4.71760803e-44 4.69412426e-44 4.64133327e-44
2.35000000e+04 4.71717687e-44 4.69333767e-44 4.63937700e-44
2.36000000e+04 4.71671092e-44 4.69252259e-44 4.63740322e-44
2.37000000e+04 4.71621059e-44 4.69167931e-44 4.63541184e-44
2.38000000e+04 4.71567627e-44 4.69080824e-44 4.63340318e-44
2.39000000e+04 4.71510836e-44 4.68990953e-44 4.63137743e-44
2.40000000e+04 4.71450727e-44 4.68898359e-44 4.62933481e-44
2.41000000e+04 4.71387336e-44 4.68803069e-44 4.62727554e-44
2.42000000e+04 4.71320704e-44 4.68705105e-44 4.62519980e-44
2.43000000e+04 4.71250872e-44 4.68604518e-44 4.62310781e-44
2.44000000e+04 4.71177865e-44 4.68501317e-44 4.62099978e-44
2.45000000e+04 4.71101732e-44 4.68395537e-44 4.61887589e-44
2.46000000e+04 4.71022510e-44 4.68287206e-44 4.61673634e-44
2.47000000e+04 4.70940231e-44 4.68176353e-44 4.61458134e-44
2.48000000e+04 4.70854932e-44 4.68063005e-44 4.61241107e-44
2.49000000e+04 4.70766649e-44 4.67947197e-44 4.61022574e-44
2.50000000e+04 4.70675418e-44 4.67828939e-44 4.60802553e-44
2.51000000e+04 4.70581272e-44 4.67708281e-44 4.60581065e-44
2.52000000e+04 4.70484247e-44 4.67585225e-44 4.60358123e-44
2.53000000e+04 4.70384376e-44 4.67459817e-44 4.60133752e-44
2.54000000e+04 4.70281693e-44 4.67332078e-44 4.59907967e-44
2.55000000e+04 4.70176234e-44 4.67202034e-44 4.59680789e-44
2.56000000e+04 4.70068029e-44 4.67069710e-44 4.59452233e-44
2.57000000e+04 4.69957106e-44 4.66935132e-44 4.59222320e-44
2.58000000e+04 4.69843515e-44 4.66798325e-44 4.58991065e-44
2.59000000e+04 4.69727268e-44 4.66659312e-44 4.58758488e-44
2.60000000e+04 4.69608406e-44 4.66518128e-44 4.58524606e-44
2.61000000e+04 4.69486961e-44 4.66374787e-44 4.58289435e-44
2.62000000e+04 4.69362957e-44 4.66229317e-44 4.58052999e-44
2.63000000e+04 4.69236430e-44 4.66081742e-44 4.57815298e-44
2.64000000e+04 4.69107411e-44 4.65932086e-44 4.57576365e-44
2.65000000e+04 4.68975929e-44 4.65780374e-44 4.57336212e-44
2.66000000e+04 4.68842014e-44 4.65626628e-44 4.57094856e-44
2.67000000e+04 4.68705692e-44 4.65470873e-44 4.56852312e-44
2.68000000e+04 4.68566995e-44 4.65313131e-44 4.56608597e-44
2.69000000e+04 4.68425952e-44 4.65153424e-44 4.56363727e-44
2.70000000e+04 4.68282591e-44 4.64991779e-44 4.56117719e-44
2.71000000e+04 4.68136939e-44 4.64828211e-44 4.55870587e-44
2.72000000e+04 4.67989024e-44 4.64662749e-44 4.55622347e-44
2.73000000e+04 4.67838875e-44 4.64495412e-44 4.55373016e-44
2.74000000e+04 4.67686518e-44 4.64326223e-44 4.55122608e-44
2.75000000e+04 4.67531980e-44 4.64155203e-44 4.54871139e-44
2.76000000e+04 4.67375287e-44 4.63982373e-44 4.54618623e-44
2.77000000e+04 4.67216467e-44 4.63807755e-44 4.54365077e-44
2.78000000e+04 4.67055545e-44 4.63631371e-44 4.54110514e-44
2.79000000e+04 4.66892546e-44 4.63453242e-44 4.53854948e-44
2.80000000e+04 4.66727497e-44 4.63273384e-44 4.53598396e-44
2.81000000e+04 4.66560423e-44 4.63091821e-44 4.53340871e-44
2.82000000e+04 4.66391348e-44 4.62908570e-44 4.53082387e-44
2.83000000e+04 4.66220297e-44 4.62723662e-44 4.52822963e-44
2.84000000e+04 4.66047296e-44 4.62537106e-44 4.52562606e-44
2.85000000e+04 4.65872367e-44 4.62348923e-44 4.52301324e-44
2.86000000e+04 4.65695535e-44 4.62159141e-44 4.52039146e-44
2.87000000e+04 4.65516822e-44 4.61967761e-44 4.51776083e-44
2.88000000e+04 4.65336257e-44 4.61774828e-44 4.51512135e-44
2.89000000e+04 4.65153857e-44 4.61580329e-44 4.51247329e-44
2.90000000e+04 4.64969645e-44 4.61384309e-44 4.50981673e-44
2.91000000e+04 4.64783651e-44 4.61186778e-44 4.50715182e-44
2.92000000e+04 4.64595888e-44 4.60987758e-44 4.50447867e-44
2.93000000e+04 4.64406386e-44 4.60787261e-44 4.50179742e-44
2.94000000e+04 4.64215161e-44 4.60585303e-44 4.49910819e-44
2.95000000e+04 4.64022240e-44 4.60381910e-44 4.49641111e-44
2.96000000e+04 4.63827639e-44 4.60177097e-44 4.49370631e-44
2.97000000e+04 4.63631383e-44 4.59970877e-44 4.49099390e-44
2.98000000e+04 4.63433494e-44 4.59763275e-44 4.48827402e-44
2.99000000e+04 4.63233990e-44 4.59554308e-44 4.48554677e-44
3.00000000e+04 4.63032901e-44 4.59343988e-44 4.48281228e-44
3.01000000e+04 4.62830223e-44 4.59132330e-44 4.48007068e-44
3.02000000e+04 4.62626001e-44 4.58919356e-44 4.47732207e-44
3.03000000e+04 4.62420245e-44 4.58705082e-44 4.47456658e-44
3.04000000e+04 4.62212980e-44 4.58489522e-44 4.47180432e-44
3.05000000e+04 4.62004221e-44 4.58272694e-44 4.46903540e-44
3.06000000e+04 4.61793980e-44 4.58054614e-44 4.46625995e-44
3.07000000e+04 4.61582301e-44 4.57835298e-44 4.46347806e-44
3.08000000e+04 4.61369178e-44 4.57614762e-44 4.46068985e-44
3.09000000e+04 4.61154639e-44 4.57393021e-44 4.45789543e-44
3.10000000e+04 4.60938703e-44 4.57170090e-44 4.45509492e-44
3.11000000e+04 4.60721387e-44 4.56945987e-44 4.45228841e-44
3.12000000e+04 4.60502710e-44 4.56720724e-44 4.44947602e-44
3.13000000e+04 4.60282690e-44 4.56494319e-44 4.44665785e-44
3.14000000e+04 4.60061345e-44 4.56266785e-44 4.44383400e-44
3.15000000e+04 4.59838693e-44 4.56038137e-44 4.44100459e-44
3.16000000e+04 4.59614751e-44 4.55808391e-44 4.43816971e-44
3.17000000e+04 4.59389536e-44 4.55577560e-44 4.43532946e-44
3.18000000e+04 4.59163066e-44 4.55345660e-44 4.43248395e-44
3.19000000e+04 4.58935358e-44 4.55112704e-44 4.42963328e-44
3.20000000e+04 4.58706428e-44 4.54878707e-44 4.42677754e-44
3.21000000e+04 4.58476293e-44 4.54643682e-44 4.42391683e-44
3.22000000e+04 4.58244969e-44 4.54407644e-44 4.42105125e-44
3.23000000e+04 4.58012474e-44 4.54170606e-44 4.41818090e-44
3.24000000e+04 4.57778822e-44 4.53932582e-44 4.41530587e-44
3.25000000e+04 4.57544031e-44 4.53693586e-44 4.41242626e-44
3.26000000e+04 4.57308113e-44 4.53453630e-44 4.40954215e-44
3.27000000e+04 4.57071091e-44 4.53212728e-44 4.40665364e-44
3.28000000e+04 4.56832974e-44 4.52970897e-44 4.40376084e-44
3.29000000e+04 4.56593779e-44 4.52728140e-44 4.40086381e-44
3.30000000e+04 4.56353519e-44 4.52484478e-44 4.39796266e-44
3.31000000e+04 4.56112217e-44 4.52239923e-44 4.39505747e-44
3.32000000e+04 4.55869880e-44 4.51994487e-44 4.39214833e-44
3.33000000e+04 4.55626525e-44 4.51748181e-44 4.38923533e-44
3.34000000e+04 4.55382170e-44 4.51501019e-44 4.38631855e-44
3.35000000e+04 4.55136819e-44 4.51253012e-44 4.38339808e-44
3.36000000e+04 4.54890495e-44 4.51004174e-44 4.38047401e-44
3.37000000e+04 4.54643215e-44 4.50754515e-44 4.37754642e-44
3.38000000e+04 4.54394987e-44 4.50504049e-44 4.37461539e-44
3.39000000e+04 4.54145826e-44 4.50252787e-44 4.37168100e-44
3.40000000e+04 4.53895744e-44 4.50000740e-44 4.36874331e-44
3.41000000e+04 4.53644763e-44 4.49747920e-44 4.36580248e-44
3.42000000e+04 4.53392886e-44 4.49494339e-44 4.36285851e-44
3.43000000e+04 4.53140131e-44 4.49240008e-44 4.35991151e-44
3.44000000e+04 4.52886512e-44 4.48984939e-44 4.35696157e-44
3.45000000e+04 4.52632040e-44 4.48729143e-44 4.35400871e-44
3.46000000e+04 4.52376729e-44 4.48472630e-44 4.35105307e-44
3.47000000e+04 4.52120592e-44 4.48215412e-44 4.34809471e-44
3.48000000e+04 4.51863639e-44 4.47957500e-44 4.34513373e-44
3.49000000e+04 4.51605889e-44 4.47698904e-44 4.34217011e-44
3.50000000e+04 4.51347341e-44 4.47439632e-44 4.33920396e-44
3.51000000e+04 4.51088030e-44 4.47179705e-44 4.33623550e-44
3.52000000e+04 4.50827950e-44 4.46919122e-44 4.33326462e-44
3.53000000e+04 4.50567117e-44 4.46657910e-44 4.33029156e-44
3.54000000e+04 4.50305543e-44 4.46396044e-44 4.32731609e-44
3.55000000e+04 4.50043241e-44 4.46133569e-44 4.32433858e-44
3.56000000e+04 4.49780225e-44 4.45870483e-44 4.32135900e-44
3.57000000e+04 4.49516499e-44 4.45606796e-44 4.31837741e-44
3.58000000e+04 4.49252081e-44 4.45342519e-44 4.31539388e-44
3.59000000e+04 4.48986985e-44 4.45077660e-44 4.31240849e-44
3.60000000e+04 4.48721211e-44 4.44812231e-44 4.30942130e-44
3.61000000e+04 4.48454780e-44 4.44546240e-44 4.30643230e-44
3.62000000e+04 4.48187701e-44 4.44279697e-44 4.30344179e-44
3.63000000e+04 4.47919983e-44 4.44012612e-44 4.30044959e-44
3.64000000e+04 4.47651638e-44 4.43744994e-44 4.29745586e-44
3.65000000e+04 4.47382678e-44 4.43476852e-44 4.29446065e-44
3.66000000e+04 4.47113111e-44 4.43208196e-44 4.29146403e-44
3.67000000e+04 4.46842949e-44 4.42939034e-44 4.28846606e-44
3.68000000e+04 4.46572202e-44 4.42669376e-44 4.28546676e-44
3.69000000e+04 4.46300880e-44 4.42399231e-44 4.28246633e-44
3.70000000e+04 4.46028994e-44 4.42128607e-44 4.27946468e-44
3.71000000e+04 4.45756554e-44 4.41857514e-44 4.27646193e-44
3.72000000e+04 4.45483569e-44 4.41585959e-44 4.27345814e-44
3.73000000e+04 4.45210049e-44 4.41313953e-44 4.27045335e-44
3.74000000e+04 4.44936008e-44 4.41041502e-44 4.26744765e-44
3.75000000e+04 4.44661446e-44 4.40768622e-44 4.26444107e-44
3.76000000e+04 4.44386376e-44 4.40495304e-44 4.26143368e-44
3.77000000e+04 4.44110820e-44 4.40221572e-44 4.25842553e-44
3.78000000e+04 4.43834773e-44 4.39947427e-44 4.25541668e-44
3.79000000e+04 4.43558249e-44 4.39672884e-44 4.25240719e-44
3.80000000e+04 4.43281257e-44 4.39397950e-44 4.24939711e-44
3.81000000e+04 4.43003805e-44 4.39122625e-44 4.24638649e-44
3.82000000e+04 4.42725904e-44 4.38846923e-44 4.24337540e-44
3.83000000e+04 4.42447558e-44 4.38570851e-44 4.24036388e-44
3.84000000e+04 4.42168789e-44 4.38294417e-44 4.23735198e-44
3.85000000e+04 4.41889592e-44 4.38017627e-44 4.23433976e-44
3.86000000e+04 4.41609980e-44 4.37740491e-44 4.23132726e-44
3.87000000e+04 4.41329963e-44 4.37463015e-44 4.22831455e-44
3.88000000e+04 4.41049551e-44 4.37185207e-44 4.22530167e-44
3.89000000e+04 4.40768745e-44 4.36907074e-44 4.22228868e-44
3.90000000e+04 4.40487560e-44 4.36628629e-44 4.21927561e-44
3.91000000e+04 4.40206004e-44 4.36349865e-44 4.21626252e-44
3.92000000e+04 4.39924083e-44 4.36070802e-44 4.21324947e-44
3.93000000e+04 4.39641809e-44 4.35791444e-44 4.21023649e-44
3.94000000e+04 4.39359182e-44 4.35511798e-44 4.20722363e-44
3.95000000e+04 4.39076217e-44 4.35231870e-44 4.20421095e-44
3.96000000e+04 4.38792921e-44 4.34951668e-44 4.20119849e-44
3.97000000e+04 4.38509300e-44 4.34671198e-44 4.19818629e-44
3.98000000e+04 4.38225362e-44 4.34390468e-44 4.19517441e-44
3.99000000e+04 4.37941115e-44 4.34109484e-44 4.19216288e-44
4.00000000e+04 4.37656567e-44 4.33828252e-44 4.18915176e-44
4.01000000e+04 4.37371727e-44 4.33546780e-44 4.18614108e-44
4.02000000e+04 4.37086597e-44 4.33265074e-44 4.18313088e-44
4.03000000e+04 4.36801189e-44 4.32983140e-44 4.18012123e-44
4.04000000e+04 4.36515508e-44 4.32700985e-44 4.17711215e-44
4.05000000e+04 4.36229566e-44 4.32418616e-44 4.17410369e-44
4.06000000e+04 4.35943364e-44 4.32136038e-44 4.17109589e-44
4.07000000e+04 4.35656912e-44 4.31853258e-44 4.16808880e-44
4.08000000e+04 4.35370216e-44 4.31570283e-44 4.16508244e-44
4.09000000e+04 4.35083282e-44 4.31287121e-44 4.16207688e-44
4.10000000e+04 4.34796122e-44 4.31003768e-44 4.15907214e-44
4.11000000e+04 4.34508740e-44 4.30720242e-44 4.15606826e-44
4.12000000e+04 4.34221136e-44 4.30436544e-44 4.15306530e-44
4.13000000e+04 4.33933326e-44 4.30152680e-44 4.15006323e-44
4.14000000e+04 4.33645312e-44 4.29868656e-44 4.14706223e-44
4.15000000e+04 4.33357102e-44 4.29584479e-44 4.14406221e-44
4.16000000e+04 4.33068702e-44 4.29300154e-44 4.14106326e-44
4.17000000e+04 4.32780118e-44 4.29015685e-44 4.13806540e-44
4.18000000e+04 4.32491355e-44 4.28731080e-44 4.13506867e-44
4.19000000e+04 4.32202425e-44 4.28446344e-44 4.13207312e-44
4.20000000e+04 4.31913328e-44 4.28161482e-44 4.12907877e-44
4.21000000e+04 4.31624073e-44 4.27876500e-44 4.12608567e-44
4.22000000e+04 4.31334665e-44 4.27591403e-44 4.12309384e-44
4.23000000e+04 4.31045110e-44 4.27306196e-44 4.12010336e-44
4.24000000e+04 4.30755411e-44 4.27020885e-44 4.11711418e-44
4.25000000e+04 4.30465584e-44 4.26735476e-44 4.11412640e-44
4.26000000e+04 4.30175628e-44 4.26449973e-44 4.11114005e-44
4.27000000e+04 4.29885543e-44 4.26164381e-44 4.10815514e-44
4.28000000e+04 4.29595343e-44 4.25878706e-44 4.10517172e-44
4.29000000e+04 4.29305032e-44 4.25592953e-44 4.10218982e-44
4.30000000e+04 4.29014614e-44 4.25307127e-44 4.09920947e-44
4.31000000e+04 4.28724096e-44 4.25021232e-44 4.09623070e-44
4.32000000e+04 4.28433483e-44 4.24735274e-44 4.09325355e-44
4.33000000e+04 4.28142780e-44 4.24449258e-44 4.09027804e-44
4.34000000e+04 4.27851993e-44 4.24163193e-44 4.08730426e-44
4.35000000e+04 4.27561126e-44 4.23877069e-44 4.08433209e-44
4.36000000e+04 4.27270187e-44 4.23590907e-44 4.08136171e-44
4.37000000e+04 4.26979178e-44 4.23304706e-44 4.07839310e-44
4.38000000e+04 4.26688108e-44 4.23018468e-44 4.07542628e-44
4.39000000e+04 4.26396977e-44 4.22732200e-44 4.07246130e-44
4.40000000e+04 4.26105793e-44 4.22445908e-44 4.06949817e-44
4.41000000e+04 4.25814570e-44 4.22159594e-44 4.06653693e-44
4.42000000e+04 4.25523288e-44 4.21873264e-44 4.06357761e-44
4.43000000e+04 4.25231976e-44 4.21586922e-44 4.06062023e-44
4.44000000e+04 4.24940630e-44 4.21300571e-44 4.05766482e-44
4.45000000e+04 4.24649255e-44 4.21014218e-44 4.05471140e-44
4.46000000e+04 4.24357856e-44 4.20727865e-44 4.05176002e-44
4.47000000e+04 4.24066439e-44 4.20441517e-44 4.04881069e-44
4.48000000e+04 4.23775007e-44 4.20155178e-44 4.04586343e-44
4.49000000e+04 4.23483565e-44 4.19868853e-44 4.04291829e-44
4.50000000e+04 4.23192118e-44 4.19582546e-44 4.03997527e-44
4.51000000e+04 4.22900670e-44 4.19296231e-44 4.03703441e-44
4.52000000e+04 4.22609226e-44 4.19010007e-44 4.03409574e-44
4.53000000e+04 4.22317790e-44 4.18723769e-44 4.03115927e-44
4.54000000e+04 4.22026366e-44 4.18437572e-44 4.02822504e-44
4.55000000e+04 4.21734960e-44 4.18151412e-44 4.02529306e-44
4.56000000e+04 4.21443576e-44 4.17865294e-44 4.02236337e-44
4.57000000e+04 4.21152214e-44 4.17579222e-44 4.01943598e-44
4.58000000e+04 4.20860884e-44 4.17293198e-44 4.01651092e-44
4.59000000e+04 4.20569587e-44 4.17007227e-44 4.01358821e-44
4.60000000e+04 4.20278328e-44 4.16721313e-44 4.01066788e-44
4.61000000e+04 4.19987113e-44 4.16435459e-44 4.00774995e-44
4.62000000e+04 4.19695940e-44 4.16149668e-44 4.00483443e-44
4.63000000e+04 4.19404818e-44 4.15863946e-44 4.00192136e-44
4.64000000e+04 4.19113751e-44 4.15578294e-44 3.99901081e-44
4.65000000e+04 4.18822741e-44 4.15292717e-44 3.99610264e-44
4.66000000e+04 4.18531793e-44 4.15007218e-44 3.99319703e-44
4.67000000e+04 4.18240912e-44 4.14721800e-44 3.99029395e-44
4.68000000e+04 4.17950097e-44 4.14436468e-44 3.98739342e-44
4.69000000e+04 4.17659357e-44 4.14151223e-44 3.98449546e-44
4.70000000e+04 4.17368693e-44 4.13866071e-44 3.98160016e-44
4.71000000e+04 4.17078110e-44 4.13581013e-44 3.97870733e-44
4.72000000e+04 4.16787610e-44 4.13296054e-44 3.97581720e-44
4.73000000e+04 4.16497198e-44 4.13011197e-44 3.97292973e-44
4.74000000e+04 4.16206876e-44 4.12726455e-44 3.97004492e-44
4.75000000e+04 4.15916648e-44 4.12441799e-44 3.96716281e-44
4.76000000e+04 4.15626521e-44 4.12157265e-44 3.96428340e-44
4.77000000e+04 4.15336494e-44 4.11872846e-44 3.96140668e-44
4.78000000e+04 4.15046572e-44 4.11588547e-44 3.95853278e-44
4.79000000e+04 4.14756757e-44 4.11304361e-44 3.95566160e-44
4.80000000e+04 4.14467054e-44 4.11020303e-44 3.95279321e-44
4.81000000e+04 4.14177466e-44 4.10736371e-44 3.94992762e-44
4.82000000e+04 4.13887996e-44 4.10452568e-44 3.94706484e-44
4.83000000e+04 4.13598648e-44 4.10168897e-44 3.94420489e-44
4.84000000e+04 4.13309423e-44 4.09885361e-44 3.94134780e-44
4.85000000e+04 4.13020327e-44 4.09601964e-44 3.93849357e-44
4.86000000e+04 4.12731360e-44 4.09318707e-44 3.93564222e-44
4.87000000e+04 4.12442527e-44 4.09035593e-44 3.93279378e-44
4.88000000e+04 4.12153831e-44 4.08752626e-44 3.92994825e-44
4.89000000e+04 4.11865274e-44 4.08469808e-44 3.92710566e-44
4.90000000e+04 4.11576861e-44 4.08187142e-44 3.92426600e-44
4.91000000e+04 4.11288593e-44 4.07904631e-44 3.92142931e-44
4.92000000e+04 4.11000473e-44 4.07622276e-44 3.91859560e-44
4.93000000e+04 4.10712505e-44 4.07340081e-44 3.91576488e-44
4.94000000e+04 4.10424691e-44 4.07058048e-44 3.91293717e-44
4.95000000e+04 4.10137034e-44 4.06776180e-44 3.91011248e-44
4.96000000e+04 4.09849536e-44 4.06494480e-44 3.90729083e-44
4.97000000e+04 4.09562198e-44 4.06212949e-44 3.90447222e-44
4.98000000e+04 4.09275032e-44 4.05931591e-44 3.90165685e-44
4.99000000e+04 4.08988030e-44 4.05650407e-44 3.89884422e-44
5.00000000e+04 4.08701199e-44 4.05369401e-44 3.89603485e-44
