# Te [K]  der_Qff_DL [cm^5/K]  Qff_PL [cm^5/K]  Qff_KW [cm^5/K]
3.00000000e+02 -4.13784629e-43 8.60437667e-44 7.50817622e-44
4.00000000e+02 -1.77956762e-43 8.61760882e-44 7.50323303e-44
5.00000000e+02 -5.07900589e-44 8.62785891e-44 7.49860244e-44
6.00000000e+02 2.28596821e-44 8.63536160e-44 7.49431915e-44
7.00000000e+02 6.73810918e-44 8.64034584e-44 7.49041080e-44
8.00000000e+02 9.50981751e-44 8.64303193e-44 7.48689887e-44
9.00000000e+02 1.12707504e-43 8.64362939e-44 7.48378977e-44
1.00000000e+03 1.24033063e-43 8.64233599e-44 7.48112870e-44
1.10000000e+03 1.31344544e-43 8.63933803e-44 7.47889446e-44
1.20000000e+03 1.36032777e-43 8.63481015e-44 7.47710587e-44
1.30000000e+03 1.38973537e-43 8.62891552e-44 7.47576897e-44
1.40000000e+03 1.40731357e-43 8.62180647e-44 7.47488841e-44
1.50000000e+03 1.41677656e-43 8.61362455e-44 7.47446697e-44
1.60000000e+03 1.42061213e-43 8.60450140e-44 7.47450627e-44
1.70000000e+03 1.42051300e-43 8.59455907e-44 7.47500655e-44
1.80000000e+03 1.41764719e-43 8.58391047e-44 7.47596723e-44
1.90000000e+03 1.41283048e-43 8.57266001e-44 7.47738656e-44
2.00000000e+03 1.40663896e-43 8.56090484e-44 7.47926206e-44
2.10000000e+03 1.39948338e-43 8.54873146e-44 7.48159059e-44
2.20000000e+03 1.39165912e-43 8.53622394e-44 7.48436822e-44
2.30000000e+03 1.38338022e-43 8.52345670e-44 7.48759054e-44
2.40000000e+03 1.37480283e-43 8.51049870e-44 7.49125273e-44
2.50000000e+03 1.36604138e-43 8.49741372e-44 7.49534939e-44
2.60000000e+03 1.35718046e-43 8.48425817e-44 7.49987482e-44
2.70000000e+03 1.34828253e-43 8.47108655e-44 7.50482309e-44
2.80000000e+03 1.33939412e-43 8.45794712e-44 7.51018786e-44
2.90000000e+03 1.33054981e-43 8.44488262e-44 7.51596263e-44
3.00000000e+03 1.32177550e-43 8.43193407e-44 7.52214074e-44
3.10000000e+03 1.31309037e-43 8.41913848e-44 7.52871516e-44
3.20000000e+03 1.30450888e-43 8.40652858e-44 7.53567935e-44
3.30000000e+03 1.29604171e-43 8.39413364e-44 7.54302579e-44
3.40000000e+03 1.28769677e-43 8.38198099e-44 7.55075067e-44
3.50000000e+03 1.27947986e-43 8.37009490e-44 7.55883714e-44
3.60000000e+03 1.27139518e-43 8.35849719e-44 7.56728754e-44
3.70000000e+03 1.26344570e-43 8.34720734e-44 7.57609139e-44
3.80000000e+03 1.25563351e-43 8.33624274e-44 7.58524141e-44
3.90000000e+03 1.24795975e-43 8.32561877e-44 7.59473026e-44
4.00000000e+03 1.24042530e-43 8.31534908e-44 7.60455076e-44
4.10000000e+03 1.23303041e-43 8.30544555e-44 7.61469565e-44
4.20000000e+03 1.22577504e-43 8.29591858e-44 7.62515570e-44
4.30000000e+03 1.21865885e-43 8.28677718e-44 7.63592978e-44
4.40000000e+03 1.21168120e-43 8.27802899e-44 7.64700477e-44
4.50000000e+03 1.20484167e-43 8.26968050e-44 7.65837564e-44
4.60000000e+03 1.19813911e-43 8.26173707e-44 7.67003543e-44
4.70000000e+03 1.19157262e-43 8.25420302e-44 7.68197722e-44
4.80000000e+03 1.18514119e-43 8.24708215e-44 7.69419419e-44
4.90000000e+03 1.17884360e-43 8.24037591e-44 7.70667958e-44
5.00000000e+03 1.17267865e-43 8.23408714e-44 7.71942671e-44
5.10000000e+03 1.16664507e-43 8.22821653e-44 7.73242903e-44
5.20000000e+03 1.16074152e-43 8.22276443e-44 7.74568002e-44
5.30000000e+03 1.15496665e-43 8.21773112e-44 7.75917327e-44
5.40000000e+03 1.14931904e-43 8.21311443e-44 7.77290257e-44
5.50000000e+03 1.14379723e-43 8.20891409e-44 7.78686136e-44
5.60000000e+03 1.13839979e-43 8.20512852e-44 7.80104388e-44
5.70000000e+03 1.13312522e-43 8.20175509e-44 7.81544390e-44
5.80000000e+03 1.12797201e-43 8.19879133e-44 7.83005551e-44
5.90000000e+03 1.12293861e-43 8.19623435e-44 7.84487257e-44
6.00000000e+03 1.11802352e-43 8.19408096e-44 7.85989009e-44
6.10000000e+03 1.11322514e-43 8.19232743e-44 7.87510166e-44
6.20000000e+03 1.10854192e-43 8.19097020e-44 7.89050190e-44
6.30000000e+03 1.10397228e-43 8.19000564e-44 7.90608534e-44
6.40000000e+03 1.09951465e-43 8.18942811e-44 7.92184616e-44
6.50000000e+03 1.09516742e-43 8.18923463e-44 7.93778035e-44
6.60000000e+03 1.09092902e-43 8.18942015e-44 7.95388138e-44
6.70000000e+03 1.08679782e-43 8.18997992e-44 7.97014458e-44
6.80000000e+03 1.08277231e-43 8.19090917e-44 7.98656472e-44
6.90000000e+03 1.07885082e-43 8.19220285e-44 8.00313737e-44
7.00000000e+03 1.07503179e-43 8.19385570e-44 8.01985715e-44
7.10000000e+03 1.07131363e-43 8.19586284e-44 8.03671947e-44
7.20000000e+03 1.06769478e-43 8.19821904e-44 8.05371964e-44
7.30000000e+03 1.06417372e-43 8.20091928e-44 8.07085253e-44
7.40000000e+03 1.06074869e-43 8.20395705e-44 8.08811512e-44
7.50000000e+03 1.05741833e-43 8.20732817e-44 8.10550126e-44
7.60000000e+03 1.05418102e-43 8.21102683e-44 8.12300775e-44
7.70000000e+03 1.05103525e-43 8.21504758e-44 8.14062963e-44
7.80000000e+03 1.04797946e-43 8.21938497e-44 8.15836292e-44
7.90000000e+03 1.04501215e-43 8.22403387e-44 8.17620350e-44
8.00000000e+03 1.04213185e-43 8.22898782e-44 8.19414731e-44
8.10000000e+03 1.03933704e-43 8.23424221e-44 8.21219039e-44
8.20000000e+03 1.03662625e-43 8.23979164e-44 8.23032881e-44
8.30000000e+03 1.03399802e-43 8.24563037e-44 8.24855877e-44
8.40000000e+03 1.03145091e-43 8.25175300e-44 8.26687651e-44
8.50000000e+03 1.02898347e-43 8.25815417e-44 8.28527831e-44
8.60000000e+03 1.02659432e-43 8.26482861e-44 8.30376059e-44
8.70000000e+03 1.02428203e-43 8.27177042e-44 8.32231977e-44
8.80000000e+03 1.02204528e-43 8.27897551e-44 8.34095238e-44
8.90000000e+03 1.01988255e-43 8.28643757e-44 8.35965500e-44
9.00000000e+03 1.01779266e-43 8.29415168e-44 8.37842428e-44
9.10000000e+03 1.01577419e-43 8.30211256e-44 8.39725692e-44
9.20000000e+03 1.01382585e-43 8.31031542e-44 8.41614971e-44
9.30000000e+03 1.01194635e-43 8.31875483e-44 8.43509947e-44
9.40000000e+03 1.01013433e-43 8.32742603e-44 8.45410310e-44
9.50000000e+03 1.00838863e-43 8.33632351e-44 8.47315756e-44
9.60000000e+03 1.00670794e-43 8.34544269e-44 8.49225966e-44
9.70000000e+03 1.00509105e-43 8.35477894e-44 8.51140636e-44
9.80000000e+03 1.00353674e-43 8.36432702e-44 8.53059644e-44
9.90000000e+03 1.00204383e-43 8.37408229e-44 8.54982477e-44
1.00000000e+04 1.00061110e-43 8.38404001e-44 8.56908957e-44
1.01000000e+04 9.99237428e-44 8.39419560e-44 8.58838834e-44
1.02000000e+04 9.97921677e-44 8.40454421e-44 8.60771791e-44
1.03000000e+04 9.96662686e-44 8.41508151e-44 8.62707633e-44
1.04000000e+04 9.95459330e-44 8.42580294e-44 8.64646050e-44
1.05000000e+04 9.94310569e-44 8.43670392e-44 8.66586885e-44
1.06000000e+04 9.93215306e-44 8.44778043e-44 8.68529664e-44
1.07000000e+04 9.92172498e-44 8.45902783e-44 8.70474415e-44
1.08000000e+04 9.91181016e-44 8.47044186e-44 8.72420710e-44
1.09000000e+04 9.90239981e-44 8.48201842e-44 8.74368431e-44
1.10000000e+04 9.89348273e-44 8.49375341e-44 8.76317337e-44
1.11000000e+04 9.88504929e-44 8.50564261e-44 8.78267138e-44
1.12000000e+04 9.87708982e-44 8.51768182e-44 8.80217804e-44
1.13000000e+04 9.86959441e-44 8.52986740e-44 8.82168738e-44
1.14000000e+04 9.86255387e-44 8.54219630e-44 8.84120092e-44
1.15000000e+04 9.85595883e-44 8.55466162e-44 8.86071540e-44
1.16000000e+04 9.84980011e-44 8.56726258e-44 8.88022882e-44
1.17000000e+04 9.84406884e-44 8.57999442e-44 8.89973919e-44
1.18000000e+04 9.83875587e-44 8.59285345e-44 8.91924614e-44
1.19000000e+04 9.83385278e-44 8.60583603e-44 8.93874316e-44
1.20000000e+04 9.82935093e-44 8.61893871e-44 8.95823300e-44
1.21000000e+04 9.82524176e-44 8.63215759e-44 8.97771240e-44
1.22000000e+04 9.82151743e-44 8.64548944e-44 8.99717934e-44
1.23000000e+04 9.81816941e-44 8.65893086e-44 9.01663232e-44
1.24000000e+04 9.81518995e-44 8.67247846e-44 9.03606955e-44
1.25000000e+04 9.81257084e-44 8.68612913e-44 9.05548937e-44
1.26000000e+04 9.81030474e-44 8.69987890e-44 9.07488941e-44
1.27000000e+04 9.80838394e-44 8.71372524e-44 9.09427023e-44
1.28000000e+04 9.80680096e-44 8.72766423e-44 9.11362810e-44
1.29000000e+04 9.80554855e-44 8.74169443e-44 9.13296225e-44
1.30000000e+04 9.80461946e-44 8.75581107e-44 9.15227108e-44
1.31000000e+04 9.80400663e-44 8.77001167e-44 9.17155322e-44
1.32000000e+04 9.80370309e-44 8.78429339e-44 9.19080716e-44
1.33000000e+04 9.80370201e-44 8.79865325e-44 9.21003149e-44
1.34000000e+04 9.80399686e-44 8.81308841e-44 9.22922488e-44
1.35000000e+04 9.80458081e-44 8.82759611e-44 9.24838563e-44
1.36000000e+04 9.80544747e-44 8.84217288e-44 9.26751336e-44
1.37000000e+04 9.80659052e-44 8.85681712e-44 9.28660566e-44
1.38000000e+04 9.80800381e-44 8.87152541e-44 9.30566213e-44
1.39000000e+04 9.80968097e-44 8.88629523e-44 9.32468097e-44
1.40000000e+04 9.81161596e-44 8.90112431e-44 9.34366131e-44
1.41000000e+04 9.81380312e-44 8.91600970e-44 9.36260017e-44
1.42000000e+04 9.81623650e-44 8.93094905e-44 9.38150087e-44
1.43000000e+04 9.81891040e-44 8.94594008e-44 9.40035809e-44
1.44000000e+04 9.82181924e-44 8.96097986e-44 9.41917217e-44
1.45000000e+04 9.82495756e-44 8.97606640e-44 9.43794171e-44
1.46000000e+04 9.82831958e-44 8.99119726e-44 9.45666625e-44
1.47000000e+04 9.83190048e-44 9.00637020e-44 9.47534394e-44
1.48000000e+04 9.83569467e-44 9.02158291e-44 9.49397441e-44
1.49000000e+04 9.83969736e-44 9.03683316e-44 9.51255646e-44
1.50000000e+04 9.84390327e-44 9.05211880e-44 9.53108913e-44
1.51000000e+04 9.84830753e-44 9.06743761e-44 9.54957157e-44
1.52000000e+04 9.85290527e-44 9.08278754e-44 9.56800302e-44
1.53000000e+04 9.85769174e-44 9.09816651e-44 9.58638159e-44
1.54000000e+04 9.86266225e-44 9.11357259e-44 9.60470750e-44
1.55000000e+04 9.86781224e-44 9.12900363e-44 9.62297957e-44
1.56000000e+04 9.87313718e-44 9.14445781e-44 9.64119693e-44
1.57000000e+04 9.87863267e-44 9.15993252e-44 9.65935875e-44
1.58000000e+04 9.88429393e-44 9.17542680e-44 9.67746425e-44
1.59000000e+04 9.89011731e-44 9.19093862e-44 9.69551377e-44
1.60000000e+04 9.89609833e-44 9.20646599e-44 9.71350323e-44
1.61000000e+04 9.90223291e-44 9.22200650e-44 9.73143512e-44
1.62000000e+04 9.90851698e-44 9.23755935e-44 9.74930768e-44
1.63000000e+04 9.91494654e-44 9.25312243e-44 9.76712013e-44
1.64000000e+04 9.92151778e-44 9.26869401e-44 9.78487275e-44
1.65000000e+04 9.92822678e-44 9.28427246e-44 9.80256251e-44
1.66000000e+04 9.93506981e-44 9.29985620e-44 9.82019085e-44
1.67000000e+04 9.94204321e-44 9.31544306e-44 9.83775684e-44
1.68000000e+04 9.94914357e-44 9.33103271e-44 9.85525962e-44
1.69000000e+04 9.95636643e-44 9.34662250e-44 9.87269789e-44
1.70000000e+04 9.96370928e-44 9.36221127e-44 9.89007202e-44
1.71000000e+04 9.97116840e-44 9.37779748e-44 9.90738085e-44
1.72000000e+04 9.97874033e-44 9.39337962e-44 9.92462468e-44
1.73000000e+04 9.98642180e-44 9.40895650e-44 9.94180202e-44
1.74000000e+04 9.99420962e-44 9.42452645e-44 9.95891279e-44
1.75000000e+04 1.00021001e-43 9.44008819e-44 9.97595633e-44
1.76000000e+04 1.00100913e-43 9.45564029e-44 9.99293160e-44
1.77000000e+04 1.00181790e-43 9.47118168e-44 1.00098400e-43
1.78000000e+04 1.00263608e-43 9.48671004e-44 1.00266792e-43
1.79000000e+04 1.00346333e-43 9.50222598e-44 1.00434497e-43
1.80000000e+04 1.00429939e-43 9.51772670e-44 1.00601501e-43
1.81000000e+04 1.00514397e-43 9.53321106e-44 1.00767808e-43
1.82000000e+04 1.00599678e-43 9.54867894e-44 1.00933412e-43
1.83000000e+04 1.00685756e-43 9.56412807e-44 1.01098309e-43
1.84000000e+04 1.00772603e-43 9.57955765e-44 1.01262495e-43
1.85000000e+04 1.00860193e-43 9.59496657e-44 1.01425966e-43
1.86000000e+04 1.00948499e-43 9.61035361e-44 1.01588720e-43
1.87000000e+04 1.01037497e-43 9.62571779e-44 1.01750750e-43
1.88000000e+04 1.01127159e-43 9.64105799e-44 1.01912056e-43
1.89000000e+04 1.01217465e-43 9.65637316e-44 1.02072633e-43
1.90000000e+04 1.01308388e-43 9.67166237e-44 1.02232481e-43
1.91000000e+04 1.01399904e-43 9.68692435e-44 1.02391587e-43
1.92000000e+04 1.01491992e-43 9.70215830e-44 1.02549960e-43
1.93000000e+04 1.01584627e-43 9.71736330e-44 1.02707594e-43
1.94000000e+04 1.01677787e-43 9.73253828e-44 1.02864484e-43
1.95000000e+04 1.01771450e-43 9.74768212e-44 1.03020626e-43
1.96000000e+04 1.01865595e-43 9.76279463e-44 1.03176021e-43
1.97000000e+04 1.01960202e-43 9.77787414e-44 1.03330668e-43
1.98000000e+04 1.02055247e-43 9.79292012e-44 1.03484560e-43
1.99000000e+04 1.02150713e-43 9.80793163e-44 1.03637693e-43
2.00000000e+04 1.02246578e-43 9.82290789e-44 1.03790071e-43
2.01000000e+04 1.02342823e-43 9.83784805e-44 1.03941690e-43
2.02000000e+04 1.02439429e-43 9.85275131e-44 1.04092550e-43
2.03000000e+04 1.02536374e-43 9.86761693e-44 1.04242643e-43
2.04000000e+04 1.02633651e-43 9.88244402e-44 1.04391973e-43
2.05000000e+04 1.02731223e-43 9.89723195e-44 1.04540536e-43
2.06000000e+04 1.02829087e-43 9.91197995e-44 1.04688332e-43
2.07000000e+04 1.02927219e-43 9.92668720e-44 1.04835357e-43
2.08000000e+04 1.03025605e-43 9.94135329e-44 1.04981611e-43
2.09000000e+04 1.03124227e-43 9.95597724e-44 1.05127093e-43
2.10000000e+04 1.03223068e-43 9.97055843e-44 1.05271803e-43
2.11000000e+04 1.03322112e-43 9.98509625e-44 1.05415736e-43
2.12000000e+04 1.03421343e-43 9.99958970e-44 1.05558893e-43
2.13000000e+04 1.03520746e-43 1.00140394e-43 1.05701275e-43
2.14000000e+04 1.03620305e-43 1.00284433e-43 1.05842877e-43
2.15000000e+04 1.03720005e-43 1.00428014e-43 1.05983699e-43
2.16000000e+04 1.03819833e-43 1.00571132e-43 1.06123746e-43
2.17000000e+04 1.03919772e-43 1.00713777e-43 1.06263010e-43
2.18000000e+04 1.04019809e-43 1.00855948e-43 1.06401494e-43
2.19000000e+04 1.04119931e-43 1.00997638e-43 1.06539196e-43
2.20000000e+04 1.04220124e-43 1.01138841e-43 1.06676116e-43
2.21000000e+04 1.04320373e-43 1.01279554e-43 1.06812254e-43
2.22000000e+04 1.04420667e-43 1.01419769e-43 1.06947608e-43
2.23000000e+04 1.04520993e-43 1.01559484e-43 1.07082180e-43
2.24000000e+04 1.04621337e-43 1.01698692e-43 1.07215967e-43
2.25000000e+04 1.04721688e-43 1.01837386e-43 1.07348972e-43
2.26000000e+04 1.04822033e-43 1.01975568e-43 1.07481192e-43
2.27000000e+04 1.04922359e-43 1.02113224e-43 1.07612628e-43
2.28000000e+04 1.05022660e-43 1.02250355e-43 1.07743280e-43
2.29000000e+04 1.05122919e-43 1.02386971e-43 1.07873156e-43
2.30000000e+04 1.05223126e-43 1.02523046e-43 1.08002233e-43
2.31000000e+04 1.05323270e-43 1.02658583e-43 1.08130533e-43
2.32000000e+04 1.05423342e-43 1.02793582e-43 1.08258049e-43
2.33000000e+04 1.05523331e-43 1.02928035e-43 1.08384782e-43
2.34000000e+04 1.05623226e-43 1.03061939e-43 1.08510733e-43
2.35000000e+04 1.05723016e-43 1.03195292e-43 1.08635900e-43
2.36000000e+04 1.05822692e-43 1.03328092e-43 1.08760285e-43
2.37000000e+04 1.05922246e-43 1.03460332e-43 1.08883889e-43
2.38000000e+04 1.06021666e-43 1.03592009e-43 1.09006710e-43
2.39000000e+04 1.06120947e-43 1.03723121e-43 1.09128750e-43
2.40000000e+04 1.06220072e-43 1.03853667e-43 1.09250011e-43
2.41000000e+04 1.06319039e-43 1.03983640e-43 1.09370491e-43
2.42000000e+04 1.06417837e-43 1.04113041e-43 1.09490192e-43
2.43000000e+04 1.06516458e-43 1.04241864e-43 1.09609115e-43
2.44000000e+04 1.06614894e-43 1.04370104e-43 1.09727260e-43
2.45000000e+04 1.06713135e-43 1.04497769e-43 1.09844628e-43
2.46000000e+04 1.06811175e-43 1.04624847e-43 1.09961221e-43
2.47000000e+04 1.06909004e-43 1.04751335e-43 1.10077038e-43
2.48000000e+04 1.07006617e-43 1.04877236e-43 1.10192079e-43
2.49000000e+04 1.07104005e-43 1.05002543e-43 1.10306350e-43
2.50000000e+04 1.07201161e-43 1.05127258e-43 1.10419844e-43
2.51000000e+04 1.07298077e-43 1.05251375e-43 1.10532570e-43
2.52000000e+04 1.07394748e-43 1.05374895e-43 1.10644525e-43
2.53000000e+04 1.07491165e-43 1.05497814e-43 1.10755710e-43
2.54000000e+04 1.07587321e-43 1.05620133e-43 1.10866128e-43
2.55000000e+04 1.07683211e-43 1.05741845e-43 1.10975778e-43
2.56000000e+04 1.07778830e-43 1.05862952e-43 1.11084663e-43
2.57000000e+04 1.07874168e-43 1.05983452e-43 1.11192782e-43
2.58000000e+04 1.07969219e-43 1.06103342e-43 1.11300137e-43
2.59000000e+04 1.08063983e-43 1.06222623e-43 1.11406733e-43
2.60000000e+04 1.08158448e-43 1.06341290e-43 1.11512567e-43
2.61000000e+04 1.08252609e-43 1.06459344e-43 1.11617639e-43
2.62000000e+04 1.08346462e-43 1.06576783e-43 1.11721956e-43
2.63000000e+04 1.08440001e-43 1.06693606e-43 1.11825515e-43
2.64000000e+04 1.08533220e-43 1.06809812e-43 1.11928320e-43
2.65000000e+04 1.08626115e-43 1.06925399e-43 1.12030371e-43
2.66000000e+04 1.08718681e-43 1.07040365e-43 1.12131667e-43
2.67000000e+04 1.08810911e-43 1.07154712e-43 1.12232215e-43
2.68000000e+04 1.08902807e-43 1.07268436e-43 1.12332011e-43
2.69000000e+04 1.08994349e-43 1.07381538e-43 1.12431060e-43
2.70000000e+04 1.09085547e-43 1.07494016e-43 1.12529365e-43
2.71000000e+04 1.09176392e-43 1.07605870e-43 1.12626923e-43
2.72000000e+04 1.09266879e-43 1.07717098e-43 1.12723741e-43
2.73000000e+04 1.09357002e-43 1.07827699e-43 1.12819813e-43
2.74000000e+04 1.09446760e-43 1.07937676e-43 1.12915149e-43
2.75000000e+04 1.09536148e-43 1.08047024e-43 1.13009746e-43
2.76000000e+04 1.09625160e-43 1.08155746e-43 1.13103608e-43
2.77000000e+04 1.09713796e-43 1.08263838e-43 1.13196732e-43
2.78000000e+04 1.09802048e-43 1.08371303e-43 1.13289125e-43
2.79000000e+04 1.09889914e-43 1.08478139e-43 1.13380787e-43
2.80000000e+04 1.09977393e-43 1.08584344e-43 1.13471719e-43
2.81000000e+04 1.10064477e-43 1.08689920e-43 1.13561926e-43
2.82000000e+04 1.10151166e-43 1.08794867e-43 1.13651404e-43
2.83000000e+04 1.10237453e-43 1.08899183e-43 1.13740157e-43
2.84000000e+04 1.10323341e-43 1.09002867e-43 1.13828192e-43
2.85000000e+04 1.10408820e-43 1.09105924e-43 1.13915507e-43
2.86000000e+04 1.10493891e-43 1.09208347e-43 1.14002102e-43
2.87000000e+04 1.10578551e-43 1.09310142e-43 1.14087981e-43
2.88000000e+04 1.10662795e-43 1.09411304e-43 1.14173145e-43
2.89000000e+04 1.10746621e-43 1.09511837e-43 1.14257599e-43
2.90000000e+04 1.10830027e-43 1.09611739e-43 1.14341339e-43
2.91000000e+04 1.10913011e-43 1.09711011e-43 1.14424373e-43
2.92000000e+04 1.10995569e-43 1.09809654e-43 1.14506698e-43
2.93000000e+04 1.11077698e-43 1.09907664e-43 1.14588321e-43
2.94000000e+04 1.11159398e-43 1.10005046e-43 1.14669240e-43
2.95000000e+04 1.11240664e-43 1.10101799e-43 1.14749462e-43
2.96000000e+04 1.11321495e-43 1.10197922e-43 1.14828980e-43
2.97000000e+04 1.11401890e-43 1.10293416e-43 1.14907804e-43
2.98000000e+04 1.11481845e-43 1.10388282e-43 1.14985934e-43
2.99000000e+04 1.11561359e-43 1.10482519e-43 1.15063370e-43
3.00000000e+04 1.11640430e-43 1.10576130e-43 1.15140117e-43
3.01000000e+04 1.11719055e-43 1.10669113e-43 1.15216175e-43
3.02000000e+04 1.11797233e-43 1.10761469e-43 1.15291547e-43
3.03000000e+04 1.11874962e-43 1.10853199e-43 1.15366236e-43
3.04000000e+04 1.11952241e-43 1.10944304e-43 1.15440244e-43
3.05000000e+04 1.12029067e-43 1.11034784e-43 1.15513570e-43
3.06000000e+04 1.12105440e-43 1.11124641e-43 1.15586219e-43
3.07000000e+04 1.12181358e-43 1.11213871e-43 1.15658193e-43
3.08000000e+04 1.12256818e-43 1.11302480e-43 1.15729494e-43
3.09000000e+04 1.12331820e-43 1.11390468e-43 1.15800123e-43
3.10000000e+04 1.12406363e-43 1.11477833e-43 1.15870082e-43
3.11000000e+04 1.12480446e-43 1.11564576e-43 1.15939375e-43
3.12000000e+04 1.12554065e-43 1.11650701e-43 1.16008004e-43
3.13000000e+04 1.12627222e-43 1.11736208e-43 1.16075971e-43
3.14000000e+04 1.12699914e-43 1.11821095e-43 1.16143277e-43
3.15000000e+04 1.12772140e-43 1.11905365e-43 1.16209925e-43
3.16000000e+04 1.12843900e-43 1.11989018e-43 1.16275915e-43
3.17000000e+04 1.12915193e-43 1.12072056e-43 1.16341254e-43
3.18000000e+04 1.12986017e-43 1.12154480e-43 1.16405940e-43
3.19000000e+04 1.13056372e-43 1.12236296e-43 1.16469979e-43
3.20000000e+04 1.13126256e-43 1.12317488e-43 1.16533369e-43
3.21000000e+04 1.13195669e-43 1.12398071e-43 1.16596115e-43
3.22000000e+04 1.13264612e-43 1.12478047e-43 1.16658217e-43
3.23000000e+04 1.13333081e-43 1.12557413e-43 1.16719682e-43
3.24000000e+04 1.13401078e-43 1.12636171e-43 1.16780507e-43
3.25000000e+04 1.13468601e-43 1.12714319e-43 1.16840693e-43
3.26000000e+04 1.13535650e-43 1.12791863e-43 1.16900252e-43
3.27000000e+04 1.13602223e-43 1.12868801e-43 1.16959177e-43
3.28000000e+04 1.13668321e-43 1.12945136e-43 1.17017472e-43
3.29000000e+04 1.13733945e-43 1.13020867e-43 1.17075144e-43
3.30000000e+04 1.13799091e-43 1.13095997e-43 1.17132187e-43
3.31000000e+04 1.13863760e-43 1.13170527e-43 1.17188607e-43
3.32000000e+04 1.13927956e-43 1.13244457e-43 1.17244410e-43
3.33000000e+04 1.13991672e-43 1.13317789e-43 1.17299595e-43
3.34000000e+04 1.14054907e-43 1.13390526e-43 1.17354163e-43
3.35000000e+04 1.14117675e-43 1.13462668e-43 1.17408119e-43
3.36000000e+04 1.14179958e-43 1.13534213e-43 1.17461465e-43
3.37000000e+04 1.14241765e-43 1.13605167e-43 1.17514199e-43
3.38000000e+04 1.14303093e-43 1.13675530e-43 1.17566332e-43
3.39000000e+04 1.14363944e-43 1.13745302e-43 1.17617861e-43
3.40000000e+04 1.14424316e-43 1.13814486e-43 1.17668784e-43
3.41000000e+04 1.14484210e-43 1.13883082e-43 1.17719110e-43
3.42000000e+04 1.14543627e-43 1.13951092e-43 1.17768838e-43
3.43000000e+04 1.14602566e-43 1.14018518e-43 1.17817971e-43
3.44000000e+04 1.14661026e-43 1.14085361e-43 1.17866513e-43
3.45000000e+04 1.14719011e-43 1.14151621e-43 1.17914464e-43
3.46000000e+04 1.14776515e-43 1.14217302e-43 1.17961827e-43
3.47000000e+04 1.14833544e-43 1.14282404e-43 1.18008605e-43
3.48000000e+04 1.14890093e-43 1.14346928e-43 1.18054799e-43
3.49000000e+04 1.14946169e-43 1.14410876e-43 1.18100412e-43
3.50000000e+04 1.15001766e-43 1.14474248e-43 1.18145446e-43
3.51000000e+04 1.15056888e-43 1.14537049e-43 1.18189904e-43
3.52000000e+04 1.15111533e-43 1.14599279e-43 1.18233788e-43
3.53000000e+04 1.15165702e-43 1.14660938e-43 1.18277099e-43
3.54000000e+04 1.15219396e-43 1.14722028e-43 1.18319843e-43
3.55000000e+04 1.15272614e-43 1.14782553e-43 1.18362021e-43
3.56000000e+04 1.15325359e-43 1.14842511e-43 1.18403625e-43
3.57000000e+04 1.15377630e-43 1.14901906e-43 1.18444673e-43
3.58000000e+04 1.15429428e-43 1.14960738e-43 1.18485157e-43
3.59000000e+04 1.15480752e-43 1.15019010e-43 1.18525086e-43
3.60000000e+04 1.15531602e-43 1.15076722e-43 1.18564459e-43
3.61000000e+04 1.15581980e-43 1.15133878e-43 1.18603277e-43
3.62000000e+04 1.15631888e-43 1.15190477e-43 1.18641545e-43
3.63000000e+04 1.15681325e-43 1.15246523e-43 1.18679262e-43
3.64000000e+04 1.15730291e-43 1.15302014e-43 1.18716433e-43
3.65000000e+04 1.15778787e-43 1.15356956e-43 1.18753060e-43
3.66000000e+04 1.15826814e-43 1.15411347e-43 1.18789145e-43
3.67000000e+04 1.15874373e-43 1.15465190e-43 1.18824687e-43
3.68000000e+04 1.15921465e-43 1.15518489e-43 1.18859695e-43
3.69000000e+04 1.15968089e-43 1.15571241e-43 1.18894165e-43
3.70000000e+04 1.16014247e-43 1.15623452e-43 1.18928102e-43
3.71000000e+04 1.16059940e-43 1.15675120e-43 1.18961510e-43
3.72000000e+04 1.16105167e-43 1.15726250e-43 1.18994387e-43
3.73000000e+04 1.16149930e-43 1.15776842e-43 1.19026739e-43
3.74000000e+04 1.16194232e-43 1.15826898e-43 1.19058566e-43
3.75000000e+04 1.16238070e-43 1.15876422e-43 1.19089872e-43
3.76000000e+04 1.16281445e-43 1.15925406e-43 1.19120655e-43
3.77000000e+04 1.16324360e-43 1.15973863e-43 1.19150922e-43
3.78000000e+04 1.16366814e-43 1.16021791e-43 1.19180677e-43
3.79000000e+04 1.16408811e-43 1.16069190e-43 1.19209913e-43
3.80000000e+04 1.16450349e-43 1.16116064e-43 1.19238642e-43
3.81000000e+04 1.16491430e-43 1.16162413e-43 1.19266860e-43
3.82000000e+04 1.16532053e-43 1.16208241e-43 1.19294572e-43
3.83000000e+04 1.16572222e-43 1.16253546e-43 1.19321781e-43
3.84000000e+04 1.16611937e-43 1.16298331e-43 1.19348486e-43
3.85000000e+04 1.16651198e-43 1.16342601e-43 1.19374693e-43
3.86000000e+04 1.16690006e-43 1.16386355e-43 1.19400402e-43
3.87000000e+04 1.16728362e-43 1.16429592e-43 1.19425615e-43
3.88000000e+04 1.16766268e-43 1.16472321e-43 1.19450334e-43
3.89000000e+04 1.16803724e-43 1.16514538e-43 1.19474562e-43
3.90000000e+04 1.16840732e-43 1.16556246e-43 1.19498302e-43
3.91000000e+04 1.16877291e-43 1.16597445e-43 1.19521554e-43
3.92000000e+04 1.16913405e-43 1.16638142e-43 1.19544322e-43
3.93000000e+04 1.16949073e-43 1.16678334e-43 1.19566608e-43
3.94000000e+04 1.16984296e-43 1.16718024e-43 1.19588415e-43
3.95000000e+04 1.17019075e-43 1.16757213e-43 1.19609745e-43
3.96000000e+04 1.17053414e-43 1.16795904e-43 1.19630593e-43
3.97000000e+04 1.17087310e-43 1.16834102e-43 1.19650969e-43
3.98000000e+04 1.17120767e-43 1.16871802e-43 1.19670876e-43
3.99000000e+04 1.17153784e-43 1.16909007e-43 1.19690311e-43
4.00000000e+04 1.17186363e-43 1.16945725e-43 1.19709281e-43
4.01000000e+04 1.17218506e-43 1.16981953e-43 1.19727780e-43
4.02000000e+04 1.17250213e-43 1.17017692e-43 1.19745824e-43
4.03000000e+04 1.17281486e-43 1.17052944e-43 1.19763403e-43
4.04000000e+04 1.17312326e-43 1.17087713e-43 1.19780523e-43
4.05000000e+04 1.17342732e-43 1.17122001e-43 1.19797186e-43
4.06000000e+04 1.17372709e-43 1.17155806e-43 1.19813395e-43
4.07000000e+04 1.17402255e-43 1.17189133e-43 1.19829153e-43
4.08000000e+04 1.17431373e-43 1.17221983e-43 1.19844456e-43
4.09000000e+04 1.17460063e-43 1.17254357e-43 1.19859314e-43
4.10000000e+04 1.17488327e-43 1.17286258e-43 1.19873724e-43
4.11000000e+04 1.17516165e-43 1.17317687e-43 1.19887690e-43
4.12000000e+04 1.17543582e-43 1.17348642e-43 1.19901213e-43
4.13000000e+04 1.17570575e-43 1.17379137e-43 1.19914297e-43
4.14000000e+04 1.17597146e-43 1.17409162e-43 1.19926943e-43
4.15000000e+04 1.17623298e-43 1.17438720e-43 1.19939152e-43
4.16000000e+04 1.17649031e-43 1.17467817e-43 1.19950928e-43
4.17000000e+04 1.17674349e-43 1.17496452e-43 1.19962271e-43
4.18000000e+04 1.17699244e-43 1.17524627e-43 1.19973185e-43
4.19000000e+04 1.17723728e-43 1.17552346e-43 1.19983670e-43
4.20000000e+04 1.17747797e-43 1.17579608e-43 1.19993730e-43
4.21000000e+04 1.17771455e-43 1.17606415e-43 1.20003366e-43
4.22000000e+04 1.17794701e-43 1.17632771e-43 1.20012578e-43
4.23000000e+04 1.17817537e-43 1.17658677e-43 1.20021373e-43
4.24000000e+04 1.17839964e-43 1.17684131e-43 1.20029749e-43
4.25000000e+04 1.17861983e-43 1.17709141e-43 1.20037710e-43
4.26000000e+04 1.17883598e-43 1.17733704e-43 1.20045256e-43
4.27000000e+04 1.17904804e-43 1.17757824e-43 1.20052390e-43
4.28000000e+04 1.17925611e-43 1.17781502e-43 1.20059113e-43
4.29000000e+04 1.17946016e-43 1.17804740e-43 1.20065431e-43
4.30000000e+04 1.17966016e-43 1.17827538e-43 1.20071342e-43
4.31000000e+04 1.17985618e-43 1.17849903e-43 1.20076848e-43
4.32000000e+04 1.18004822e-43 1.17871829e-43 1.20081954e-43
4.33000000e+04 1.18023630e-43 1.17893326e-43 1.20086657e-43
4.34000000e+04 1.18042041e-43 1.17914389e-43 1.20090963e-43
4.35000000e+04 1.18060058e-43 1.17935023e-43 1.20094873e-43
4.36000000e+04 1.18077680e-43 1.17955229e-43 1.20098388e-43
4.37000000e+04 1.18094914e-43 1.17975009e-43 1.20101511e-43
4.38000000e+04 1.18111755e-43 1.17994366e-43 1.20104244e-43
4.39000000e+04 1.18128209e-43 1.18013297e-43 1.20106588e-43
4.40000000e+04 1.18144273e-43 1.18031810e-43 1.20108545e-43
4.41000000e+04 1.18159954e-43 1.18049902e-43 1.20110118e-43
4.42000000e+04 1.18175247e-43 1.18067578e-43 1.20111310e-43
4.43000000e+04 1.18190158e-43 1.18084837e-43 1.20112117e-43
4.44000000e+04 1.18204685e-43 1.18101682e-43 1.20112547e-43
4.45000000e+04 1.18218832e-43 1.18118116e-43 1.20112599e-43
4.46000000e+04 1.18232600e-43 1.18134138e-43 1.20112277e-43
4.47000000e+04 1.18245989e-43 1.18149751e-43 1.20111580e-43
4.48000000e+04 1.18259001e-43 1.18164957e-43 1.20110512e-43
4.49000000e+04 1.18271637e-43 1.18179759e-43 1.20109074e-43
4.50000000e+04 1.18283902e-43 1.18194155e-43 1.20107268e-43
4.51000000e+04 1.18295790e-43 1.18208152e-43 1.20105096e-43
4.52000000e+04 1.18307308e-43 1.18221745e-43 1.20102560e-43
4.53000000e+04 1.18318457e-43 1.18234941e-43 1.20099659e-43
4.54000000e+04 1.18329234e-43 1.18247740e-43 1.20096401e-43
4.55000000e+04 1.18339646e-43 1.18260143e-43 1.20092784e-43
4.56000000e+04 1.18349692e-43 1.18272153e-43 1.20088809e-43
4.57000000e+04 1.18359375e-43 1.18283771e-43 1.20084478e-43
4.58000000e+04 1.18368691e-43 1.18294999e-43 1.20079794e-43
4.59000000e+04 1.18377648e-43 1.18305838e-43 1.20074761e-43
4.60000000e+04 1.18386242e-43 1.18316291e-43 1.20069374e-43
4.61000000e+04 1.18394479e-43 1.18326359e-43 1.20063640e-43
4.62000000e+04 1.18402356e-43 1.18336041e-43 1.20057560e-43
4.63000000e+04 1.18409878e-43 1.18345343e-43 1.20051136e-43
4.64000000e+04 1.18417045e-43 1.18354265e-43 1.20044370e-43
4.65000000e+04 1.18423860e-43 1.18362808e-43 1.20037261e-43
4.66000000e+04 1.18430318e-43 1.18370973e-43 1.20029814e-43
4.67000000e+04 1.18436427e-43 1.18378763e-43 1.20022029e-43
4.68000000e+04 1.18442186e-43 1.18386180e-43 1.20013908e-43
4.69000000e+04 1.18447597e-43 1.18393225e-43 1.20005451e-43
4.70000000e+04 1.18452660e-43 1.18399899e-43 1.19996669e-43
4.71000000e+04 1.18457380e-43 1.18406205e-43 1.19987547e-43
4.72000000e+04 1.18461757e-43 1.18412144e-43 1.19978101e-43
4.73000000e+04 1.18465786e-43 1.18417717e-43 1.19968326e-43
4.74000000e+04 1.18469476e-43 1.18422927e-43 1.19958226e-43
4.75000000e+04 1.18472826e-43 1.18427773e-43 1.19947803e-43
4.76000000e+04 1.18475837e-43 1.18432260e-43 1.19937056e-43
4.77000000e+04 1.18478510e-43 1.18436388e-43 1.19925990e-43
4.78000000e+04 1.18480848e-43 1.18440159e-43 1.19914604e-43
4.79000000e+04 1.18482850e-43 1.18443573e-43 1.19902902e-43
4.80000000e+04 1.18484520e-43 1.18446631e-43 1.19890884e-43
4.81000000e+04 1.18485858e-43 1.18449339e-43 1.19878552e-43
4.82000000e+04 1.18486864e-43 1.18451696e-43 1.19865904e-43
4.83000000e+04 1.18487541e-43 1.18453703e-43 1.19852953e-43
4.84000000e+04 1.18487890e-43 1.18455363e-43 1.19839688e-43
4.85000000e+04 1.18487914e-43 1.18456675e-43 1.19826117e-43
4.86000000e+04 1.18487611e-43 1.18457643e-43 1.19812240e-43
4.87000000e+04 1.18486984e-43 1.18458268e-43 1.19798059e-43
4.88000000e+04 1.18486035e-43 1.18458552e-43 1.19783575e-43
4.89000000e+04 1.18484764e-43 1.18458495e-43 1.19768790e-43
4.90000000e+04 1.18483173e-43 1.18458100e-43 1.19753706e-43
4.91000000e+04 1.18481264e-43 1.18457369e-43 1.19738325e-43
4.92000000e+04 1.18479038e-43 1.18456301e-43 1.19722647e-43
4.93000000e+04 1.18476496e-43 1.18454900e-43 1.19706674e-43
4.94000000e+04 1.18473639e-43 1.18453168e-43 1.19690406e-43
4.95000000e+04 1.18470469e-43 1.18451104e-43 1.19673851e-43
4.96000000e+04 1.18466987e-43 1.18448710e-43 1.19657004e-43
4.97000000e+04 1.18463194e-43 1.18445990e-43 1.19639869e-43
4.98000000e+04 1.18459092e-43 1.18442943e-43 1.19622446e-43
4.99000000e+04 1.18454682e-43 1.18439572e-43 1.19604739e-43
5.00000000e+04 1.18449964e-43 1.18435877e-43 1.19586749e-43
