# Te [K]  Qff_DL [cm^5]  Qff_PL [cm^5]  Qff_KW [cm^5] int_DL  int_PL  int_KD abserr_int_DL  abserr_int_PL  abserr_int_KW
3.00000000e+02 2.32136614e-39 3.63069623e-40 6.39602549e-40 2.32136614e-39 3.63069623e-40 6.39602549e-40 1.33241628e-09 2.05178702e-10 3.61732661e-10
4.00000000e+02 2.97365506e-39 3.67421897e-40 6.43739836e-40 2.97365506e-39 3.67421897e-40 6.43739836e-40 2.62269957e-09 3.24310116e-10 5.68844307e-10
5.00000000e+02 3.25596761e-39 3.71795176e-40 6.47866315e-40 3.25596761e-39 3.71795176e-40 6.47866315e-40 4.01550713e-09 4.49341011e-10 7.69393292e-10
6.00000000e+02 3.32510946e-39 3.76187368e-40 6.51988101e-40 3.32510946e-39 3.76187368e-40 6.51988101e-40 5.40319431e-09 5.73367992e-10 9.93797809e-10
7.00000000e+02 3.28185766e-39 3.80597301e-40 6.56112299e-40 3.28185766e-39 3.80597301e-40 6.56112299e-40 6.72217851e-09 7.20301089e-10 1.33806558e-09
8.00000000e+02 3.18290671e-39 3.85024197e-40 6.60245319e-40 3.18290671e-39 3.85024197e-40 6.60245319e-40 7.95717204e-09 9.04222681e-10 1.54887573e-09
9.00000000e+02 3.05910898e-39 3.89467429e-40 6.64392346e-40 3.05910898e-39 3.89467429e-40 6.64392346e-40 9.13546862e-09 1.14275807e-09 1.92375765e-09
1.00000000e+03 2.92706189e-39 3.93926414e-40 6.68557349e-40 2.92706189e-39 3.93926414e-40 6.68557349e-40 1.02206212e-08 1.28514548e-09 2.29295608e-09
1.10000000e+03 2.79556892e-39 3.98400569e-40 6.72743253e-40 2.79556892e-39 3.98400569e-40 6.72743253e-40 1.12458049e-08 1.50900806e-09 2.64717274e-09
1.20000000e+03 2.66915120e-39 4.02889272e-40 6.76952150e-40 2.66915120e-39 4.02889272e-40 6.76952150e-40 1.22784481e-08 1.84616047e-09 3.01494938e-09
1.30000000e+03 2.54996288e-39 4.07391860e-40 6.81185476e-40 2.54996288e-39 4.07391860e-40 6.81185476e-40 1.32153027e-08 2.09477707e-09 3.52654037e-09
1.40000000e+03 2.43884879e-39 4.11907614e-40 6.85444166e-40 2.43884879e-39 4.11907614e-40 6.85444166e-40 1.40978052e-08 2.37131784e-09 3.90637035e-09
1.50000000e+03 2.33593622e-39 4.16435767e-40 6.89728772e-40 2.33593622e-39 4.16435767e-40 6.89728772e-40 1.50008269e-08 2.64741804e-09 4.35944479e-09
1.60000000e+03 2.24096967e-39 4.20975514e-40 6.94039552e-40 2.24096967e-39 4.20975514e-40 6.94039552e-40 1.58004343e-08 2.96565227e-09 4.70526067e-09
1.70000000e+03 2.15350149e-39 4.25526028e-40 6.98376546e-40 2.15350149e-39 4.25526028e-40 6.98376546e-40 1.67001496e-08 3.20198611e-09 5.37477309e-09
1.80000000e+03 2.07300037e-39 4.30086476e-40 7.02739631e-40 2.07300037e-39 4.30086476e-40 7.02739631e-40 1.74643302e-08 3.55667776e-09 5.85165553e-09
1.90000000e+03 1.99891258e-39 4.34656039e-40 7.07128569e-40 1.99891258e-39 4.34656039e-40 7.07128569e-40 1.83150188e-08 3.93128306e-09 6.47265588e-09
2.00000000e+03 1.93069564e-39 4.39233927e-40 7.11543035e-40 1.93069564e-39 4.39233927e-40 7.11543035e-40 1.90802650e-08 4.33851944e-09 6.87809407e-09
2.10000000e+03 1.86783597e-39 4.43819397e-40 7.15982652e-40 1.86783597e-39 4.43819397e-40 7.15982652e-40 1.98810404e-08 4.67387591e-09 7.42603398e-09
2.20000000e+03 1.80985710e-39 4.48411763e-40 7.20447007e-40 1.80985710e-39 4.48411763e-40 7.20447007e-40 2.06453101e-08 4.96571456e-09 7.96005301e-09
2.30000000e+03 1.75632256e-39 4.53010403e-40 7.24935667e-40 1.75632256e-39 4.53010403e-40 7.24935667e-40 2.14327975e-08 5.35043871e-09 8.70594713e-09
2.40000000e+03 1.70683564e-39 4.57614768e-40 7.29448195e-40 1.70683564e-39 4.57614768e-40 7.29448195e-40 2.22119261e-08 5.95235946e-09 9.38831160e-09
2.50000000e+03 1.66103754e-39 4.62224381e-40 7.33984154e-40 1.66103754e-39 4.62224381e-40 7.33984154e-40 2.29594953e-08 6.18999409e-09 9.95261730e-09
2.60000000e+03 1.61860465e-39 4.66838843e-40 7.38543116e-40 1.61860465e-39 4.66838843e-40 7.38543116e-40 2.36860144e-08 6.80453843e-09 1.07932998e-08
2.70000000e+03 1.57924562e-39 4.71457824e-40 7.43124665e-40 1.57924562e-39 4.71457824e-40 7.43124665e-40 2.44511030e-08 7.06558469e-09 1.14007306e-08
2.80000000e+03 1.54269822e-39 4.76081067e-40 7.47728402e-40 1.54269822e-39 4.76081067e-40 7.47728402e-40 2.52725802e-08 7.71914741e-09 1.21703974e-08
2.90000000e+03 1.50872648e-39 4.80708382e-40 7.52353944e-40 1.50872648e-39 4.80708382e-40 7.52353944e-40 2.60293414e-08 8.29215320e-09 1.28647708e-08
3.00000000e+03 1.47711790e-39 4.85339638e-40 7.57000929e-40 1.47711790e-39 4.85339638e-40 7.57000929e-40 2.68446894e-08 8.82015025e-09 1.36189849e-08
3.10000000e+03 1.44768098e-39 4.89974764e-40 7.61669008e-40 1.44768098e-39 4.89974764e-40 7.61669008e-40 2.75778195e-08 9.22644481e-09 1.44965636e-08
3.20000000e+03 1.42024293e-39 4.94613738e-40 7.66357855e-40 1.42024293e-39 4.94613738e-40 7.66357855e-40 2.83207577e-08 9.90892914e-09 1.51587186e-08
3.30000000e+03 1.39464765e-39 4.99256585e-40 7.71067158e-40 1.39464765e-39 4.99256585e-40 7.71067158e-40 2.91197372e-08 1.02956227e-08 1.58413293e-08
3.40000000e+03 1.37075392e-39 5.03903369e-40 7.75796624e-40 1.37075392e-39 5.03903369e-40 7.75796624e-40 2.99844265e-08 1.08644188e-08 1.66805079e-08
3.50000000e+03 1.34843381e-39 5.08554192e-40 7.80545973e-40 1.34843381e-39 5.08554192e-40 7.80545973e-40 3.08893116e-08 1.15703081e-08 1.75817706e-08
3.60000000e+03 1.32757120e-39 5.13209186e-40 7.85314941e-40 1.32757120e-39 5.13209186e-40 7.85314941e-40 3.16964464e-08 1.21779770e-08 1.85673593e-08
3.70000000e+03 1.30806060e-39 5.17868508e-40 7.90103275e-40 1.30806060e-39 5.17868508e-40 7.90103275e-40 3.25488192e-08 1.28462492e-08 1.95174500e-08
3.80000000e+03 1.28980596e-39 5.22532340e-40 7.94910737e-40 1.28980596e-39 5.22532340e-40 7.94910737e-40 3.34348135e-08 1.33937917e-08 2.03888092e-08
3.90000000e+03 1.27271974e-39 5.27200878e-40 7.99737098e-40 1.27271974e-39 5.27200878e-40 7.99737098e-40 3.42992572e-08 1.41750214e-08 2.12682382e-08
4.00000000e+03 1.25672200e-39 5.31874337e-40 8.04582139e-40 1.25672200e-39 5.31874337e-40 8.04582139e-40 3.51798178e-08 1.47088345e-08 2.21450957e-08
4.10000000e+03 1.24173964e-39 5.36552942e-40 8.09445652e-40 1.24173964e-39 5.36552942e-40 8.09445652e-40 3.60270475e-08 1.55285576e-08 2.33351021e-08
4.20000000e+03 1.22770573e-39 5.41236927e-40 8.14327434e-40 1.22770573e-39 5.41236927e-40 8.14327434e-40 3.69323361e-08 1.61548309e-08 2.40240795e-08
4.30000000e+03 1.21455886e-39 5.45926532e-40 8.19227292e-40 1.21455886e-39 5.45926532e-40 8.19227292e-40 3.78085218e-08 1.68713379e-08 2.54714172e-08
4.40000000e+03 1.20224265e-39 5.50622003e-40 8.24145038e-40 1.20224265e-39 5.50622003e-40 8.24145038e-40 3.87901677e-08 1.77405948e-08 2.65131288e-08
4.50000000e+03 1.19070522e-39 5.55323587e-40 8.29080493e-40 1.19070522e-39 5.55323587e-40 8.29080493e-40 3.96983563e-08 1.83671114e-08 2.74139292e-08
4.60000000e+03 1.17989882e-39 5.60031532e-40 8.34033478e-40 1.17989882e-39 5.60031532e-40 8.34033478e-40 4.07086522e-08 1.90716503e-08 2.83468702e-08
4.70000000e+03 1.16977937e-39 5.64746085e-40 8.39003824e-40 1.16977937e-39 5.64746085e-40 8.39003824e-40 4.16092875e-08 2.00154446e-08 2.92441193e-08
4.80000000e+03 1.16030620e-39 5.69467491e-40 8.43991363e-40 1.16030620e-39 5.69467491e-40 8.43991363e-40 4.26504473e-08 2.06781766e-08 3.07105763e-08
4.90000000e+03 1.15144167e-39 5.74195991e-40 8.48995933e-40 1.15144167e-39 5.74195991e-40 8.48995933e-40 4.36915321e-08 2.15348261e-08 3.21171785e-08
5.00000000e+03 1.14315098e-39 5.78931823e-40 8.54017374e-40 1.14315098e-39 5.78931823e-40 8.54017374e-40 4.46749538e-08 2.22316810e-08 3.29893711e-08
5.10000000e+03 1.13540182e-39 5.83675220e-40 8.59055529e-40 1.13540182e-39 5.83675220e-40 8.59055529e-40 4.57353223e-08 2.33452202e-08 3.43623038e-08
5.20000000e+03 1.12816424e-39 5.88426408e-40 8.64110246e-40 1.12816424e-39 5.88426408e-40 8.64110246e-40 4.67704982e-08 2.43485637e-08 3.56582899e-08
5.30000000e+03 1.12141040e-39 5.93185609e-40 8.69181373e-40 1.12141040e-39 5.93185609e-40 8.69181373e-40 4.78596490e-08 2.53273085e-08 3.70145721e-08
5.40000000e+03 1.11511442e-39 5.97953037e-40 8.74268762e-40 1.11511442e-39 5.97953037e-40 8.74268762e-40 4.88643221e-08 2.61538042e-08 3.78409543e-08
5.50000000e+03 1.10925220e-39 6.02728900e-40 8.79372267e-40 1.10925220e-39 6.02728900e-40 8.79372267e-40 4.98700480e-08 2.69783286e-08 3.97007711e-08
5.60000000e+03 1.10380125e-39 6.07513396e-40 8.84491743e-40 1.10380125e-39 6.07513396e-40 8.84491743e-40 5.11252300e-08 2.79813604e-08 4.08747380e-08
5.70000000e+03 1.09874062e-39 6.12306719e-40 8.89627047e-40 1.09874062e-39 6.12306719e-40 8.89627047e-40 5.23354145e-08 2.86435764e-08 4.16946225e-08
5.80000000e+03 1.09405073e-39 6.17109054e-40 8.94778040e-40 1.09405073e-39 6.17109054e-40 8.94778040e-40 5.34708103e-08 2.98922400e-08 4.32529052e-08
5.90000000e+03 1.08971328e-39 6.21920578e-40 8.99944581e-40 1.08971328e-39 6.21920578e-40 8.99944581e-40 5.46233394e-08 3.11681724e-08 4.47925275e-08
6.00000000e+03 1.08571112e-39 6.26741462e-40 9.05126533e-40 1.08571112e-39 6.26741462e-40 9.05126533e-40 5.56710216e-08 3.22292832e-08 4.64209094e-08
6.10000000e+03 1.08202822e-39 6.31571866e-40 9.10323760e-40 1.08202822e-39 6.31571866e-40 9.10323760e-40 5.70132726e-08 3.32970864e-08 4.78039031e-08
6.20000000e+03 1.07864954e-39 6.36411945e-40 9.15536127e-40 1.07864954e-39 6.36411945e-40 9.15536127e-40 5.81520717e-08 3.42187417e-08 4.94530322e-08
6.30000000e+03 1.07556096e-39 6.41261846e-40 9.20763500e-40 1.07556096e-39 6.41261846e-40 9.20763500e-40 5.94283973e-08 3.54449811e-08 5.06077790e-08
6.40000000e+03 1.07274922e-39 6.46121707e-40 9.26005747e-40 1.07274922e-39 6.46121707e-40 9.26005747e-40 6.06944255e-08 3.65991031e-08 5.20049736e-08
6.50000000e+03 1.07020188e-39 6.50991662e-40 9.31262736e-40 1.07020188e-39 6.50991662e-40 9.31262736e-40 6.19643561e-08 3.74029802e-08 5.39825848e-08
6.60000000e+03 1.06790720e-39 6.55871833e-40 9.36534338e-40 1.06790720e-39 6.55871833e-40 9.36534338e-40 6.32914575e-08 3.85124921e-08 5.51266209e-08
6.70000000e+03 1.06585416e-39 6.60762338e-40 9.41820424e-40 1.06585416e-39 6.60762338e-40 9.41820424e-40 6.46488578e-08 3.99939126e-08 5.66390996e-08
6.80000000e+03 1.06403235e-39 6.65663287e-40 9.47120865e-40 1.06403235e-39 6.65663287e-40 9.47120865e-40 6.59611079e-08 4.10106247e-08 5.81150209e-08
6.90000000e+03 1.06243199e-39 6.70574784e-40 9.52435535e-40 1.06243199e-39 6.70574784e-40 9.52435535e-40 6.73605074e-08 4.20806983e-08 6.03023298e-08
7.00000000e+03 1.06104382e-39 6.75496925e-40 9.57764309e-40 1.06104382e-39 6.75496925e-40 9.57764309e-40 6.86645487e-08 4.36354498e-08 6.19525336e-08
7.10000000e+03 1.05985910e-39 6.80429800e-40 9.63107061e-40 1.05985910e-39 6.80429800e-40 9.63107061e-40 7.01166786e-08 4.50438175e-08 6.32708317e-08
7.20000000e+03 1.05886959e-39 6.85373493e-40 9.68463669e-40 1.05886959e-39 6.85373493e-40 9.68463669e-40 7.13810478e-08 4.61957318e-08 6.53668920e-08
7.30000000e+03 1.05806748e-39 6.90328082e-40 9.73834010e-40 1.05806748e-39 6.90328082e-40 9.73834010e-40 7.30082003e-08 4.74151239e-08 6.66344351e-08
7.40000000e+03 1.05744538e-39 6.95293638e-40 9.79217963e-40 1.05744538e-39 6.95293638e-40 9.79217963e-40 7.44043640e-08 4.84053562e-08 6.89516301e-08
7.50000000e+03 1.05699631e-39 7.00270228e-40 9.84615406e-40 1.05699631e-39 7.00270228e-40 9.84615406e-40 7.57453110e-08 5.00735725e-08 7.01366755e-08
7.60000000e+03 1.05671363e-39 7.05257911e-40 9.90026221e-40 1.05671363e-39 7.05257911e-40 9.90026221e-40 7.73017055e-08 5.15520066e-08 7.21334446e-08
7.70000000e+03 1.05659107e-39 7.10256743e-40 9.95450289e-40 1.05659107e-39 7.10256743e-40 9.95450289e-40 7.87143064e-08 5.30457096e-08 7.34415900e-08
7.80000000e+03 1.05662267e-39 7.15266773e-40 1.00088749e-39 1.05662267e-39 7.15266773e-40 1.00088749e-39 8.03793090e-08 5.36882909e-08 7.58949534e-08
7.90000000e+03 1.05680277e-39 7.20288047e-40 1.00633772e-39 1.05680277e-39 7.20288047e-40 1.00633772e-39 8.18092231e-08 5.58693363e-08 7.72960284e-08
8.00000000e+03 1.05712599e-39 7.25320603e-40 1.01180084e-39 1.05712599e-39 7.25320603e-40 1.01180084e-39 8.36236246e-08 5.68859499e-08 7.95833493e-08
8.10000000e+03 1.05758722e-39 7.30364478e-40 1.01727676e-39 1.05758722e-39 7.30364478e-40 1.01727676e-39 8.51858655e-08 5.81069733e-08 8.14735541e-08
8.20000000e+03 1.05818161e-39 7.35419702e-40 1.02276536e-39 1.05818161e-39 7.35419702e-40 1.02276536e-39 8.67181197e-08 5.96634008e-08 8.30366210e-08
8.30000000e+03 1.05890454e-39 7.40486301e-40 1.02826651e-39 1.05890454e-39 7.40486301e-40 1.02826651e-39 8.85179396e-08 6.10319470e-08 8.53952041e-08
8.40000000e+03 1.05975160e-39 7.45564298e-40 1.03378013e-39 1.05975160e-39 7.45564298e-40 1.03378013e-39 9.02905008e-08 6.30009495e-08 8.74162842e-08
8.50000000e+03 1.06071860e-39 7.50653710e-40 1.03930608e-39 1.06071860e-39 7.50653710e-40 1.03930608e-39 9.16631943e-08 6.49197765e-08 8.98027060e-08
8.60000000e+03 1.06180154e-39 7.55754553e-40 1.04484427e-39 1.06180154e-39 7.55754553e-40 1.04484427e-39 9.34965694e-08 6.66143691e-08 9.19091661e-08
8.70000000e+03 1.06299661e-39 7.60866837e-40 1.05039458e-39 1.06299661e-39 7.60866837e-40 1.05039458e-39 9.54431707e-08 6.78731117e-08 9.35389484e-08
8.80000000e+03 1.06430018e-39 7.65990569e-40 1.05595691e-39 1.06430018e-39 7.65990569e-40 1.05595691e-39 9.72041195e-08 6.95619015e-08 9.64512113e-08
8.90000000e+03 1.06570877e-39 7.71125753e-40 1.06153116e-39 1.06570877e-39 7.71125753e-40 1.06153116e-39 9.90093076e-08 7.12036205e-08 9.84359573e-08
9.00000000e+03 1.06721906e-39 7.76272389e-40 1.06711721e-39 1.06721906e-39 7.76272389e-40 1.06711721e-39 1.00592424e-07 7.26230551e-08 1.00589515e-07
9.10000000e+03 1.06882790e-39 7.81430476e-40 1.07271496e-39 1.06882790e-39 7.81430476e-40 1.07271496e-39 1.02567615e-07 7.49218730e-08 1.01615452e-07
9.20000000e+03 1.07053224e-39 7.86600007e-40 1.07832431e-39 1.07053224e-39 7.86600007e-40 1.07832431e-39 1.04525239e-07 7.66359691e-08 1.04608927e-07
9.30000000e+03 1.07232918e-39 7.91780974e-40 1.08394516e-39 1.07232918e-39 7.91780974e-40 1.08394516e-39 1.06360776e-07 7.85078898e-08 1.07570131e-07
9.40000000e+03 1.07421596e-39 7.96973366e-40 1.08957740e-39 1.07421596e-39 7.96973366e-40 1.08957740e-39 1.08172590e-07 8.01448312e-08 1.09740130e-07
9.50000000e+03 1.07618992e-39 8.02177170e-40 1.09522094e-39 1.07618992e-39 8.02177170e-40 1.09522094e-39 1.10119135e-07 8.15361782e-08 1.12120192e-07
9.60000000e+03 1.07824851e-39 8.07392369e-40 1.10087567e-39 1.07824851e-39 8.07392369e-40 1.10087567e-39 1.12037381e-07 8.33074057e-08 1.13799486e-07
9.70000000e+03 1.08038930e-39 8.12618945e-40 1.10654150e-39 1.08038930e-39 8.12618945e-40 1.10654150e-39 1.14133751e-07 8.57583836e-08 1.16840748e-07
9.80000000e+03 1.08260994e-39 8.17856878e-40 1.11221833e-39 1.08260994e-39 8.17856878e-40 1.11221833e-39 1.15992375e-07 8.75789389e-08 1.19230465e-07
9.90000000e+03 1.08490819e-39 8.23106143e-40 1.11790607e-39 1.08490819e-39 8.23106143e-40 1.11790607e-39 1.18154171e-07 8.97422045e-08 1.21657234e-07
1.00000000e+04 1.08728191e-39 8.28366717e-40 1.12360461e-39 1.08728191e-39 8.28366717e-40 1.12360461e-39 1.20078643e-07 9.08928880e-08 1.22519432e-07
1.01000000e+04 1.08972902e-39 8.33638572e-40 1.12931386e-39 1.08972902e-39 8.33638572e-40 1.12931386e-39 1.22417676e-07 9.29157802e-08 1.26802220e-07
1.02000000e+04 1.09224755e-39 8.38921679e-40 1.13503373e-39 1.09224755e-39 8.38921679e-40 1.13503373e-39 1.24331734e-07 9.51894937e-08 1.28981883e-07
1.03000000e+04 1.09483557e-39 8.44216009e-40 1.14076413e-39 1.09483557e-39 8.44216009e-40 1.14076413e-39 1.26665708e-07 9.70421677e-08 1.31888929e-07
1.04000000e+04 1.09749127e-39 8.49521528e-40 1.14650496e-39 1.09749127e-39 8.49521528e-40 1.14650496e-39 1.28554769e-07 9.89450551e-08 1.33871841e-07
1.05000000e+04 1.10021288e-39 8.54838203e-40 1.15225614e-39 1.10021288e-39 8.54838203e-40 1.15225614e-39 1.30953775e-07 1.01741720e-07 1.36758724e-07
1.06000000e+04 1.10299869e-39 8.60165999e-40 1.15801756e-39 1.10299869e-39 8.60165999e-40 1.15801756e-39 1.33151600e-07 1.03001118e-07 1.39162361e-07
1.07000000e+04 1.10584709e-39 8.65504878e-40 1.16378915e-39 1.10584709e-39 8.65504878e-40 1.16378915e-39 1.35444109e-07 1.05885732e-07 1.41779486e-07
1.08000000e+04 1.10875649e-39 8.70854803e-40 1.16957082e-39 1.10875649e-39 8.70854803e-40 1.16957082e-39 1.37336294e-07 1.07910918e-07 1.43687692e-07
1.09000000e+04 1.11172539e-39 8.76215735e-40 1.17536247e-39 1.11172539e-39 8.76215735e-40 1.17536247e-39 1.39780866e-07 1.10029830e-07 1.46883483e-07
1.10000000e+04 1.11475232e-39 8.81587631e-40 1.18116403e-39 1.11475232e-39 8.81587631e-40 1.18116403e-39 1.42291645e-07 1.10913914e-07 1.49494948e-07
1.11000000e+04 1.11783589e-39 8.86970452e-40 1.18697540e-39 1.11783589e-39 8.86970452e-40 1.18697540e-39 1.44517189e-07 1.13258811e-07 1.51994513e-07
1.12000000e+04 1.12097472e-39 8.92364153e-40 1.19279650e-39 1.12097472e-39 8.92364153e-40 1.19279650e-39 1.47028399e-07 1.15615961e-07 1.55555773e-07
1.13000000e+04 1.12416753e-39 8.97768691e-40 1.19862725e-39 1.12416753e-39 8.97768691e-40 1.19862725e-39 1.49347960e-07 1.18878815e-07 1.59187621e-07
1.14000000e+04 1.12741304e-39 9.03184020e-40 1.20446756e-39 1.12741304e-39 9.03184020e-40 1.20446756e-39 1.51761684e-07 1.20914978e-07 1.60881882e-07
1.15000000e+04 1.13071003e-39 9.08610096e-40 1.21031734e-39 1.13071003e-39 9.08610096e-40 1.21031734e-39 1.53960677e-07 1.23703445e-07 1.64546272e-07
1.16000000e+04 1.13405733e-39 9.14046871e-40 1.21617653e-39 1.13405733e-39 9.14046871e-40 1.21617653e-39 1.56750549e-07 1.25698891e-07 1.67902345e-07
1.17000000e+04 1.13745381e-39 9.19494297e-40 1.22204504e-39 1.13745381e-39 9.19494297e-40 1.22204504e-39 1.59166121e-07 1.27926693e-07 1.71165305e-07
1.18000000e+04 1.14089836e-39 9.24952326e-40 1.22792278e-39 1.14089836e-39 9.24952326e-40 1.22792278e-39 1.61319064e-07 1.30442988e-07 1.73672053e-07
1.19000000e+04 1.14438993e-39 9.30420910e-40 1.23380968e-39 1.14438993e-39 9.30420910e-40 1.23380968e-39 1.64356420e-07 1.32606693e-07 1.77269045e-07
1.20000000e+04 1.14792748e-39 9.35899998e-40 1.23970566e-39 1.14792748e-39 9.35899998e-40 1.23970566e-39 1.66821265e-07 1.35454568e-07 1.80269158e-07
1.21000000e+04 1.15151003e-39 9.41389540e-40 1.24561064e-39 1.15151003e-39 9.41389540e-40 1.24561064e-39 1.69502340e-07 1.37701800e-07 1.83141972e-07
1.22000000e+04 1.15513661e-39 9.46889486e-40 1.25152455e-39 1.15513661e-39 9.46889486e-40 1.25152455e-39 1.71998166e-07 1.40660826e-07 1.86046680e-07
1.23000000e+04 1.15880629e-39 9.52399783e-40 1.25744730e-39 1.15880629e-39 9.52399783e-40 1.25744730e-39 1.74556898e-07 1.43452590e-07 1.88354479e-07
1.24000000e+04 1.16251818e-39 9.57920379e-40 1.26337883e-39 1.16251818e-39 9.57920379e-40 1.26337883e-39 1.77588116e-07 1.45044146e-07 1.91711979e-07
1.25000000e+04 1.16627140e-39 9.63451223e-40 1.26931906e-39 1.16627140e-39 9.63451223e-40 1.26931906e-39 1.80180004e-07 1.48849636e-07 1.95076125e-07
1.26000000e+04 1.17006511e-39 9.68992261e-40 1.27526790e-39 1.17006511e-39 9.68992261e-40 1.27526790e-39 1.83097578e-07 1.51361398e-07 1.97962165e-07
1.27000000e+04 1.17389848e-39 9.74543439e-40 1.28122530e-39 1.17389848e-39 9.74543439e-40 1.28122530e-39 1.85574538e-07 1.52975854e-07 2.02194125e-07
1.28000000e+04 1.17777072e-39 9.80104705e-40 1.28719118e-39 1.17777072e-39 9.80104705e-40 1.28719118e-39 1.88704797e-07 1.56649835e-07 2.05789050e-07
1.29000000e+04 1.18168108e-39 9.85676004e-40 1.29316546e-39 1.18168108e-39 9.85676004e-40 1.29316546e-39 1.91432502e-07 1.59324659e-07 2.09060684e-07
1.30000000e+04 1.18562878e-39 9.91257281e-40 1.29914807e-39 1.18562878e-39 9.91257281e-40 1.29914807e-39 1.94107420e-07 1.61604535e-07 2.12830377e-07
1.31000000e+04 1.18961312e-39 9.96848483e-40 1.30513895e-39 1.18961312e-39 9.96848483e-40 1.30513895e-39 1.96985912e-07 1.63864731e-07 2.16023702e-07
1.32000000e+04 1.19363339e-39 1.00244955e-39 1.31113802e-39 1.19363339e-39 1.00244955e-39 1.31113802e-39 2.00164704e-07 1.68267776e-07 2.18403486e-07
1.33000000e+04 1.19768891e-39 1.00806044e-39 1.31714522e-39 1.19768891e-39 1.00806044e-39 1.31714522e-39 2.02975145e-07 1.70338614e-07 2.23234685e-07
1.34000000e+04 1.20177901e-39 1.01368108e-39 1.32316046e-39 1.20177901e-39 1.01368108e-39 1.32316046e-39 2.05955304e-07 1.73255182e-07 2.25959977e-07
1.35000000e+04 1.20590304e-39 1.01931143e-39 1.32918370e-39 1.20590304e-39 1.01931143e-39 1.32918370e-39 2.08994670e-07 1.76336023e-07 2.30299408e-07
1.36000000e+04 1.21006040e-39 1.02495142e-39 1.33521485e-39 1.21006040e-39 1.02495142e-39 1.33521485e-39 2.12040967e-07 1.78719776e-07 2.33302029e-07
1.37000000e+04 1.21425045e-39 1.03060100e-39 1.34125386e-39 1.21425045e-39 1.03060100e-39 1.34125386e-39 2.14716863e-07 1.80619252e-07 2.36683171e-07
1.38000000e+04 1.21847262e-39 1.03626012e-39 1.34730065e-39 1.21847262e-39 1.03626012e-39 1.34730065e-39 2.18381704e-07 1.85508238e-07 2.39501136e-07
1.39000000e+04 1.22272633e-39 1.04192872e-39 1.35335516e-39 1.22272633e-39 1.04192872e-39 1.35335516e-39 2.21747998e-07 1.87389488e-07 2.42690795e-07
1.40000000e+04 1.22701102e-39 1.04760674e-39 1.35941732e-39 1.22701102e-39 1.04760674e-39 1.35941732e-39 2.24447038e-07 1.91594757e-07 2.49175351e-07
1.41000000e+04 1.23132614e-39 1.05329413e-39 1.36548708e-39 1.23132614e-39 1.05329413e-39 1.36548708e-39 2.27398665e-07 1.94471689e-07 2.50475522e-07
1.42000000e+04 1.23567117e-39 1.05899083e-39 1.37156436e-39 1.23567117e-39 1.05899083e-39 1.37156436e-39 2.31304028e-07 1.96915853e-07 2.56815530e-07
1.43000000e+04 1.24004559e-39 1.06469679e-39 1.37764911e-39 1.24004559e-39 1.06469679e-39 1.37764911e-39 2.34481107e-07 2.00375199e-07 2.58598566e-07
1.44000000e+04 1.24444889e-39 1.07041194e-39 1.38374125e-39 1.24444889e-39 1.07041194e-39 1.38374125e-39 2.37780613e-07 2.03196878e-07 2.64482085e-07
1.45000000e+04 1.24888059e-39 1.07613623e-39 1.38984073e-39 1.24888059e-39 1.07613623e-39 1.38984073e-39 2.41348817e-07 2.07779035e-07 2.65021541e-07
1.46000000e+04 1.25334021e-39 1.08186961e-39 1.39594749e-39 1.25334021e-39 1.08186961e-39 1.39594749e-39 2.44300074e-07 2.10743068e-07 2.71532382e-07
1.47000000e+04 1.25782729e-39 1.08761201e-39 1.40206146e-39 1.25782729e-39 1.08761201e-39 1.40206146e-39 2.48089052e-07 2.14147376e-07 2.75590402e-07
1.48000000e+04 1.26234138e-39 1.09336339e-39 1.40818259e-39 1.26234138e-39 1.09336339e-39 1.40818259e-39 2.50951984e-07 2.16938694e-07 2.79121456e-07
1.49000000e+04 1.26688203e-39 1.09912369e-39 1.41431081e-39 1.26688203e-39 1.09912369e-39 1.41431081e-39 2.54896160e-07 2.19920042e-07 2.83090299e-07
1.50000000e+04 1.27144881e-39 1.10489284e-39 1.42044606e-39 1.27144881e-39 1.10489284e-39 1.42044606e-39 2.58423031e-07 2.22636720e-07 2.87740813e-07
1.51000000e+04 1.27604130e-39 1.11067080e-39 1.42658829e-39 1.27604130e-39 1.11067080e-39 1.42658829e-39 2.61196580e-07 2.26551605e-07 2.91700594e-07
1.52000000e+04 1.28065910e-39 1.11645751e-39 1.43273743e-39 1.28065910e-39 1.11645751e-39 1.43273743e-39 2.65452593e-07 2.31247505e-07 2.97140970e-07
1.53000000e+04 1.28530181e-39 1.12225290e-39 1.43889344e-39 1.28530181e-39 1.12225290e-39 1.43889344e-39 2.68751987e-07 2.35042495e-07 3.00716333e-07
1.54000000e+04 1.28996903e-39 1.12805694e-39 1.44505624e-39 1.28996903e-39 1.12805694e-39 1.44505624e-39 2.72188738e-07 2.36105849e-07 3.05423153e-07
1.55000000e+04 1.29466038e-39 1.13386955e-39 1.45122579e-39 1.29466038e-39 1.13386955e-39 1.45122579e-39 2.76362400e-07 2.42030125e-07 3.07665179e-07
1.56000000e+04 1.29937550e-39 1.13969069e-39 1.45740202e-39 1.29937550e-39 1.13969069e-39 1.45740202e-39 2.79682301e-07 2.45794012e-07 3.12434777e-07
1.57000000e+04 1.30411401e-39 1.14552030e-39 1.46358488e-39 1.30411401e-39 1.14552030e-39 1.46358488e-39 2.83952903e-07 2.48371088e-07 3.17540371e-07
1.58000000e+04 1.30887557e-39 1.15135832e-39 1.46977432e-39 1.30887557e-39 1.15135832e-39 1.46977432e-39 2.87195668e-07 2.51807828e-07 3.20901902e-07
1.59000000e+04 1.31365983e-39 1.15720470e-39 1.47597028e-39 1.31365983e-39 1.15720470e-39 1.47597028e-39 2.91174909e-07 2.55657631e-07 3.26250406e-07
1.60000000e+04 1.31846645e-39 1.16305939e-39 1.48217270e-39 1.31846645e-39 1.16305939e-39 1.48217270e-39 2.95118884e-07 2.58670778e-07 3.28010016e-07
1.61000000e+04 1.32329510e-39 1.16892232e-39 1.48838153e-39 1.32329510e-39 1.16892232e-39 1.48838153e-39 2.99176248e-07 2.62968075e-07 3.33086190e-07
1.62000000e+04 1.32814545e-39 1.17479344e-39 1.49459672e-39 1.32814545e-39 1.17479344e-39 1.49459672e-39 3.03070069e-07 2.68087269e-07 3.39938889e-07
1.63000000e+04 1.33301720e-39 1.18067271e-39 1.50081821e-39 1.33301720e-39 1.18067271e-39 1.50081821e-39 3.06487854e-07 2.71272317e-07 3.44273568e-07
1.64000000e+04 1.33791002e-39 1.18656006e-39 1.50704595e-39 1.33791002e-39 1.18656006e-39 1.50704595e-39 3.09969734e-07 2.75739280e-07 3.47619683e-07
1.65000000e+04 1.34282362e-39 1.19245544e-39 1.51327989e-39 1.34282362e-39 1.19245544e-39 1.51327989e-39 3.14776880e-07 2.78635287e-07 3.50644613e-07
1.66000000e+04 1.34775770e-39 1.19835879e-39 1.51951997e-39 1.34775770e-39 1.19835879e-39 1.51951997e-39 3.18602526e-07 2.81339460e-07 3.59001973e-07
1.67000000e+04 1.35271197e-39 1.20427007e-39 1.52576614e-39 1.35271197e-39 1.20427007e-39 1.52576614e-39 3.22904606e-07 2.86343857e-07 3.62270497e-07
1.68000000e+04 1.35768614e-39 1.21018922e-39 1.53201836e-39 1.35768614e-39 1.21018922e-39 1.53201836e-39 3.26664170e-07 2.91086570e-07 3.69046103e-07
1.69000000e+04 1.36267995e-39 1.21611618e-39 1.53827656e-39 1.36267995e-39 1.21611618e-39 1.53827656e-39 3.31012268e-07 2.94638001e-07 3.73710422e-07
1.70000000e+04 1.36769311e-39 1.22205090e-39 1.54454071e-39 1.36769311e-39 1.22205090e-39 1.54454071e-39 3.35084689e-07 2.99449112e-07 3.76366914e-07
1.71000000e+04 1.37272537e-39 1.22799333e-39 1.55081074e-39 1.37272537e-39 1.22799333e-39 1.55081074e-39 3.39451195e-07 3.02000317e-07 3.83425774e-07
1.72000000e+04 1.37777645e-39 1.23394342e-39 1.55708662e-39 1.37777645e-39 1.23394342e-39 1.55708662e-39 3.43754381e-07 3.07325958e-07 3.86151534e-07
1.73000000e+04 1.38284611e-39 1.23990111e-39 1.56336828e-39 1.38284611e-39 1.23990111e-39 1.56336828e-39 3.47850253e-07 3.10571126e-07 3.93083809e-07
1.74000000e+04 1.38793409e-39 1.24586635e-39 1.56965569e-39 1.38793409e-39 1.24586635e-39 1.56965569e-39 3.52031919e-07 3.16409261e-07 3.96181475e-07
1.75000000e+04 1.39304015e-39 1.25183909e-39 1.57594878e-39 1.39304015e-39 1.25183909e-39 1.57594878e-39 3.56430835e-07 3.19853099e-07 3.99497923e-07
1.76000000e+04 1.39816405e-39 1.25781927e-39 1.58224752e-39 1.39816405e-39 1.25781927e-39 1.58224752e-39 3.60815153e-07 3.24246366e-07 4.06573636e-07
1.77000000e+04 1.40330554e-39 1.26380685e-39 1.58855186e-39 1.40330554e-39 1.26380685e-39 1.58855186e-39 3.65054992e-07 3.27557268e-07 4.13551934e-07
1.78000000e+04 1.40846441e-39 1.26980177e-39 1.59486175e-39 1.40846441e-39 1.26980177e-39 1.59486175e-39 3.69815782e-07 3.33562780e-07 4.16410141e-07
1.79000000e+04 1.41364042e-39 1.27580399e-39 1.60117713e-39 1.41364042e-39 1.27580399e-39 1.60117713e-39 3.74672804e-07 3.36072206e-07 4.22253986e-07
1.80000000e+04 1.41883335e-39 1.28181344e-39 1.60749797e-39 1.41883335e-39 1.28181344e-39 1.60749797e-39 3.78963414e-07 3.40886304e-07 4.29392967e-07
1.81000000e+04 1.42404298e-39 1.28783008e-39 1.61382422e-39 1.42404298e-39 1.28783008e-39 1.61382422e-39 3.83527765e-07 3.44631080e-07 4.32521860e-07
1.82000000e+04 1.42926911e-39 1.29385386e-39 1.62015583e-39 1.42926911e-39 1.29385386e-39 1.62015583e-39 3.87725217e-07 3.49440623e-07 4.38424074e-07
1.83000000e+04 1.43451150e-39 1.29988472e-39 1.62649276e-39 1.43451150e-39 1.29988472e-39 1.62649276e-39 3.92718848e-07 3.53164951e-07 4.42216670e-07
1.84000000e+04 1.43976997e-39 1.30592263e-39 1.63283495e-39 1.43976997e-39 1.30592263e-39 1.63283495e-39 3.96788313e-07 3.59574256e-07 4.49883611e-07
1.85000000e+04 1.44504431e-39 1.31196752e-39 1.63918237e-39 1.44504431e-39 1.31196752e-39 1.63918237e-39 4.02077621e-07 3.65370967e-07 4.54575578e-07
1.86000000e+04 1.45033432e-39 1.31801935e-39 1.64553497e-39 1.45033432e-39 1.31801935e-39 1.64553497e-39 4.07131431e-07 3.69863608e-07 4.60361863e-07
1.87000000e+04 1.45563980e-39 1.32407806e-39 1.65189271e-39 1.45563980e-39 1.32407806e-39 1.65189271e-39 4.12006737e-07 3.74243080e-07 4.65748729e-07
1.88000000e+04 1.46096057e-39 1.33014362e-39 1.65825554e-39 1.46096057e-39 1.33014362e-39 1.65825554e-39 4.16489770e-07 3.76516109e-07 4.71960045e-07
1.89000000e+04 1.46629642e-39 1.33621596e-39 1.66462341e-39 1.46629642e-39 1.33621596e-39 1.66462341e-39 4.21602478e-07 3.83697650e-07 4.77095018e-07
1.90000000e+04 1.47164719e-39 1.34229505e-39 1.67099629e-39 1.47164719e-39 1.34229505e-39 1.67099629e-39 4.26171496e-07 3.88918023e-07 4.83011436e-07
1.91000000e+04 1.47701269e-39 1.34838083e-39 1.67737413e-39 1.47701269e-39 1.34838083e-39 1.67737413e-39 4.31232929e-07 3.91627584e-07 4.87430161e-07
1.92000000e+04 1.48239273e-39 1.35447325e-39 1.68375689e-39 1.48239273e-39 1.35447325e-39 1.68375689e-39 4.36170799e-07 3.96285356e-07 4.94129472e-07
1.93000000e+04 1.48778715e-39 1.36057226e-39 1.69014452e-39 1.48778715e-39 1.36057226e-39 1.69014452e-39 4.40750149e-07 4.00649698e-07 5.00761185e-07
1.94000000e+04 1.49319576e-39 1.36667782e-39 1.69653699e-39 1.49319576e-39 1.36667782e-39 1.69653699e-39 4.46405342e-07 4.06381635e-07 5.06664724e-07
1.95000000e+04 1.49861841e-39 1.37278989e-39 1.70293424e-39 1.49861841e-39 1.37278989e-39 1.70293424e-39 4.50887917e-07 4.11358130e-07 5.11419252e-07
1.96000000e+04 1.50405492e-39 1.37890840e-39 1.70933625e-39 1.50405492e-39 1.37890840e-39 1.70933625e-39 4.55289817e-07 4.17756365e-07 5.18862781e-07
1.97000000e+04 1.50950513e-39 1.38503332e-39 1.71574296e-39 1.50950513e-39 1.38503332e-39 1.71574296e-39 4.61966481e-07 4.20263494e-07 5.24610823e-07
1.98000000e+04 1.51496887e-39 1.39116460e-39 1.72215434e-39 1.51496887e-39 1.39116460e-39 1.72215434e-39 4.66593033e-07 4.27434933e-07 5.30908893e-07
1.99000000e+04 1.52044600e-39 1.39730219e-39 1.72857034e-39 1.52044600e-39 1.39730219e-39 1.72857034e-39 4.71926196e-07 4.32747269e-07 5.35846991e-07
2.00000000e+04 1.52593635e-39 1.40344604e-39 1.73499093e-39 1.52593635e-39 1.40344604e-39 1.73499093e-39 4.77116743e-07 4.38305286e-07 5.41216546e-07
2.01000000e+04 1.53143977e-39 1.40959611e-39 1.74141607e-39 1.53143977e-39 1.40959611e-39 1.74141607e-39 4.82765234e-07 4.40868008e-07 5.44294748e-07
2.02000000e+04 1.53695611e-39 1.41575236e-39 1.74784570e-39 1.53695611e-39 1.41575236e-39 1.74784570e-39 4.87665889e-07 4.45102427e-07 5.54796136e-07
2.03000000e+04 1.54248522e-39 1.42191473e-39 1.75427981e-39 1.54248522e-39 1.42191473e-39 1.75427981e-39 4.93138032e-07 4.52566949e-07 5.61579504e-07
2.04000000e+04 1.54802695e-39 1.42808318e-39 1.76071834e-39 1.54802695e-39 1.42808318e-39 1.76071834e-39 4.99106014e-07 4.58341449e-07 5.63846319e-07
2.05000000e+04 1.55358116e-39 1.43425767e-39 1.76716125e-39 1.55358116e-39 1.43425767e-39 1.76716125e-39 5.04690498e-07 4.62925933e-07 5.73869717e-07
2.06000000e+04 1.55914770e-39 1.44043815e-39 1.77360852e-39 1.55914770e-39 1.44043815e-39 1.77360852e-39 5.09372751e-07 4.66342084e-07 5.80344040e-07
2.07000000e+04 1.56472645e-39 1.44662458e-39 1.78006009e-39 1.56472645e-39 1.44662458e-39 1.78006009e-39 5.14828206e-07 4.76711965e-07 5.83218631e-07
2.08000000e+04 1.57031725e-39 1.45281691e-39 1.78651593e-39 1.57031725e-39 1.45281691e-39 1.78651593e-39 5.20903958e-07 4.79253959e-07 5.88959652e-07
2.09000000e+04 1.57591998e-39 1.45901509e-39 1.79297601e-39 1.57591998e-39 1.45901509e-39 1.79297601e-39 5.27001770e-07 4.86545792e-07 5.95479951e-07
2.10000000e+04 1.58153450e-39 1.46521909e-39 1.79944028e-39 1.58153450e-39 1.46521909e-39 1.79944028e-39 5.32363823e-07 4.92463178e-07 6.04707085e-07
2.11000000e+04 1.58716068e-39 1.47142886e-39 1.80590870e-39 1.58716068e-39 1.47142886e-39 1.80590870e-39 5.37229315e-07 4.97561217e-07 6.09959803e-07
2.12000000e+04 1.59279839e-39 1.47764435e-39 1.81238125e-39 1.59279839e-39 1.47764435e-39 1.81238125e-39 5.43474377e-07 5.03471699e-07 6.16883904e-07
2.13000000e+04 1.59844751e-39 1.48386552e-39 1.81885788e-39 1.59844751e-39 1.48386552e-39 1.81885788e-39 5.48788688e-07 5.10448229e-07 6.23226543e-07
2.14000000e+04 1.60410790e-39 1.49009234e-39 1.82533855e-39 1.60410790e-39 1.49009234e-39 1.82533855e-39 5.55830291e-07 5.15875948e-07 6.27750159e-07
2.15000000e+04 1.60977944e-39 1.49632475e-39 1.83182323e-39 1.60977944e-39 1.49632475e-39 1.83182323e-39 5.60464912e-07 5.20071641e-07 6.38335675e-07
2.16000000e+04 1.61546202e-39 1.50256271e-39 1.83831189e-39 1.61546202e-39 1.50256271e-39 1.83831189e-39 5.67075573e-07 5.22373533e-07 6.41559489e-07
2.17000000e+04 1.62115550e-39 1.50880618e-39 1.84480448e-39 1.62115550e-39 1.50880618e-39 1.84480448e-39 5.72727444e-07 5.32355927e-07 6.51229811e-07
2.18000000e+04 1.62685978e-39 1.51505513e-39 1.85130097e-39 1.62685978e-39 1.51505513e-39 1.85130097e-39 5.79583748e-07 5.34629031e-07 6.56021218e-07
2.19000000e+04 1.63257473e-39 1.52130950e-39 1.85780133e-39 1.63257473e-39 1.52130950e-39 1.85780133e-39 5.84084646e-07 5.45168944e-07 6.65701287e-07
2.20000000e+04 1.63830025e-39 1.52756925e-39 1.86430552e-39 1.63830025e-39 1.52756925e-39 1.86430552e-39 5.91653295e-07 5.51244460e-07 6.71349614e-07
2.21000000e+04 1.64403621e-39 1.53383435e-39 1.87081350e-39 1.64403621e-39 1.53383435e-39 1.87081350e-39 5.97634479e-07 5.57064346e-07 6.75898818e-07
2.22000000e+04 1.64978251e-39 1.54010475e-39 1.87732525e-39 1.64978251e-39 1.54010475e-39 1.87732525e-39 6.03552277e-07 5.61193934e-07 6.83699145e-07
2.23000000e+04 1.65553903e-39 1.54638041e-39 1.88384071e-39 1.65553903e-39 1.54638041e-39 1.88384071e-39 6.09247956e-07 5.68913400e-07 6.93116680e-07
2.24000000e+04 1.66130566e-39 1.55266130e-39 1.89035987e-39 1.66130566e-39 1.55266130e-39 1.89035987e-39 6.14443503e-07 5.73921974e-07 6.98519233e-07
2.25000000e+04 1.66708230e-39 1.55894736e-39 1.89688269e-39 1.66708230e-39 1.55894736e-39 1.89688269e-39 6.22381399e-07 5.79133386e-07 7.06139561e-07
2.26000000e+04 1.67286885e-39 1.56523856e-39 1.90340913e-39 1.67286885e-39 1.56523856e-39 1.90340913e-39 6.28630642e-07 5.86741027e-07 7.14377052e-07
2.27000000e+04 1.67866519e-39 1.57153486e-39 1.90993915e-39 1.67866519e-39 1.57153486e-39 1.90993915e-39 6.34749958e-07 5.94268909e-07 7.20318682e-07
2.28000000e+04 1.68447122e-39 1.57783622e-39 1.91647273e-39 1.68447122e-39 1.57783622e-39 1.91647273e-39 6.41832936e-07 5.98758679e-07 7.28709007e-07
2.29000000e+04 1.69028685e-39 1.58414260e-39 1.92300984e-39 1.69028685e-39 1.58414260e-39 1.92300984e-39 6.47713131e-07 6.07001647e-07 7.37284923e-07
2.30000000e+04 1.69611197e-39 1.59045396e-39 1.92955043e-39 1.69611197e-39 1.59045396e-39 1.92955043e-39 6.53999372e-07 6.11836452e-07 7.42301278e-07
2.31000000e+04 1.70194648e-39 1.59677026e-39 1.93609448e-39 1.70194648e-39 1.59677026e-39 1.93609448e-39 6.59738854e-07 6.20357135e-07 7.51375023e-07
2.32000000e+04 1.70779028e-39 1.60309146e-39 1.94264195e-39 1.70779028e-39 1.60309146e-39 1.94264195e-39 6.67086657e-07 6.22168749e-07 7.55748581e-07
2.33000000e+04 1.71364328e-39 1.60941752e-39 1.94919281e-39 1.71364328e-39 1.60941752e-39 1.94919281e-39 6.73988464e-07 6.33074022e-07 7.67140084e-07
2.34000000e+04 1.71950539e-39 1.61574841e-39 1.95574703e-39 1.71950539e-39 1.61574841e-39 1.95574703e-39 6.80430195e-07 6.37892746e-07 7.71235988e-07
2.35000000e+04 1.72537650e-39 1.62208409e-39 1.96230458e-39 1.72537650e-39 1.62208409e-39 1.96230458e-39 6.85961251e-07 6.46229705e-07 7.76454336e-07
2.36000000e+04 1.73125653e-39 1.62842451e-39 1.96886543e-39 1.73125653e-39 1.62842451e-39 1.96886543e-39 6.94434463e-07 6.51068541e-07 7.88106037e-07
2.37000000e+04 1.73714538e-39 1.63476964e-39 1.97542953e-39 1.73714538e-39 1.63476964e-39 1.97542953e-39 7.01225449e-07 6.58042718e-07 7.94290863e-07
2.38000000e+04 1.74304296e-39 1.64111945e-39 1.98199687e-39 1.74304296e-39 1.64111945e-39 1.98199687e-39 7.08323342e-07 6.64285180e-07 8.05209262e-07
2.39000000e+04 1.74894919e-39 1.64747389e-39 1.98856741e-39 1.74894919e-39 1.64747389e-39 1.98856741e-39 7.14828815e-07 6.73761033e-07 8.09176616e-07
2.40000000e+04 1.75486397e-39 1.65383293e-39 1.99514112e-39 1.75486397e-39 1.65383293e-39 1.99514112e-39 7.21053613e-07 6.78398690e-07 8.19142915e-07
2.41000000e+04 1.76078722e-39 1.66019652e-39 2.00171797e-39 1.76078722e-39 1.66019652e-39 2.00171797e-39 7.26901303e-07 6.87477124e-07 8.25583142e-07
2.42000000e+04 1.76671884e-39 1.66656465e-39 2.00829793e-39 1.76671884e-39 1.66656465e-39 2.00829793e-39 7.33918793e-07 6.92752547e-07 8.36559632e-07
2.43000000e+04 1.77265877e-39 1.67293725e-39 2.01488096e-39 1.77265877e-39 1.67293725e-39 2.01488096e-39 7.40733772e-07 7.01178817e-07 8.39148696e-07
2.44000000e+04 1.77860690e-39 1.67931431e-39 2.02146705e-39 1.77860690e-39 1.67931431e-39 2.02146705e-39 7.48607274e-07 7.04800979e-07 8.48760447e-07
2.45000000e+04 1.78456317e-39 1.68569579e-39 2.02805615e-39 1.78456317e-39 1.68569579e-39 2.02805615e-39 7.56591090e-07 7.14220360e-07 8.58699364e-07
2.46000000e+04 1.79052748e-39 1.69208164e-39 2.03464824e-39 1.79052748e-39 1.69208164e-39 2.03464824e-39 7.63036702e-07 7.16927209e-07 8.68041898e-07
2.47000000e+04 1.79649975e-39 1.69847183e-39 2.04124329e-39 1.79649975e-39 1.69847183e-39 2.04124329e-39 7.69463464e-07 7.28920667e-07 8.71871812e-07
2.48000000e+04 1.80247991e-39 1.70486633e-39 2.04784126e-39 1.80247991e-39 1.70486633e-39 2.04784126e-39 7.77844385e-07 7.35022255e-07 8.82710197e-07
2.49000000e+04 1.80846787e-39 1.71126510e-39 2.05444214e-39 1.80846787e-39 1.71126510e-39 2.05444214e-39 7.85705562e-07 7.43119666e-07 8.87273893e-07
2.50000000e+04 1.81446357e-39 1.71766811e-39 2.06104589e-39 1.81446357e-39 1.71766811e-39 2.06104589e-39 7.92687006e-07 7.48827854e-07 8.99885884e-07
2.51000000e+04 1.82046691e-39 1.72407532e-39 2.06765248e-39 1.82046691e-39 1.72407532e-39 2.06765248e-39 7.99716553e-07 7.58349619e-07 9.08196155e-07
2.52000000e+04 1.82647782e-39 1.73048670e-39 2.07426189e-39 1.82647782e-39 1.73048670e-39 2.07426189e-39 8.07388841e-07 7.64127855e-07 9.13075161e-07
2.53000000e+04 1.83249623e-39 1.73690220e-39 2.08087408e-39 1.83249623e-39 1.73690220e-39 2.08087408e-39 8.14870640e-07 7.71193198e-07 9.24495840e-07
2.54000000e+04 1.83852206e-39 1.74332181e-39 2.08748903e-39 1.83852206e-39 1.74332181e-39 2.08748903e-39 8.23619397e-07 7.80490342e-07 9.29237721e-07
2.55000000e+04 1.84455525e-39 1.74974548e-39 2.09410671e-39 1.84455525e-39 1.74974548e-39 2.09410671e-39 8.29819099e-07 7.85759608e-07 9.40738451e-07
2.56000000e+04 1.85059570e-39 1.75617318e-39 2.10072709e-39 1.85059570e-39 1.75617318e-39 2.10072709e-39 8.36476706e-07 7.91553835e-07 9.43947082e-07
2.57000000e+04 1.85664336e-39 1.76260487e-39 2.10735014e-39 1.85664336e-39 1.76260487e-39 2.10735014e-39 8.43889076e-07 8.03102895e-07 9.52839902e-07
2.58000000e+04 1.86269815e-39 1.76904053e-39 2.11397584e-39 1.86269815e-39 1.76904053e-39 2.11397584e-39 8.52895477e-07 8.07651544e-07 9.66501034e-07
2.59000000e+04 1.86876001e-39 1.77548011e-39 2.12060415e-39 1.86876001e-39 1.77548011e-39 2.12060415e-39 8.61752550e-07 8.18860298e-07 9.78016815e-07
2.60000000e+04 1.87482885e-39 1.78192359e-39 2.12723506e-39 1.87482885e-39 1.78192359e-39 2.12723506e-39 8.69928251e-07 8.22654123e-07 9.78030294e-07
2.61000000e+04 1.88090461e-39 1.78837093e-39 2.13386854e-39 1.88090461e-39 1.78837093e-39 2.13386854e-39 8.76697236e-07 8.32623936e-07 9.95767776e-07
2.62000000e+04 1.88698723e-39 1.79482211e-39 2.14050455e-39 1.88698723e-39 1.79482211e-39 2.14050455e-39 8.83979006e-07 8.41322022e-07 1.00409955e-06
2.63000000e+04 1.89307663e-39 1.80127708e-39 2.14714307e-39 1.89307663e-39 1.80127708e-39 2.14714307e-39 8.91954489e-07 8.47720303e-07 1.00733331e-06
2.64000000e+04 1.89917275e-39 1.80773581e-39 2.15378408e-39 1.89917275e-39 1.80773581e-39 2.15378408e-39 8.99415696e-07 8.55598912e-07 1.01808041e-06
2.65000000e+04 1.90527553e-39 1.81419828e-39 2.16042754e-39 1.90527553e-39 1.81419828e-39 2.16042754e-39 9.09413495e-07 8.65399327e-07 1.02939447e-06
2.66000000e+04 1.91138489e-39 1.82066445e-39 2.16707344e-39 1.91138489e-39 1.82066445e-39 2.16707344e-39 9.15215406e-07 8.74282692e-07 1.03982650e-06
2.67000000e+04 1.91750077e-39 1.82713428e-39 2.17372175e-39 1.91750077e-39 1.82713428e-39 2.17372175e-39 9.24479639e-07 8.79444418e-07 1.04224833e-06
2.68000000e+04 1.92362311e-39 1.83360776e-39 2.18037243e-39 1.92362311e-39 1.83360776e-39 2.18037243e-39 9.33256834e-07 8.89434300e-07 1.05302981e-06
2.69000000e+04 1.92975185e-39 1.84008484e-39 2.18702547e-39 1.92975185e-39 1.84008484e-39 2.18702547e-39 9.42336039e-07 8.96278080e-07 1.06404380e-06
2.70000000e+04 1.93588692e-39 1.84656549e-39 2.19368084e-39 1.93588692e-39 1.84656549e-39 2.19368084e-39 9.47512823e-07 9.06603196e-07 1.07157149e-06
2.71000000e+04 1.94202826e-39 1.85304969e-39 2.20033852e-39 1.94202826e-39 1.85304969e-39 2.20033852e-39 9.58160588e-07 9.14836078e-07 1.07899743e-06
2.72000000e+04 1.94817580e-39 1.85953740e-39 2.20699847e-39 1.94817580e-39 1.85953740e-39 2.20699847e-39 9.66573133e-07 9.16597306e-07 1.08966303e-06
2.73000000e+04 1.95432950e-39 1.86602859e-39 2.21366068e-39 1.95432950e-39 1.86602859e-39 2.21366068e-39 9.74475139e-07 9.29399437e-07 1.09828302e-06
2.74000000e+04 1.96048928e-39 1.87252323e-39 2.22032512e-39 1.96048928e-39 1.87252323e-39 2.22032512e-39 9.82554059e-07 9.36745576e-07 1.10565943e-06
2.75000000e+04 1.96665509e-39 1.87902130e-39 2.22699176e-39 1.96665509e-39 1.87902130e-39 2.22699176e-39 9.92023736e-07 9.46378760e-07 1.12278164e-06
2.76000000e+04 1.97282687e-39 1.88552275e-39 2.23366059e-39 1.97282687e-39 1.88552275e-39 2.23366059e-39 9.99166997e-07 9.54122523e-07 1.12620942e-06
2.77000000e+04 1.97900456e-39 1.89202757e-39 2.24033157e-39 1.97900456e-39 1.89202757e-39 2.24033157e-39 1.00740736e-06 9.65153535e-07 1.13126801e-06
2.78000000e+04 1.98518810e-39 1.89853572e-39 2.24700468e-39 1.98518810e-39 1.89853572e-39 2.24700468e-39 1.01628382e-06 9.69079643e-07 1.14887259e-06
2.79000000e+04 1.99137744e-39 1.90504716e-39 2.25367990e-39 1.99137744e-39 1.90504716e-39 2.25367990e-39 1.02665179e-06 9.78662137e-07 1.16006412e-06
2.80000000e+04 1.99757252e-39 1.91156188e-39 2.26035721e-39 1.99757252e-39 1.91156188e-39 2.26035721e-39 1.03477765e-06 9.89189976e-07 1.16749972e-06
2.81000000e+04 2.00377328e-39 1.91807985e-39 2.26703657e-39 2.00377328e-39 1.91807985e-39 2.26703657e-39 1.04261966e-06 9.96063929e-07 1.18113401e-06
2.82000000e+04 2.00997967e-39 1.92460102e-39 2.27371798e-39 2.00997967e-39 1.92460102e-39 2.27371798e-39 1.05347325e-06 1.00363939e-06 1.18588841e-06
2.83000000e+04 2.01619164e-39 1.93112539e-39 2.28040139e-39 2.01619164e-39 1.93112539e-39 2.28040139e-39 1.06079154e-06 1.01602802e-06 1.19704648e-06
2.84000000e+04 2.02240912e-39 1.93765290e-39 2.28708680e-39 2.02240912e-39 1.93765290e-39 2.28708680e-39 1.07076222e-06 1.02454827e-06 1.21106043e-06
2.85000000e+04 2.02863206e-39 1.94418355e-39 2.29377418e-39 2.02863206e-39 1.94418355e-39 2.29377418e-39 1.07923429e-06 1.02751558e-06 1.22116315e-06
2.86000000e+04 2.03486042e-39 1.95071729e-39 2.30046350e-39 2.03486042e-39 1.95071729e-39 2.30046350e-39 1.08702230e-06 1.04233975e-06 1.22809613e-06
2.87000000e+04 2.04109414e-39 1.95725411e-39 2.30715474e-39 2.04109414e-39 1.95725411e-39 2.30715474e-39 1.09684465e-06 1.04949400e-06 1.24140436e-06
2.88000000e+04 2.04733317e-39 1.96379396e-39 2.31384789e-39 2.04733317e-39 1.96379396e-39 2.31384789e-39 1.10659673e-06 1.05711584e-06 1.23931039e-06
2.89000000e+04 2.05357745e-39 1.97033684e-39 2.32054291e-39 2.05357745e-39 1.97033684e-39 2.32054291e-39 1.11467173e-06 1.06895484e-06 1.25946156e-06
2.90000000e+04 2.05982693e-39 1.97688270e-39 2.32723978e-39 2.05982693e-39 1.97688270e-39 2.32723978e-39 1.12503461e-06 1.07534616e-06 1.27017117e-06
2.91000000e+04 2.06608157e-39 1.98343152e-39 2.33393849e-39 2.06608157e-39 1.98343152e-39 2.33393849e-39 1.13141221e-06 1.08487319e-06 1.27282906e-06
2.92000000e+04 2.07234131e-39 1.98998327e-39 2.34063901e-39 2.07234131e-39 1.98998327e-39 2.34063901e-39 1.14245653e-06 1.09487143e-06 1.28757563e-06
2.93000000e+04 2.07860610e-39 1.99653792e-39 2.34734132e-39 2.07860610e-39 1.99653792e-39 2.34734132e-39 1.15227365e-06 1.10745363e-06 1.30108229e-06
2.94000000e+04 2.08487590e-39 2.00309546e-39 2.35404539e-39 2.08487590e-39 2.00309546e-39 2.35404539e-39 1.16321749e-06 1.10903871e-06 1.30826470e-06
2.95000000e+04 2.09115065e-39 2.00965584e-39 2.36075121e-39 2.09115065e-39 2.00965584e-39 2.36075121e-39 1.17016738e-06 1.12069594e-06 1.31267108e-06
2.96000000e+04 2.09743031e-39 2.01621906e-39 2.36745876e-39 2.09743031e-39 2.01621906e-39 2.36745876e-39 1.18213257e-06 1.13628732e-06 1.33375975e-06
2.97000000e+04 2.10371482e-39 2.02278506e-39 2.37416800e-39 2.10371482e-39 2.02278506e-39 2.37416800e-39 1.19046957e-06 1.14565477e-06 1.34090076e-06
2.98000000e+04 2.11000415e-39 2.02935384e-39 2.38087893e-39 2.11000415e-39 2.02935384e-39 2.38087893e-39 1.20142992e-06 1.15404699e-06 1.35472097e-06
2.99000000e+04 2.11629825e-39 2.03592537e-39 2.38759152e-39 2.11629825e-39 2.03592537e-39 2.38759152e-39 1.20994561e-06 1.15781602e-06 1.36261196e-06
3.00000000e+04 2.12259706e-39 2.04249961e-39 2.39430575e-39 2.12259706e-39 2.04249961e-39 2.39430575e-39 1.21726902e-06 1.17076760e-06 1.37578404e-06
3.01000000e+04 2.12890054e-39 2.04907655e-39 2.40102160e-39 2.12890054e-39 2.04907655e-39 2.40102160e-39 1.22938954e-06 1.18334666e-06 1.38285682e-06
3.02000000e+04 2.13520865e-39 2.05565616e-39 2.40773905e-39 2.13520865e-39 2.05565616e-39 2.40773905e-39 1.23731839e-06 1.18517115e-06 1.39239334e-06
3.03000000e+04 2.14152134e-39 2.06223840e-39 2.41445808e-39 2.14152134e-39 2.06223840e-39 2.41445808e-39 1.24838388e-06 1.20154603e-06 1.40306524e-06
3.04000000e+04 2.14783857e-39 2.06882327e-39 2.42117866e-39 2.14783857e-39 2.06882327e-39 2.42117866e-39 1.25742228e-06 1.21374537e-06 1.41371121e-06
3.05000000e+04 2.15416029e-39 2.07541072e-39 2.42790079e-39 2.15416029e-39 2.07541072e-39 2.42790079e-39 1.27005591e-06 1.22139713e-06 1.42956285e-06
3.06000000e+04 2.16048646e-39 2.08200075e-39 2.43462443e-39 2.16048646e-39 2.08200075e-39 2.43462443e-39 1.27978863e-06 1.22730744e-06 1.43975301e-06
3.07000000e+04 2.16681703e-39 2.08859331e-39 2.44134957e-39 2.16681703e-39 2.08859331e-39 2.44134957e-39 1.28831242e-06 1.23805893e-06 1.44552236e-06
3.08000000e+04 2.17315196e-39 2.09518839e-39 2.44807618e-39 2.17315196e-39 2.09518839e-39 2.44807618e-39 1.29605353e-06 1.25062934e-06 1.45805644e-06
3.09000000e+04 2.17949121e-39 2.10178596e-39 2.45480426e-39 2.17949121e-39 2.10178596e-39 2.45480426e-39 1.30881101e-06 1.25831528e-06 1.46665245e-06
3.10000000e+04 2.18583473e-39 2.10838600e-39 2.46153377e-39 2.18583473e-39 2.10838600e-39 2.46153377e-39 1.31933615e-06 1.26654687e-06 1.48545048e-06
3.11000000e+04 2.19218249e-39 2.11498848e-39 2.46826470e-39 2.19218249e-39 2.11498848e-39 2.46826470e-39 1.33030795e-06 1.27543831e-06 1.49086417e-06
3.12000000e+04 2.19853444e-39 2.12159338e-39 2.47499704e-39 2.19853444e-39 2.12159338e-39 2.47499704e-39 1.34004745e-06 1.28843400e-06 1.50968483e-06
3.13000000e+04 2.20489054e-39 2.12820067e-39 2.48173075e-39 2.20489054e-39 2.12820067e-39 2.48173075e-39 1.34886607e-06 1.29175598e-06 1.51719308e-06
3.14000000e+04 2.21125075e-39 2.13481034e-39 2.48846583e-39 2.21125075e-39 2.13481034e-39 2.48846583e-39 1.35939370e-06 1.31152876e-06 1.53062795e-06
3.15000000e+04 2.21761503e-39 2.14142235e-39 2.49520225e-39 2.21761503e-39 2.14142235e-39 2.49520225e-39 1.37156576e-06 1.31770644e-06 1.53532871e-06
3.16000000e+04 2.22398334e-39 2.14803669e-39 2.50194000e-39 2.22398334e-39 2.14803669e-39 2.50194000e-39 1.38079021e-06 1.33270527e-06 1.54145454e-06
3.17000000e+04 2.23035564e-39 2.15465332e-39 2.50867905e-39 2.23035564e-39 2.15465332e-39 2.50867905e-39 1.39048001e-06 1.33939731e-06 1.56477818e-06
3.18000000e+04 2.23673189e-39 2.16127223e-39 2.51541939e-39 2.23673189e-39 2.16127223e-39 2.51541939e-39 1.40388000e-06 1.35301002e-06 1.57731563e-06
3.19000000e+04 2.24311205e-39 2.16789340e-39 2.52216099e-39 2.24311205e-39 2.16789340e-39 2.52216099e-39 1.41065698e-06 1.36524920e-06 1.58539359e-06
3.20000000e+04 2.24949608e-39 2.17451679e-39 2.52890385e-39 2.24949608e-39 2.17451679e-39 2.52890385e-39 1.42441505e-06 1.37625521e-06 1.59713958e-06
3.21000000e+04 2.25588394e-39 2.18114239e-39 2.53564794e-39 2.25588394e-39 2.18114239e-39 2.53564794e-39 1.43531467e-06 1.38467741e-06 1.60968883e-06
3.22000000e+04 2.26227560e-39 2.18777018e-39 2.54239325e-39 2.26227560e-39 2.18777018e-39 2.54239325e-39 1.44540572e-06 1.39870270e-06 1.62468212e-06
3.23000000e+04 2.26867102e-39 2.19440013e-39 2.54913975e-39 2.26867102e-39 2.19440013e-39 2.54913975e-39 1.45701715e-06 1.40703485e-06 1.62660770e-06
3.24000000e+04 2.27507015e-39 2.20103222e-39 2.55588744e-39 2.27507015e-39 2.20103222e-39 2.55588744e-39 1.46844651e-06 1.41357488e-06 1.64809708e-06
3.25000000e+04 2.28147297e-39 2.20766643e-39 2.56263628e-39 2.28147297e-39 2.20766643e-39 2.56263628e-39 1.47954373e-06 1.42159592e-06 1.65766804e-06
3.26000000e+04 2.28787943e-39 2.21430273e-39 2.56938627e-39 2.28787943e-39 2.21430273e-39 2.56938627e-39 1.48677175e-06 1.44110817e-06 1.66612503e-06
3.27000000e+04 2.29428951e-39 2.22094110e-39 2.57613738e-39 2.29428951e-39 2.22094110e-39 2.57613738e-39 1.49881025e-06 1.44423273e-06 1.68261047e-06
3.28000000e+04 2.30070315e-39 2.22758153e-39 2.58288960e-39 2.30070315e-39 2.22758153e-39 2.58288960e-39 1.51061785e-06 1.46100909e-06 1.69041183e-06
3.29000000e+04 2.30712034e-39 2.23422398e-39 2.58964292e-39 2.30712034e-39 2.23422398e-39 2.58964292e-39 1.52371947e-06 1.47491897e-06 1.70817919e-06
3.30000000e+04 2.31354102e-39 2.24086844e-39 2.59639731e-39 2.31354102e-39 2.24086844e-39 2.59639731e-39 1.53439950e-06 1.48193008e-06 1.71089361e-06
3.31000000e+04 2.31996517e-39 2.24751489e-39 2.60315276e-39 2.31996517e-39 2.24751489e-39 2.60315276e-39 1.54317708e-06 1.48761023e-06 1.72960691e-06
3.32000000e+04 2.32639276e-39 2.25416330e-39 2.60990925e-39 2.32639276e-39 2.25416330e-39 2.60990925e-39 1.55760782e-06 1.50791046e-06 1.74499213e-06
3.33000000e+04 2.33282374e-39 2.26081366e-39 2.61666676e-39 2.33282374e-39 2.26081366e-39 2.61666676e-39 1.56734738e-06 1.51965508e-06 1.75542789e-06
3.34000000e+04 2.33925808e-39 2.26746594e-39 2.62342528e-39 2.33925808e-39 2.26746594e-39 2.62342528e-39 1.58046237e-06 1.52765283e-06 1.76043322e-06
3.35000000e+04 2.34569575e-39 2.27412012e-39 2.63018480e-39 2.34569575e-39 2.27412012e-39 2.63018480e-39 1.59178378e-06 1.54020408e-06 1.77639004e-06
3.36000000e+04 2.35213672e-39 2.28077618e-39 2.63694528e-39 2.35213672e-39 2.28077618e-39 2.63694528e-39 1.60211869e-06 1.55145907e-06 1.77747326e-06
3.37000000e+04 2.35858095e-39 2.28743410e-39 2.64370673e-39 2.35858095e-39 2.28743410e-39 2.64370673e-39 1.61277437e-06 1.56064926e-06 1.80702425e-06
3.38000000e+04 2.36502840e-39 2.29409386e-39 2.65046912e-39 2.36502840e-39 2.29409386e-39 2.65046912e-39 1.62387153e-06 1.56642174e-06 1.80563480e-06
3.39000000e+04 2.37147905e-39 2.30075543e-39 2.65723244e-39 2.37147905e-39 2.30075543e-39 2.65723244e-39 1.63811737e-06 1.58209305e-06 1.82564605e-06
3.40000000e+04 2.37793287e-39 2.30741881e-39 2.66399666e-39 2.37793287e-39 2.30741881e-39 2.66399666e-39 1.64961897e-06 1.59432997e-06 1.83715704e-06
3.41000000e+04 2.38438981e-39 2.31408397e-39 2.67076178e-39 2.38438981e-39 2.31408397e-39 2.67076178e-39 1.65880584e-06 1.60014609e-06 1.85384121e-06
3.42000000e+04 2.39084985e-39 2.32075088e-39 2.67752778e-39 2.39084985e-39 2.32075088e-39 2.67752778e-39 1.67360644e-06 1.61664618e-06 1.87332882e-06
3.43000000e+04 2.39731295e-39 2.32741953e-39 2.68429465e-39 2.39731295e-39 2.32741953e-39 2.68429465e-39 1.68229389e-06 1.62125390e-06 1.87397061e-06
3.44000000e+04 2.40377909e-39 2.33408990e-39 2.69106236e-39 2.40377909e-39 2.33408990e-39 2.69106236e-39 1.69543887e-06 1.64207257e-06 1.89625187e-06
3.45000000e+04 2.41024824e-39 2.34076197e-39 2.69783090e-39 2.41024824e-39 2.34076197e-39 2.69783090e-39 1.70941693e-06 1.65362487e-06 1.89543380e-06
3.46000000e+04 2.41672035e-39 2.34743571e-39 2.70460026e-39 2.41672035e-39 2.34743571e-39 2.70460026e-39 1.71881963e-06 1.66647626e-06 1.91798095e-06
3.47000000e+04 2.42319541e-39 2.35411112e-39 2.71137043e-39 2.42319541e-39 2.35411112e-39 2.71137043e-39 1.73091430e-06 1.67887149e-06 1.93378394e-06
3.48000000e+04 2.42967338e-39 2.36078817e-39 2.71814138e-39 2.42967338e-39 2.36078817e-39 2.71814138e-39 1.74201185e-06 1.69015708e-06 1.95205442e-06
3.49000000e+04 2.43615422e-39 2.36746683e-39 2.72491310e-39 2.43615422e-39 2.36746683e-39 2.72491310e-39 1.75765041e-06 1.70531645e-06 1.96447642e-06
3.50000000e+04 2.44263792e-39 2.37414710e-39 2.73168558e-39 2.44263792e-39 2.37414710e-39 2.73168558e-39 1.76773646e-06 1.71228478e-06 1.97175115e-06
3.51000000e+04 2.44912444e-39 2.38082896e-39 2.73845880e-39 2.44912444e-39 2.38082896e-39 2.73845880e-39 1.78006983e-06 1.72946478e-06 1.98847644e-06
3.52000000e+04 2.45561374e-39 2.38751237e-39 2.74523274e-39 2.45561374e-39 2.38751237e-39 2.74523274e-39 1.79317002e-06 1.73664796e-06 1.99283752e-06
3.53000000e+04 2.46210581e-39 2.39419733e-39 2.75200740e-39 2.46210581e-39 2.39419733e-39 2.75200740e-39 1.80605096e-06 1.75197712e-06 2.01338604e-06
3.54000000e+04 2.46860061e-39 2.40088382e-39 2.75878276e-39 2.46860061e-39 2.40088382e-39 2.75878276e-39 1.81855416e-06 1.76887324e-06 2.02588038e-06
3.55000000e+04 2.47509812e-39 2.40757182e-39 2.76555880e-39 2.47509812e-39 2.40757182e-39 2.76555880e-39 1.82971548e-06 1.78105287e-06 2.03012915e-06
3.56000000e+04 2.48159830e-39 2.41426131e-39 2.77233552e-39 2.48159830e-39 2.41426131e-39 2.77233552e-39 1.83965249e-06 1.79135367e-06 2.06078970e-06
3.57000000e+04 2.48810112e-39 2.42095226e-39 2.77911288e-39 2.48810112e-39 2.42095226e-39 2.77911288e-39 1.85716129e-06 1.79981402e-06 2.06649808e-06
3.58000000e+04 2.49460657e-39 2.42764468e-39 2.78589089e-39 2.49460657e-39 2.42764468e-39 2.78589089e-39 1.87002400e-06 1.81387140e-06 2.08553753e-06
3.59000000e+04 2.50111460e-39 2.43433852e-39 2.79266953e-39 2.50111460e-39 2.43433852e-39 2.79266953e-39 1.88292422e-06 1.83054852e-06 2.10227363e-06
3.60000000e+04 2.50762520e-39 2.44103379e-39 2.79944878e-39 2.50762520e-39 2.44103379e-39 2.79944878e-39 1.89291381e-06 1.82686399e-06 2.11450117e-06
3.61000000e+04 2.51413833e-39 2.44773045e-39 2.80622863e-39 2.51413833e-39 2.44773045e-39 2.80622863e-39 1.90790261e-06 1.85224949e-06 2.11632669e-06
3.62000000e+04 2.52065396e-39 2.45442850e-39 2.81300906e-39 2.52065396e-39 2.45442850e-39 2.81300906e-39 1.91553216e-06 1.85662417e-06 2.13865581e-06
3.63000000e+04 2.52717208e-39 2.46112791e-39 2.81979007e-39 2.52717208e-39 2.46112791e-39 2.81979007e-39 1.93415076e-06 1.87373820e-06 2.14740894e-06
3.64000000e+04 2.53369266e-39 2.46782866e-39 2.82657163e-39 2.53369266e-39 2.46782866e-39 2.82657163e-39 1.94722386e-06 1.87829236e-06 2.16031181e-06
3.65000000e+04 2.54021565e-39 2.47453075e-39 2.83335374e-39 2.54021565e-39 2.47453075e-39 2.83335374e-39 1.95764450e-06 1.90451352e-06 2.17540040e-06
3.66000000e+04 2.54674105e-39 2.48123415e-39 2.84013638e-39 2.54674105e-39 2.48123415e-39 2.84013638e-39 1.96707174e-06 1.91065811e-06 2.19019364e-06
3.67000000e+04 2.55326883e-39 2.48793884e-39 2.84691954e-39 2.55326883e-39 2.48793884e-39 2.84691954e-39 1.98548636e-06 1.92763127e-06 2.21489615e-06
3.68000000e+04 2.55979895e-39 2.49464481e-39 2.85370321e-39 2.55979895e-39 2.49464481e-39 2.85370321e-39 1.99486673e-06 1.94062745e-06 2.22117957e-06
3.69000000e+04 2.56633140e-39 2.50135204e-39 2.86048736e-39 2.56633140e-39 2.50135204e-39 2.86048736e-39 2.01330545e-06 1.94909412e-06 2.22935259e-06
3.70000000e+04 2.57286614e-39 2.50806052e-39 2.86727200e-39 2.57286614e-39 2.50806052e-39 2.86727200e-39 2.02554978e-06 1.96697227e-06 2.24554948e-06
3.71000000e+04 2.57940315e-39 2.51477022e-39 2.87405710e-39 2.57940315e-39 2.51477022e-39 2.87405710e-39 2.03728340e-06 1.98499998e-06 2.26901814e-06
3.72000000e+04 2.58594241e-39 2.52148114e-39 2.88084266e-39 2.58594241e-39 2.52148114e-39 2.88084266e-39 2.05368383e-06 1.99986643e-06 2.27054146e-06
3.73000000e+04 2.59248389e-39 2.52819325e-39 2.88762865e-39 2.59248389e-39 2.52819325e-39 2.88762865e-39 2.06341537e-06 2.00528352e-06 2.27884188e-06
3.74000000e+04 2.59902757e-39 2.53490653e-39 2.89441508e-39 2.59902757e-39 2.53490653e-39 2.89441508e-39 2.07627848e-06 2.01857714e-06 2.29933540e-06
3.75000000e+04 2.60557342e-39 2.54162098e-39 2.90120191e-39 2.60557342e-39 2.54162098e-39 2.90120191e-39 2.09347663e-06 2.04232321e-06 2.31690174e-06
3.76000000e+04 2.61212141e-39 2.54833658e-39 2.90798916e-39 2.61212141e-39 2.54833658e-39 2.90798916e-39 2.10547315e-06 2.05237674e-06 2.33171763e-06
3.77000000e+04 2.61867153e-39 2.55505330e-39 2.91477679e-39 2.61867153e-39 2.55505330e-39 2.91477679e-39 2.11963308e-06 2.07019324e-06 2.34664276e-06
3.78000000e+04 2.62522375e-39 2.56177114e-39 2.92156480e-39 2.62522375e-39 2.56177114e-39 2.92156480e-39 2.13299652e-06 2.07588848e-06 2.35377460e-06
3.79000000e+04 2.63177805e-39 2.56849007e-39 2.92835318e-39 2.63177805e-39 2.56849007e-39 2.92835318e-39 2.14542450e-06 2.09733699e-06 2.38634923e-06
3.80000000e+04 2.63833439e-39 2.57521009e-39 2.93514191e-39 2.63833439e-39 2.57521009e-39 2.93514191e-39 2.15792993e-06 2.09453040e-06 2.40535879e-06
3.81000000e+04 2.64489276e-39 2.58193117e-39 2.94193098e-39 2.64489276e-39 2.58193117e-39 2.94193098e-39 2.17658901e-06 2.12016051e-06 2.41990886e-06
3.82000000e+04 2.65145314e-39 2.58865330e-39 2.94872038e-39 2.65145314e-39 2.58865330e-39 2.94872038e-39 2.18756743e-06 2.12667068e-06 2.43269411e-06
3.83000000e+04 2.65801550e-39 2.59537647e-39 2.95551010e-39 2.65801550e-39 2.59537647e-39 2.95551010e-39 2.19988684e-06 2.13484548e-06 2.44601575e-06
3.84000000e+04 2.66457982e-39 2.60210065e-39 2.96230012e-39 2.66457982e-39 2.60210065e-39 2.96230012e-39 2.21739314e-06 2.16436884e-06 2.45452709e-06
3.85000000e+04 2.67114607e-39 2.60882584e-39 2.96909044e-39 2.67114607e-39 2.60882584e-39 2.96909044e-39 2.23253834e-06 2.16996496e-06 2.48258870e-06
3.86000000e+04 2.67771424e-39 2.61555202e-39 2.97588104e-39 2.67771424e-39 2.61555202e-39 2.97588104e-39 2.24511357e-06 2.18312885e-06 2.48926448e-06
3.87000000e+04 2.68428429e-39 2.62227917e-39 2.98267192e-39 2.68428429e-39 2.62227917e-39 2.98267192e-39 2.26090384e-06 2.20009609e-06 2.49280400e-06
3.88000000e+04 2.69085622e-39 2.62900728e-39 2.98946305e-39 2.69085622e-39 2.62900728e-39 2.98946305e-39 2.27563080e-06 2.21924510e-06 2.50409329e-06
3.89000000e+04 2.69742999e-39 2.63573634e-39 2.99625443e-39 2.69742999e-39 2.63573634e-39 2.99625443e-39 2.28624327e-06 2.22881346e-06 2.54373368e-06
3.90000000e+04 2.70400559e-39 2.64246632e-39 3.00304605e-39 2.70400559e-39 2.64246632e-39 3.00304605e-39 2.30280753e-06 2.24357808e-06 2.55974272e-06
3.91000000e+04 2.71058298e-39 2.64919722e-39 3.00983789e-39 2.71058298e-39 2.64919722e-39 3.00983789e-39 2.31291599e-06 2.25367612e-06 2.56689915e-06
3.92000000e+04 2.71716216e-39 2.65592902e-39 3.01662994e-39 2.71716216e-39 2.65592902e-39 3.01662994e-39 2.32958501e-06 2.27260532e-06 2.58865661e-06
3.93000000e+04 2.72374310e-39 2.66266170e-39 3.02342220e-39 2.72374310e-39 2.66266170e-39 3.02342220e-39 2.34628209e-06 2.29089294e-06 2.60701850e-06
3.94000000e+04 2.73032578e-39 2.66939526e-39 3.03021466e-39 2.73032578e-39 2.66939526e-39 3.03021466e-39 2.35684710e-06 2.29655632e-06 2.62013780e-06
3.95000000e+04 2.73691017e-39 2.67612967e-39 3.03700729e-39 2.73691017e-39 2.67612967e-39 3.03700729e-39 2.37474030e-06 2.31378761e-06 2.62935139e-06
3.96000000e+04 2.74349626e-39 2.68286492e-39 3.04380009e-39 2.74349626e-39 2.68286492e-39 3.04380009e-39 2.39202525e-06 2.33947631e-06 2.63689594e-06
3.97000000e+04 2.75008403e-39 2.68960100e-39 3.05059305e-39 2.75008403e-39 2.68960100e-39 3.05059305e-39 2.40352766e-06 2.34008330e-06 2.65336906e-06
3.98000000e+04 2.75667345e-39 2.69633789e-39 3.05738616e-39 2.75667345e-39 2.69633789e-39 3.05738616e-39 2.41777512e-06 2.35723191e-06 2.68306711e-06
3.99000000e+04 2.76326450e-39 2.70307559e-39 3.06417941e-39 2.76326450e-39 2.70307559e-39 3.06417941e-39 2.43329934e-06 2.37572957e-06 2.69062347e-06
4.00000000e+04 2.76985717e-39 2.70981407e-39 3.07097279e-39 2.76985717e-39 2.70981407e-39 3.07097279e-39 2.45165461e-06 2.39541462e-06 2.71357494e-06
4.01000000e+04 2.77645143e-39 2.71655332e-39 3.07776628e-39 2.77645143e-39 2.71655332e-39 3.07776628e-39 2.46636725e-06 2.41388066e-06 2.71689165e-06
4.02000000e+04 2.78304727e-39 2.72329333e-39 3.08455988e-39 2.78304727e-39 2.72329333e-39 3.08455988e-39 2.47515771e-06 2.42035375e-06 2.74365627e-06
4.03000000e+04 2.78964466e-39 2.73003408e-39 3.09135357e-39 2.78964466e-39 2.73003408e-39 3.09135357e-39 2.49646077e-06 2.43374529e-06 2.75287880e-06
4.04000000e+04 2.79624358e-39 2.73677556e-39 3.09814735e-39 2.79624358e-39 2.73677556e-39 3.09814735e-39 2.50811560e-06 2.45556428e-06 2.78083257e-06
4.05000000e+04 2.80284402e-39 2.74351777e-39 3.10494121e-39 2.80284402e-39 2.74351777e-39 3.10494121e-39 2.52584042e-06 2.47458603e-06 2.79165886e-06
4.06000000e+04 2.80944595e-39 2.75026067e-39 3.11173513e-39 2.80944595e-39 2.75026067e-39 3.11173513e-39 2.53568640e-06 2.48588328e-06 2.81579263e-06
4.07000000e+04 2.81604936e-39 2.75700427e-39 3.11852910e-39 2.81604936e-39 2.75700427e-39 3.11852910e-39 2.55587813e-06 2.49000808e-06 2.82958315e-06
4.08000000e+04 2.82265422e-39 2.76374855e-39 3.12532312e-39 2.82265422e-39 2.76374855e-39 3.12532312e-39 2.57378137e-06 2.51178076e-06 2.83721909e-06
4.09000000e+04 2.82926052e-39 2.77049349e-39 3.13211718e-39 2.82926052e-39 2.77049349e-39 3.13211718e-39 2.58706044e-06 2.53094356e-06 2.86742222e-06
4.10000000e+04 2.83586824e-39 2.77723908e-39 3.13891126e-39 2.83586824e-39 2.77723908e-39 3.13891126e-39 2.60080349e-06 2.53341112e-06 2.87084935e-06
4.11000000e+04 2.84247736e-39 2.78398531e-39 3.14570535e-39 2.84247736e-39 2.78398531e-39 3.14570535e-39 2.61912051e-06 2.55138189e-06 2.88894508e-06
4.12000000e+04 2.84908786e-39 2.79073216e-39 3.15249946e-39 2.84908786e-39 2.79073216e-39 3.15249946e-39 2.62896967e-06 2.56321161e-06 2.91369350e-06
4.13000000e+04 2.85569973e-39 2.79747963e-39 3.15929355e-39 2.85569973e-39 2.79747963e-39 3.15929355e-39 2.65130842e-06 2.59189302e-06 2.93444280e-06
4.14000000e+04 2.86231294e-39 2.80422770e-39 3.16608764e-39 2.86231294e-39 2.80422770e-39 3.16608764e-39 2.66111158e-06 2.61221146e-06 2.95051004e-06
4.15000000e+04 2.86892747e-39 2.81097635e-39 3.17288170e-39 2.86892747e-39 2.81097635e-39 3.17288170e-39 2.68155774e-06 2.63014574e-06 2.94419453e-06
4.16000000e+04 2.87554332e-39 2.81772558e-39 3.17967572e-39 2.87554332e-39 2.81772558e-39 3.17967572e-39 2.69977966e-06 2.64563120e-06 2.98094143e-06
4.17000000e+04 2.88216045e-39 2.82447537e-39 3.18646971e-39 2.88216045e-39 2.82447537e-39 3.18646971e-39 2.71058828e-06 2.65492655e-06 2.99827654e-06
4.18000000e+04 2.88877885e-39 2.83122571e-39 3.19326364e-39 2.88877885e-39 2.83122571e-39 3.19326364e-39 2.73211182e-06 2.66227628e-06 2.99576809e-06
4.19000000e+04 2.89539851e-39 2.83797659e-39 3.20005751e-39 2.89539851e-39 2.83797659e-39 3.20005751e-39 2.74394591e-06 2.67748574e-06 3.03790174e-06
4.20000000e+04 2.90201941e-39 2.84472800e-39 3.20685131e-39 2.90201941e-39 2.84472800e-39 3.20685131e-39 2.76263441e-06 2.70580290e-06 3.04480380e-06
4.21000000e+04 2.90864153e-39 2.85147992e-39 3.21364504e-39 2.90864153e-39 2.85147992e-39 3.21364504e-39 2.77893428e-06 2.72273153e-06 3.06813184e-06
4.22000000e+04 2.91526485e-39 2.85823233e-39 3.22043867e-39 2.91526485e-39 2.85823233e-39 3.22043867e-39 2.78883170e-06 2.73511533e-06 3.08908002e-06
4.23000000e+04 2.92188935e-39 2.86498524e-39 3.22723221e-39 2.92188935e-39 2.86498524e-39 3.22723221e-39 2.81235443e-06 2.75576129e-06 3.07359104e-06
4.24000000e+04 2.92851503e-39 2.87173863e-39 3.23402563e-39 2.92851503e-39 2.87173863e-39 3.23402563e-39 2.82634514e-06 2.76318459e-06 3.11557863e-06
4.25000000e+04 2.93514185e-39 2.87849248e-39 3.24081895e-39 2.93514185e-39 2.87849248e-39 3.24081895e-39 2.84566548e-06 2.78341613e-06 3.12822377e-06
4.26000000e+04 2.94176981e-39 2.88524678e-39 3.24761214e-39 2.94176981e-39 2.88524678e-39 3.24761214e-39 2.86139501e-06 2.80799230e-06 3.15230937e-06
4.27000000e+04 2.94839889e-39 2.89200153e-39 3.25440519e-39 2.94839889e-39 2.89200153e-39 3.25440519e-39 2.87677331e-06 2.81969332e-06 3.15158719e-06
4.28000000e+04 2.95502907e-39 2.89875670e-39 3.26119811e-39 2.95502907e-39 2.89875670e-39 3.26119811e-39 2.89235199e-06 2.82945557e-06 3.18516451e-06
4.29000000e+04 2.96166033e-39 2.90551229e-39 3.26799087e-39 2.96166033e-39 2.90551229e-39 3.26799087e-39 2.91189884e-06 2.83945547e-06 3.20618968e-06
4.30000000e+04 2.96829267e-39 2.91226830e-39 3.27478347e-39 2.96829267e-39 2.91226830e-39 3.27478347e-39 2.92630549e-06 2.87105380e-06 3.21055012e-06
4.31000000e+04 2.97492605e-39 2.91902469e-39 3.28157591e-39 2.97492605e-39 2.91902469e-39 3.28157591e-39 2.94245916e-06 2.87549951e-06 3.24825784e-06
4.32000000e+04 2.98156047e-39 2.92578147e-39 3.28836817e-39 2.98156047e-39 2.92578147e-39 3.28836817e-39 2.96280364e-06 2.89681434e-06 3.24213440e-06
4.33000000e+04 2.98819592e-39 2.93253862e-39 3.29516024e-39 2.98819592e-39 2.93253862e-39 3.29516024e-39 2.97521955e-06 2.91632861e-06 3.28272515e-06
4.34000000e+04 2.99483236e-39 2.93929614e-39 3.30195212e-39 2.99483236e-39 2.93929614e-39 3.30195212e-39 2.99222224e-06 2.93611542e-06 3.29845185e-06
4.35000000e+04 3.00146980e-39 2.94605400e-39 3.30874380e-39 3.00146980e-39 2.94605400e-39 3.30874380e-39 3.01283822e-06 2.95589145e-06 3.31398932e-06
4.36000000e+04 3.00810821e-39 2.95281221e-39 3.31553527e-39 3.00810821e-39 2.95281221e-39 3.31553527e-39 3.03006353e-06 2.94874098e-06 3.32107395e-06
4.37000000e+04 3.01474757e-39 2.95957074e-39 3.32232652e-39 3.01474757e-39 2.95957074e-39 3.32232652e-39 3.04522794e-06 2.98388176e-06 3.33561687e-06
4.38000000e+04 3.02138788e-39 2.96632959e-39 3.32911754e-39 3.02138788e-39 2.96632959e-39 3.32911754e-39 3.06422917e-06 2.99363543e-06 3.36762835e-06
4.39000000e+04 3.02802912e-39 2.97308875e-39 3.33590833e-39 3.02802912e-39 2.97308875e-39 3.33590833e-39 3.08213740e-06 3.02571361e-06 3.37599286e-06
4.40000000e+04 3.03467126e-39 2.97984820e-39 3.34269888e-39 3.03467126e-39 2.97984820e-39 3.34269888e-39 3.09560946e-06 3.02202475e-06 3.41044884e-06
4.41000000e+04 3.04131431e-39 2.98660794e-39 3.34948917e-39 3.04131431e-39 2.98660794e-39 3.34948917e-39 3.11348168e-06 3.03941831e-06 3.43257642e-06
4.42000000e+04 3.04795823e-39 2.99336795e-39 3.35627921e-39 3.04795823e-39 2.99336795e-39 3.35627921e-39 3.13495745e-06 3.07337671e-06 3.42743190e-06
4.43000000e+04 3.05460303e-39 3.00012823e-39 3.36306898e-39 3.05460303e-39 3.00012823e-39 3.36306898e-39 3.15027462e-06 3.09080017e-06 3.46635802e-06
4.44000000e+04 3.06124867e-39 3.00688876e-39 3.36985848e-39 3.06124867e-39 3.00688876e-39 3.36985848e-39 3.16737730e-06 3.08511963e-06 3.46248745e-06
4.45000000e+04 3.06789515e-39 3.01364953e-39 3.37664769e-39 3.06789515e-39 3.01364953e-39 3.37664769e-39 3.18162171e-06 3.12588527e-06 3.49763257e-06
4.46000000e+04 3.07454246e-39 3.02041054e-39 3.38343661e-39 3.07454246e-39 3.02041054e-39 3.38343661e-39 3.19455073e-06 3.11926784e-06 3.51626466e-06
4.47000000e+04 3.08119057e-39 3.02717177e-39 3.39022524e-39 3.08119057e-39 3.02717177e-39 3.39022524e-39 3.21989570e-06 3.14045538e-06 3.54264832e-06
4.48000000e+04 3.08783948e-39 3.03393321e-39 3.39701356e-39 3.08783948e-39 3.03393321e-39 3.39701356e-39 3.23311198e-06 3.16227817e-06 3.54518354e-06
4.49000000e+04 3.09448917e-39 3.04069485e-39 3.40380157e-39 3.09448917e-39 3.04069485e-39 3.40380157e-39 3.25752859e-06 3.19732805e-06 3.57965967e-06
4.50000000e+04 3.10113962e-39 3.04745668e-39 3.41058926e-39 3.10113962e-39 3.04745668e-39 3.41058926e-39 3.26873340e-06 3.19843174e-06 3.58176498e-06
4.51000000e+04 3.10779083e-39 3.05421870e-39 3.41737661e-39 3.10779083e-39 3.05421870e-39 3.41737661e-39 3.29453695e-06 3.23728865e-06 3.60928264e-06
4.52000000e+04 3.11444277e-39 3.06098088e-39 3.42416364e-39 3.11444277e-39 3.06098088e-39 3.42416364e-39 3.31152923e-06 3.23505971e-06 3.63417742e-06
4.53000000e+04 3.12109544e-39 3.06774323e-39 3.43095032e-39 3.12109544e-39 3.06774323e-39 3.43095032e-39 3.32782763e-06 3.24852508e-06 3.65858898e-06
4.54000000e+04 3.12774882e-39 3.07450573e-39 3.43773665e-39 3.12774882e-39 3.07450573e-39 3.43773665e-39 3.34513169e-06 3.27476475e-06 3.65569308e-06
4.55000000e+04 3.13440289e-39 3.08126837e-39 3.44452262e-39 3.13440289e-39 3.08126837e-39 3.44452262e-39 3.36412614e-06 3.29480249e-06 3.69797747e-06
4.56000000e+04 3.14105765e-39 3.08803115e-39 3.45130823e-39 3.14105765e-39 3.08803115e-39 3.45130823e-39 3.37391353e-06 3.32599879e-06 3.70959317e-06
4.57000000e+04 3.14771308e-39 3.09479404e-39 3.45809347e-39 3.14771308e-39 3.09479404e-39 3.45809347e-39 3.40021741e-06 3.33133853e-06 3.73490647e-06
4.58000000e+04 3.15436916e-39 3.10155705e-39 3.46487833e-39 3.15436916e-39 3.10155705e-39 3.46487833e-39 3.41564540e-06 3.35707272e-06 3.73094130e-06
4.59000000e+04 3.16102589e-39 3.10832016e-39 3.47166280e-39 3.16102589e-39 3.10832016e-39 3.47166280e-39 3.43890270e-06 3.37398884e-06 3.77481946e-06
4.60000000e+04 3.16768324e-39 3.11508337e-39 3.47844688e-39 3.16768324e-39 3.11508337e-39 3.47844688e-39 3.45355998e-06 3.37844384e-06 3.79760771e-06
4.61000000e+04 3.17434122e-39 3.12184666e-39 3.48523056e-39 3.17434122e-39 3.12184666e-39 3.48523056e-39 3.47292359e-06 3.39270408e-06 3.80970312e-06
4.62000000e+04 3.18099979e-39 3.12861003e-39 3.49201383e-39 3.18099979e-39 3.12861003e-39 3.49201383e-39 3.49049097e-06 3.42265909e-06 3.82776097e-06
4.63000000e+04 3.18765896e-39 3.13537346e-39 3.49879668e-39 3.18765896e-39 3.13537346e-39 3.49879668e-39 3.50852399e-06 3.44586615e-06 3.83548320e-06
4.64000000e+04 3.19431870e-39 3.14213695e-39 3.50557912e-39 3.19431870e-39 3.14213695e-39 3.50557912e-39 3.53110380e-06 3.47493318e-06 3.86845086e-06
4.65000000e+04 3.20097901e-39 3.14890048e-39 3.51236113e-39 3.20097901e-39 3.14890048e-39 3.51236113e-39 3.55076073e-06 3.47768305e-06 3.89759553e-06
4.66000000e+04 3.20763988e-39 3.15566405e-39 3.51914270e-39 3.20763988e-39 3.15566405e-39 3.51914270e-39 3.56882346e-06 3.49428565e-06 3.91285910e-06
4.67000000e+04 3.21430128e-39 3.16242765e-39 3.52592384e-39 3.21430128e-39 3.16242765e-39 3.52592384e-39 3.58560564e-06 3.53212645e-06 3.92017399e-06
4.68000000e+04 3.22096321e-39 3.16919128e-39 3.53270452e-39 3.22096321e-39 3.16919128e-39 3.53270452e-39 3.60890555e-06 3.51825242e-06 3.95400841e-06
4.69000000e+04 3.22762565e-39 3.17595491e-39 3.53948475e-39 3.22762565e-39 3.17595491e-39 3.53948475e-39 3.62435047e-06 3.56600829e-06 3.95726322e-06
4.70000000e+04 3.23428860e-39 3.18271854e-39 3.54626452e-39 3.23428860e-39 3.18271854e-39 3.54626452e-39 3.63904781e-06 3.58364603e-06 3.98542434e-06
4.71000000e+04 3.24095204e-39 3.18948217e-39 3.55304382e-39 3.24095204e-39 3.18948217e-39 3.55304382e-39 3.66617416e-06 3.59271113e-06 4.00870617e-06
4.72000000e+04 3.24761596e-39 3.19624578e-39 3.55982265e-39 3.24761596e-39 3.19624578e-39 3.55982265e-39 3.68104419e-06 3.62286735e-06 3.99900834e-06
4.73000000e+04 3.25428034e-39 3.20300937e-39 3.56660100e-39 3.25428034e-39 3.20300937e-39 3.56660100e-39 3.70437739e-06 3.64441374e-06 4.04014000e-06
4.74000000e+04 3.26094518e-39 3.20977292e-39 3.57337886e-39 3.26094518e-39 3.20977292e-39 3.57337886e-39 3.72262230e-06 3.64505863e-06 4.07444696e-06
4.75000000e+04 3.26761046e-39 3.21653643e-39 3.58015623e-39 3.26761046e-39 3.21653643e-39 3.58015623e-39 3.74408965e-06 3.68009058e-06 4.09419417e-06
4.76000000e+04 3.27427617e-39 3.22329990e-39 3.58693309e-39 3.27427617e-39 3.22329990e-39 3.58693309e-39 3.75731979e-06 3.69716584e-06 4.08716797e-06
4.77000000e+04 3.28094230e-39 3.23006330e-39 3.59370945e-39 3.28094230e-39 3.23006330e-39 3.59370945e-39 3.77848616e-06 3.72379564e-06 4.13447823e-06
4.78000000e+04 3.28760884e-39 3.23682663e-39 3.60048530e-39 3.28760884e-39 3.23682663e-39 3.60048530e-39 3.80196360e-06 3.72841005e-06 4.15396823e-06
4.79000000e+04 3.29427577e-39 3.24358989e-39 3.60726063e-39 3.29427577e-39 3.24358989e-39 3.60726063e-39 3.81964477e-06 3.75374753e-06 4.15646852e-06
4.80000000e+04 3.30094309e-39 3.25035307e-39 3.61403544e-39 3.30094309e-39 3.25035307e-39 3.61403544e-39 3.83908898e-06 3.76854574e-06 4.19205152e-06
4.81000000e+04 3.30761078e-39 3.25711615e-39 3.62080972e-39 3.30761078e-39 3.25711615e-39 3.62080972e-39 3.85907979e-06 3.78508640e-06 4.19433214e-06
4.82000000e+04 3.31427883e-39 3.26387913e-39 3.62758345e-39 3.31427883e-39 3.26387913e-39 3.62758345e-39 3.87905838e-06 3.80749080e-06 4.23316893e-06
4.83000000e+04 3.32094724e-39 3.27064200e-39 3.63435665e-39 3.32094724e-39 3.27064200e-39 3.63435665e-39 3.89667373e-06 3.83126106e-06 4.24856566e-06
4.84000000e+04 3.32761598e-39 3.27740476e-39 3.64112930e-39 3.32761598e-39 3.27740476e-39 3.64112930e-39 3.91778075e-06 3.82437666e-06 4.29014110e-06
4.85000000e+04 3.33428505e-39 3.28416739e-39 3.64790139e-39 3.33428505e-39 3.28416739e-39 3.64790139e-39 3.93594648e-06 3.87209972e-06 4.28337663e-06
4.86000000e+04 3.34095444e-39 3.29092989e-39 3.65467292e-39 3.34095444e-39 3.29092989e-39 3.65467292e-39 3.95710363e-06 3.87797587e-06 4.32779618e-06
4.87000000e+04 3.34762413e-39 3.29769224e-39 3.66144389e-39 3.34762413e-39 3.29769224e-39 3.66144389e-39 3.98149663e-06 3.91096219e-06 4.32930331e-06
4.88000000e+04 3.35429412e-39 3.30445445e-39 3.66821428e-39 3.35429412e-39 3.30445445e-39 3.66821428e-39 4.00097616e-06 3.91504392e-06 4.34209692e-06
4.89000000e+04 3.36096440e-39 3.31121649e-39 3.67498409e-39 3.36096440e-39 3.31121649e-39 3.67498409e-39 4.01993201e-06 3.95408098e-06 4.38666183e-06
4.90000000e+04 3.36763494e-39 3.31797838e-39 3.68175333e-39 3.36763494e-39 3.31797838e-39 3.68175333e-39 4.03401044e-06 3.98114447e-06 4.40526793e-06
4.91000000e+04 3.37430576e-39 3.32474009e-39 3.68852197e-39 3.37430576e-39 3.32474009e-39 3.68852197e-39 4.05623187e-06 3.99514508e-06 4.42710886e-06
4.92000000e+04 3.38097682e-39 3.33150162e-39 3.69529001e-39 3.38097682e-39 3.33150162e-39 3.69529001e-39 4.07721218e-06 4.01732317e-06 4.44529886e-06
4.93000000e+04 3.38764813e-39 3.33826296e-39 3.70205746e-39 3.38764813e-39 3.33826296e-39 3.70205746e-39 4.10125499e-06 4.02907727e-06 4.46968888e-06
4.94000000e+04 3.39431966e-39 3.34502410e-39 3.70882430e-39 3.39431966e-39 3.34502410e-39 3.70882430e-39 4.12186110e-06 4.05436818e-06 4.49627087e-06
4.95000000e+04 3.40099142e-39 3.35178504e-39 3.71559052e-39 3.40099142e-39 3.35178504e-39 3.71559052e-39 4.14577516e-06 4.07747876e-06 4.49725482e-06
4.96000000e+04 3.40766339e-39 3.35854577e-39 3.72235613e-39 3.40766339e-39 3.35854577e-39 3.72235613e-39 4.15412853e-06 4.09804500e-06 4.54078716e-06
4.97000000e+04 3.41433556e-39 3.36530628e-39 3.72912112e-39 3.41433556e-39 3.36530628e-39 3.72912112e-39 4.18155508e-06 4.12571341e-06 4.56967352e-06
4.98000000e+04 3.42100793e-39 3.37206656e-39 3.73588548e-39 3.42100793e-39 3.37206656e-39 3.73588548e-39 4.20017992e-06 4.14419500e-06 4.58626914e-06
4.99000000e+04 3.42768047e-39 3.37882661e-39 3.74264920e-39 3.42768047e-39 3.37882661e-39 3.74264920e-39 4.22411594e-06 4.13107625e-06 4.59645017e-06
5.00000000e+04 3.43435318e-39 3.38558642e-39 3.74941228e-39 3.43435318e-39 3.38558642e-39 3.74941228e-39 4.24665127e-06 4.17497847e-06 4.63394612e-06
