# Te [K]  Qff_DL [cm^5]  Qff_PL [cm^5]  Qff_KW [cm^5] int_DL  int_PL  int_KD abserr_int_DL  abserr_int_PL  abserr_int_KW
3.00000000e+02 2.92894094e-41 1.86014360e-40 3.93527320e-40 2.92894094e-41 1.86014360e-40 3.93527320e-40 1.67901113e-11 1.02554591e-10 2.22271691e-10
4.00000000e+02 3.87699940e-41 1.88653241e-40 3.97112287e-40 3.87699940e-41 1.88653241e-40 3.97112287e-40 3.38352865e-11 1.66445580e-10 3.10345198e-10
5.00000000e+02 4.89290398e-41 1.91295772e-40 4.00718339e-40 4.89290398e-41 1.91295772e-40 4.00718339e-40 6.01586621e-11 2.35815188e-10 4.82152136e-10
6.00000000e+02 5.96789381e-41 1.93947909e-40 4.04345257e-40 5.96789381e-41 1.93947909e-40 4.04345257e-40 9.63495580e-11 2.98799148e-10 6.33180313e-10
7.00000000e+02 7.08716705e-41 1.96614252e-40 4.07992886e-40 7.08716705e-41 1.96614252e-40 4.07992886e-40 1.44549737e-10 3.85994488e-10 8.18493237e-10
8.00000000e+02 8.23151313e-41 1.99298458e-40 4.11661051e-40 8.23151313e-41 1.99298458e-40 4.11661051e-40 2.06065643e-10 4.91470768e-10 1.00364131e-09
9.00000000e+02 9.38116202e-41 2.02003441e-40 4.15349573e-40 9.38116202e-41 2.02003441e-40 4.15349573e-40 2.79803919e-10 6.00050266e-10 1.20958521e-09
1.00000000e+03 1.05186699e-40 2.04731493e-40 4.19058282e-40 1.05186699e-40 2.04731493e-40 4.19058282e-40 3.65525816e-10 7.10240494e-10 1.44584383e-09
1.10000000e+03 1.16302708e-40 2.07484377e-40 4.22787023e-40 1.16302708e-40 2.07484377e-40 4.22787023e-40 4.68256354e-10 8.19629456e-10 1.68457999e-09
1.20000000e+03 1.27060935e-40 2.10263412e-40 4.26535652e-40 1.27060935e-40 2.10263412e-40 4.26535652e-40 5.82165009e-10 9.47105426e-10 1.94018051e-09
1.30000000e+03 1.37397632e-40 2.13069546e-40 4.30304024e-40 1.37397632e-40 2.13069546e-40 4.30304024e-40 7.11293239e-10 1.05165599e-09 2.09812352e-09
1.40000000e+03 1.47277621e-40 2.15903429e-40 4.34091992e-40 1.47277621e-40 2.15903429e-40 4.34091992e-40 8.50513915e-10 1.20404401e-09 2.45880604e-09
1.50000000e+03 1.56687615e-40 2.18765465e-40 4.37899397e-40 1.56687615e-40 2.18765465e-40 4.37899397e-40 1.00328752e-09 1.34894322e-09 2.74995649e-09
1.60000000e+03 1.65630261e-40 2.21655868e-40 4.41726064e-40 1.65630261e-40 2.21655868e-40 4.41726064e-40 1.17322458e-09 1.50695820e-09 3.05845353e-09
1.70000000e+03 1.74119249e-40 2.24574697e-40 4.45571804e-40 1.74119249e-40 2.24574697e-40 4.45571804e-40 1.34795922e-09 1.69951433e-09 3.43049736e-09
1.80000000e+03 1.82175505e-40 2.27521898e-40 4.49436411e-40 1.82175505e-40 2.27521898e-40 4.49436411e-40 1.53349983e-09 1.89259983e-09 3.67773823e-09
1.90000000e+03 1.89824329e-40 2.30497324e-40 4.53319663e-40 1.89824329e-40 2.30497324e-40 4.53319663e-40 1.72189602e-09 2.08104728e-09 4.08728796e-09
2.00000000e+03 1.97093312e-40 2.33500763e-40 4.57221325e-40 1.97093312e-40 2.33500763e-40 4.57221325e-40 1.94901363e-09 2.30178587e-09 4.36626196e-09
2.10000000e+03 2.04010862e-40 2.36531954e-40 4.61141150e-40 2.04010862e-40 2.36531954e-40 4.61141150e-40 2.16896453e-09 2.50958779e-09 4.76476598e-09
2.20000000e+03 2.10605188e-40 2.39590599e-40 4.65078882e-40 2.10605188e-40 2.39590599e-40 4.65078882e-40 2.39014529e-09 2.70691484e-09 5.25546641e-09
2.30000000e+03 2.16903627e-40 2.42676379e-40 4.69034255e-40 2.16903627e-40 2.42676379e-40 4.69034255e-40 2.62971972e-09 2.93712148e-09 5.68466990e-09
2.40000000e+03 2.22932224e-40 2.45788956e-40 4.73007000e-40 2.22932224e-40 2.45788956e-40 4.73007000e-40 2.89841782e-09 3.16458772e-09 6.06832608e-09
2.50000000e+03 2.28715479e-40 2.48927984e-40 4.76996840e-40 2.28715479e-40 2.48927984e-40 4.76996840e-40 3.14339725e-09 3.34989408e-09 6.49396132e-09
2.60000000e+03 2.34276235e-40 2.52093112e-40 4.81003500e-40 2.34276235e-40 2.52093112e-40 4.81003500e-40 3.41816749e-09 3.61212614e-09 7.00309846e-09
2.70000000e+03 2.39635636e-40 2.55283989e-40 4.85026700e-40 2.39635636e-40 2.55283989e-40 4.85026700e-40 3.71997250e-09 3.89967464e-09 7.42004608e-09
2.80000000e+03 2.44813154e-40 2.58500264e-40 4.89066159e-40 2.44813154e-40 2.58500264e-40 4.89066159e-40 4.01325178e-09 4.16130162e-09 7.94054934e-09
2.90000000e+03 2.49826648e-40 2.61741589e-40 4.93121596e-40 2.49826648e-40 2.61741589e-40 4.93121596e-40 4.29669283e-09 4.43927763e-09 8.44990848e-09
3.00000000e+03 2.54692450e-40 2.65007622e-40 4.97192732e-40 2.54692450e-40 2.65007622e-40 4.97192732e-40 4.60356997e-09 4.79671483e-09 8.86578645e-09
3.10000000e+03 2.59425457e-40 2.68298024e-40 5.01279286e-40 2.59425457e-40 2.68298024e-40 5.01279286e-40 4.94085895e-09 5.07820204e-09 9.35165377e-09
3.20000000e+03 2.64039235e-40 2.71612461e-40 5.05380978e-40 2.64039235e-40 2.71612461e-40 5.05380978e-40 5.28237185e-09 5.40504704e-09 1.01039763e-08
3.30000000e+03 2.68546124e-40 2.74950608e-40 5.09497530e-40 2.68546124e-40 2.74950608e-40 5.09497530e-40 5.63405869e-09 5.66933129e-09 1.04707734e-08
3.40000000e+03 2.72957334e-40 2.78312142e-40 5.13628664e-40 2.72957334e-40 2.78312142e-40 5.13628664e-40 5.97399026e-09 6.03437692e-09 1.12067955e-08
3.50000000e+03 2.77283043e-40 2.81696746e-40 5.17774103e-40 2.77283043e-40 2.81696746e-40 5.17774103e-40 6.30625588e-09 6.45518753e-09 1.17727949e-08
3.60000000e+03 2.81532489e-40 2.85104110e-40 5.21933572e-40 2.81532489e-40 2.85104110e-40 5.21933572e-40 6.70927018e-09 6.76614979e-09 1.23436484e-08
3.70000000e+03 2.85714051e-40 2.88533926e-40 5.26106795e-40 2.85714051e-40 2.88533926e-40 5.26106795e-40 7.11350993e-09 7.13656221e-09 1.30273110e-08
3.80000000e+03 2.89835332e-40 2.91985894e-40 5.30293499e-40 2.89835332e-40 2.91985894e-40 5.30293499e-40 7.51192343e-09 7.49446641e-09 1.36917698e-08
3.90000000e+03 2.93903227e-40 2.95459716e-40 5.34493412e-40 2.93903227e-40 2.95459716e-40 5.34493412e-40 7.90834623e-09 7.94268370e-09 1.43925719e-08
4.00000000e+03 2.97923989e-40 2.98955097e-40 5.38706264e-40 2.97923989e-40 2.98955097e-40 5.38706264e-40 8.28324090e-09 8.26166294e-09 1.49835566e-08
4.10000000e+03 3.01903289e-40 3.02471749e-40 5.42931785e-40 3.01903289e-40 3.02471749e-40 5.42931785e-40 8.75872260e-09 8.69838545e-09 1.56632825e-08
4.20000000e+03 3.05846274e-40 3.06009384e-40 5.47169708e-40 3.05846274e-40 3.06009384e-40 5.47169708e-40 9.14734029e-09 9.18888472e-09 1.63435350e-08
4.30000000e+03 3.09757612e-40 3.09567719e-40 5.51419770e-40 3.09757612e-40 3.09567719e-40 5.51419770e-40 9.60717821e-09 9.66020786e-09 1.71881430e-08
4.40000000e+03 3.13641538e-40 3.13146472e-40 5.55681708e-40 3.13641538e-40 3.13146472e-40 5.55681708e-40 1.01310329e-08 1.00653567e-08 1.78507622e-08
4.50000000e+03 3.17501894e-40 3.16745367e-40 5.59955262e-40 3.17501894e-40 3.16745367e-40 5.59955262e-40 1.06028724e-08 1.05477210e-08 1.86488052e-08
4.60000000e+03 3.21342170e-40 3.20364127e-40 5.64240176e-40 3.21342170e-40 3.20364127e-40 5.64240176e-40 1.10398810e-08 1.10532893e-08 1.94797480e-08
4.70000000e+03 3.25165529e-40 3.24002479e-40 5.68536196e-40 3.25165529e-40 3.24002479e-40 5.68536196e-40 1.15843888e-08 1.14946770e-08 2.00963342e-08
4.80000000e+03 3.28974846e-40 3.27660152e-40 5.72843071e-40 3.28974846e-40 3.27660152e-40 5.72843071e-40 1.20972281e-08 1.19266654e-08 2.10755228e-08
4.90000000e+03 3.32772726e-40 3.31336877e-40 5.77160556e-40 3.32772726e-40 3.31336877e-40 5.77160556e-40 1.25588385e-08 1.25045010e-08 2.18001278e-08
5.00000000e+03 3.36561536e-40 3.35032387e-40 5.81488406e-40 3.36561536e-40 3.35032387e-40 5.81488406e-40 1.31342740e-08 1.29391726e-08 2.24725896e-08
5.10000000e+03 3.40343423e-40 3.38746417e-40 5.85826384e-40 3.40343423e-40 3.38746417e-40 5.85826384e-40 1.36531520e-08 1.36557830e-08 2.33728827e-08
5.20000000e+03 3.44120336e-40 3.42478703e-40 5.90174253e-40 3.44120336e-40 3.42478703e-40 5.90174253e-40 1.42667961e-08 1.40823024e-08 2.44528595e-08
5.30000000e+03 3.47894040e-40 3.46228984e-40 5.94531784e-40 3.47894040e-40 3.46228984e-40 5.94531784e-40 1.48000814e-08 1.47490496e-08 2.53158955e-08
5.40000000e+03 3.51666137e-40 3.49997001e-40 5.98898750e-40 3.51666137e-40 3.49997001e-40 5.98898750e-40 1.54199087e-08 1.52144783e-08 2.62707439e-08
5.50000000e+03 3.55438080e-40 3.53782496e-40 6.03274930e-40 3.55438080e-40 3.53782496e-40 6.03274930e-40 1.60053975e-08 1.59146691e-08 2.68914599e-08
5.60000000e+03 3.59211184e-40 3.57585214e-40 6.07660105e-40 3.59211184e-40 3.57585214e-40 6.07660105e-40 1.66540641e-08 1.65469506e-08 2.81833675e-08
5.70000000e+03 3.62986639e-40 3.61404900e-40 6.12054063e-40 3.62986639e-40 3.61404900e-40 6.12054063e-40 1.72163011e-08 1.71003307e-08 2.91467101e-08
5.80000000e+03 3.66765521e-40 3.65241303e-40 6.16456598e-40 3.66765521e-40 3.65241303e-40 6.16456598e-40 1.78997718e-08 1.78175442e-08 2.99254487e-08
5.90000000e+03 3.70548804e-40 3.69094174e-40 6.20867504e-40 3.70548804e-40 3.69094174e-40 6.20867504e-40 1.85514478e-08 1.83537139e-08 3.10970017e-08
6.00000000e+03 3.74337366e-40 3.72963264e-40 6.25286584e-40 3.74337366e-40 3.72963264e-40 6.25286584e-40 1.92227353e-08 1.91116319e-08 3.17625435e-08
6.10000000e+03 3.78132000e-40 3.76848329e-40 6.29713644e-40 3.78132000e-40 3.76848329e-40 6.29713644e-40 1.98940143e-08 1.97863604e-08 3.31613772e-08
6.20000000e+03 3.81933417e-40 3.80749124e-40 6.34148494e-40 3.81933417e-40 3.80749124e-40 6.34148494e-40 2.05680660e-08 2.05017086e-08 3.39503771e-08
6.30000000e+03 3.85742259e-40 3.84665408e-40 6.38590952e-40 3.85742259e-40 3.84665408e-40 6.38590952e-40 2.13268727e-08 2.12545100e-08 3.53279583e-08
6.40000000e+03 3.89559100e-40 3.88596943e-40 6.43040836e-40 3.89559100e-40 3.88596943e-40 6.43040836e-40 2.20324591e-08 2.19869785e-08 3.63580998e-08
6.50000000e+03 3.93384454e-40 3.92543492e-40 6.47497971e-40 3.93384454e-40 3.92543492e-40 6.47497971e-40 2.27716460e-08 2.27644913e-08 3.75197933e-08
6.60000000e+03 3.97218779e-40 3.96504821e-40 6.51962187e-40 3.97218779e-40 3.96504821e-40 6.51962187e-40 2.34519791e-08 2.33896276e-08 3.86488536e-08
6.70000000e+03 4.01062484e-40 4.00480699e-40 6.56433318e-40 4.01062484e-40 4.00480699e-40 6.56433318e-40 2.43444378e-08 2.43014440e-08 3.94913857e-08
6.80000000e+03 4.04915930e-40 4.04470895e-40 6.60911202e-40 4.04915930e-40 4.04470895e-40 6.60911202e-40 2.51104752e-08 2.50246883e-08 4.07117334e-08
6.90000000e+03 4.08779436e-40 4.08475183e-40 6.65395681e-40 4.08779436e-40 4.08475183e-40 6.65395681e-40 2.59089917e-08 2.58121153e-08 4.21290933e-08
7.00000000e+03 4.12653283e-40 4.12493339e-40 6.69886602e-40 4.12653283e-40 4.12493339e-40 6.69886602e-40 2.67083509e-08 2.66471207e-08 4.33257450e-08
7.10000000e+03 4.16537714e-40 4.16525141e-40 6.74383814e-40 4.16537714e-40 4.16525141e-40 6.74383814e-40 2.75653885e-08 2.75629009e-08 4.46050135e-08
7.20000000e+03 4.20432941e-40 4.20570371e-40 6.78887174e-40 4.20432941e-40 4.20570371e-40 6.78887174e-40 2.84247593e-08 2.84330576e-08 4.58940424e-08
7.30000000e+03 4.24339147e-40 4.24628812e-40 6.83396539e-40 4.24339147e-40 4.24628812e-40 6.83396539e-40 2.92472040e-08 2.91750243e-08 4.70165784e-08
7.40000000e+03 4.28256484e-40 4.28700251e-40 6.87911772e-40 4.28256484e-40 4.28700251e-40 6.87911772e-40 3.01276013e-08 3.01737927e-08 4.83282022e-08
7.50000000e+03 4.32185081e-40 4.32784476e-40 6.92432739e-40 4.32185081e-40 4.32784476e-40 6.92432739e-40 3.10479486e-08 3.09990546e-08 4.93151772e-08
7.60000000e+03 4.36125045e-40 4.36881281e-40 6.96959308e-40 4.36125045e-40 4.36881281e-40 6.96959308e-40 3.19223498e-08 3.18592947e-08 5.10211565e-08
7.70000000e+03 4.40076460e-40 4.40990458e-40 7.01491353e-40 4.40076460e-40 4.40990458e-40 7.01491353e-40 3.27797674e-08 3.27957148e-08 5.22924688e-08
7.80000000e+03 4.44039391e-40 4.45111806e-40 7.06028750e-40 4.44039391e-40 4.45111806e-40 7.06028750e-40 3.38270456e-08 3.38794635e-08 5.34956815e-08
7.90000000e+03 4.48013885e-40 4.49245125e-40 7.10571378e-40 4.48013885e-40 4.49245125e-40 7.10571378e-40 3.48182198e-08 3.48649360e-08 5.51701238e-08
8.00000000e+03 4.51999972e-40 4.53390217e-40 7.15119120e-40 4.51999972e-40 4.53390217e-40 7.15119120e-40 3.57085901e-08 3.58853927e-08 5.64861335e-08
8.10000000e+03 4.55997670e-40 4.57546889e-40 7.19671861e-40 4.55997670e-40 4.57546889e-40 7.19671861e-40 3.66890430e-08 3.68343154e-08 5.80296150e-08
8.20000000e+03 4.60006979e-40 4.61714948e-40 7.24229490e-40 4.60006979e-40 4.61714948e-40 7.24229490e-40 3.77049578e-08 3.78285157e-08 5.92878247e-08
8.30000000e+03 4.64027891e-40 4.65894206e-40 7.28791897e-40 4.64027891e-40 4.65894206e-40 7.28791897e-40 3.88087588e-08 3.89371726e-08 6.06170549e-08
8.40000000e+03 4.68060382e-40 4.70084477e-40 7.33358977e-40 4.68060382e-40 4.70084477e-40 7.33358977e-40 3.98828629e-08 3.99796751e-08 6.21412265e-08
8.50000000e+03 4.72104421e-40 4.74285576e-40 7.37930625e-40 4.72104421e-40 4.74285576e-40 7.37930625e-40 4.08564735e-08 4.08568802e-08 6.37851262e-08
8.60000000e+03 4.76159966e-40 4.78497325e-40 7.42506742e-40 4.76159966e-40 4.78497325e-40 7.42506742e-40 4.19678333e-08 4.20000560e-08 6.53846386e-08
8.70000000e+03 4.80226966e-40 4.82719543e-40 7.47087227e-40 4.80226966e-40 4.82719543e-40 7.47087227e-40 4.30929713e-08 4.33345638e-08 6.70715806e-08
8.80000000e+03 4.84305363e-40 4.86952057e-40 7.51671985e-40 4.84305363e-40 4.86952057e-40 7.51671985e-40 4.42515828e-08 4.43362636e-08 6.83984271e-08
8.90000000e+03 4.88395091e-40 4.91194693e-40 7.56260921e-40 4.88395091e-40 4.91194693e-40 7.56260921e-40 4.53040370e-08 4.53597985e-08 7.02054405e-08
9.00000000e+03 4.92496078e-40 4.95447282e-40 7.60853943e-40 4.92496078e-40 4.95447282e-40 7.60853943e-40 4.65012662e-08 4.67014477e-08 7.15464062e-08
9.10000000e+03 4.96608244e-40 4.99709654e-40 7.65450961e-40 4.96608244e-40 4.99709654e-40 7.65450961e-40 4.76702956e-08 4.79170369e-08 7.32534443e-08
9.20000000e+03 5.00731507e-40 5.03981647e-40 7.70051886e-40 5.00731507e-40 5.03981647e-40 7.70051886e-40 4.88241504e-08 4.92219740e-08 7.47504338e-08
9.30000000e+03 5.04865778e-40 5.08263096e-40 7.74656633e-40 5.04865778e-40 5.08263096e-40 7.74656633e-40 4.99906468e-08 5.02358284e-08 7.68625096e-08
9.40000000e+03 5.09010963e-40 5.12553842e-40 7.79265118e-40 5.09010963e-40 5.12553842e-40 7.79265118e-40 5.12690818e-08 5.16580743e-08 7.84065820e-08
9.50000000e+03 5.13166966e-40 5.16853728e-40 7.83877256e-40 5.13166966e-40 5.16853728e-40 7.83877256e-40 5.24727869e-08 5.28351613e-08 7.97333678e-08
9.60000000e+03 5.17333684e-40 5.21162599e-40 7.88492968e-40 5.17333684e-40 5.21162599e-40 7.88492968e-40 5.38093881e-08 5.42291808e-08 8.17876651e-08
9.70000000e+03 5.21511016e-40 5.25480300e-40 7.93112173e-40 5.21511016e-40 5.25480300e-40 7.93112173e-40 5.50414970e-08 5.53478022e-08 8.37208356e-08
9.80000000e+03 5.25698852e-40 5.29806684e-40 7.97734794e-40 5.25698852e-40 5.29806684e-40 7.97734794e-40 5.63347983e-08 5.68629834e-08 8.55746313e-08
9.90000000e+03 5.29897085e-40 5.34141600e-40 8.02360753e-40 5.29897085e-40 5.34141600e-40 8.02360753e-40 5.77153041e-08 5.82199030e-08 8.73614121e-08
1.00000000e+04 5.34105603e-40 5.38484903e-40 8.06989977e-40 5.34105603e-40 5.38484903e-40 8.06989977e-40 5.91094304e-08 5.94862035e-08 8.89754334e-08
1.01000000e+04 5.38324290e-40 5.42836450e-40 8.11622391e-40 5.38324290e-40 5.42836450e-40 8.11622391e-40 6.04318117e-08 6.09234028e-08 9.08955317e-08
1.02000000e+04 5.42553034e-40 5.47196100e-40 8.16257922e-40 5.42553034e-40 5.47196100e-40 8.16257922e-40 6.18611682e-08 6.22248352e-08 9.30569326e-08
1.03000000e+04 5.46791715e-40 5.51563712e-40 8.20896500e-40 5.46791715e-40 5.51563712e-40 8.20896500e-40 6.31909004e-08 6.34806934e-08 9.46758159e-08
1.04000000e+04 5.51040217e-40 5.55939151e-40 8.25538053e-40 5.51040217e-40 5.55939151e-40 8.25538053e-40 6.46726162e-08 6.51455308e-08 9.67203936e-08
1.05000000e+04 5.55298419e-40 5.60322280e-40 8.30182514e-40 5.55298419e-40 5.60322280e-40 8.30182514e-40 6.60282332e-08 6.64950130e-08 9.86529156e-08
1.06000000e+04 5.59566201e-40 5.64712968e-40 8.34829815e-40 5.59566201e-40 5.64712968e-40 8.34829815e-40 6.75279914e-08 6.80987512e-08 1.00303697e-07
1.07000000e+04 5.63843443e-40 5.69111082e-40 8.39479888e-40 5.63843443e-40 5.69111082e-40 8.39479888e-40 6.90049163e-08 6.96631816e-08 1.02574124e-07
1.08000000e+04 5.68130023e-40 5.73516495e-40 8.44132668e-40 5.68130023e-40 5.73516495e-40 8.44132668e-40 7.05695173e-08 7.11949601e-08 1.04505480e-07
1.09000000e+04 5.72425819e-40 5.77929079e-40 8.48788090e-40 5.72425819e-40 5.77929079e-40 8.48788090e-40 7.20845966e-08 7.26367329e-08 1.06629348e-07
1.10000000e+04 5.76730709e-40 5.82348709e-40 8.53446090e-40 5.76730709e-40 5.82348709e-40 8.53446090e-40 7.35469317e-08 7.38605789e-08 1.08812427e-07
1.11000000e+04 5.81044569e-40 5.86775261e-40 8.58106605e-40 5.81044569e-40 5.86775261e-40 8.58106605e-40 7.51404560e-08 7.57256736e-08 1.10769975e-07
1.12000000e+04 5.85367278e-40 5.91208615e-40 8.62769573e-40 5.85367278e-40 5.91208615e-40 8.62769573e-40 7.67620350e-08 7.73583718e-08 1.12935300e-07
1.13000000e+04 5.89698713e-40 5.95648650e-40 8.67434933e-40 5.89698713e-40 5.95648650e-40 8.67434933e-40 7.82743484e-08 7.91272796e-08 1.15011804e-07
1.14000000e+04 5.94038752e-40 6.00095249e-40 8.72102624e-40 5.94038752e-40 6.00095249e-40 8.72102624e-40 7.99684474e-08 8.03293022e-08 1.17218413e-07
1.15000000e+04 5.98387271e-40 6.04548296e-40 8.76772587e-40 5.98387271e-40 6.04548296e-40 8.76772587e-40 8.16609312e-08 8.22638506e-08 1.19371080e-07
1.16000000e+04 6.02744150e-40 6.09007676e-40 8.81444762e-40 6.02744150e-40 6.09007676e-40 8.81444762e-40 8.33217353e-08 8.41363030e-08 1.21217749e-07
1.17000000e+04 6.07109267e-40 6.13473276e-40 8.86119092e-40 6.07109267e-40 6.13473276e-40 8.86119092e-40 8.50062343e-08 8.57851014e-08 1.23962368e-07
1.18000000e+04 6.11482500e-40 6.17944984e-40 8.90795518e-40 6.11482500e-40 6.17944984e-40 8.90795518e-40 8.67461852e-08 8.75148738e-08 1.25880815e-07
1.19000000e+04 6.15863729e-40 6.22422693e-40 8.95473985e-40 6.15863729e-40 6.22422693e-40 8.95473985e-40 8.84650054e-08 8.91761626e-08 1.28280371e-07
1.20000000e+04 6.20252834e-40 6.26906292e-40 9.00154435e-40 6.20252834e-40 6.26906292e-40 9.00154435e-40 9.01444093e-08 9.10313189e-08 1.30431658e-07
1.21000000e+04 6.24649695e-40 6.31395676e-40 9.04836813e-40 6.24649695e-40 6.31395676e-40 9.04836813e-40 9.18443634e-08 9.26689470e-08 1.33283488e-07
1.22000000e+04 6.29054193e-40 6.35890741e-40 9.09521065e-40 6.29054193e-40 6.35890741e-40 9.09521065e-40 9.36678823e-08 9.44641188e-08 1.35050046e-07
1.23000000e+04 6.33466210e-40 6.40391381e-40 9.14207135e-40 6.33466210e-40 6.40391381e-40 9.14207135e-40 9.55026940e-08 9.65501614e-08 1.37932806e-07
1.24000000e+04 6.37885629e-40 6.44897495e-40 9.18894970e-40 6.37885629e-40 6.44897495e-40 9.18894970e-40 9.72538340e-08 9.81333080e-08 1.40149436e-07
1.25000000e+04 6.42312333e-40 6.49408982e-40 9.23584518e-40 6.42312333e-40 6.49408982e-40 9.23584518e-40 9.92970545e-08 1.00231982e-07 1.42429729e-07
1.26000000e+04 6.46746206e-40 6.53925743e-40 9.28275724e-40 6.46746206e-40 6.53925743e-40 9.28275724e-40 1.01064989e-07 1.02019212e-07 1.45199333e-07
1.27000000e+04 6.51187133e-40 6.58447680e-40 9.32968538e-40 6.51187133e-40 6.58447680e-40 9.32968538e-40 1.03059712e-07 1.03899731e-07 1.47552132e-07
1.28000000e+04 6.55635000e-40 6.62974696e-40 9.37662906e-40 6.55635000e-40 6.62974696e-40 9.37662906e-40 1.05001433e-07 1.06139439e-07 1.50236166e-07
1.29000000e+04 6.60089693e-40 6.67506696e-40 9.42358780e-40 6.60089693e-40 6.67506696e-40 9.42358780e-40 1.06878538e-07 1.08014048e-07 1.51953063e-07
1.30000000e+04 6.64551099e-40 6.72043586e-40 9.47056106e-40 6.64551099e-40 6.72043586e-40 9.47056106e-40 1.08907744e-07 1.10201266e-07 1.55191013e-07
1.31000000e+04 6.69019108e-40 6.76585272e-40 9.51754836e-40 6.69019108e-40 6.76585272e-40 9.51754836e-40 1.10841792e-07 1.12073831e-07 1.56937593e-07
1.32000000e+04 6.73493608e-40 6.81131663e-40 9.56454920e-40 6.73493608e-40 6.81131663e-40 9.56454920e-40 1.12858712e-07 1.14221589e-07 1.60334640e-07
1.33000000e+04 6.77974490e-40 6.85682669e-40 9.61156309e-40 6.77974490e-40 6.85682669e-40 9.61156309e-40 1.15079414e-07 1.16186914e-07 1.62633542e-07
1.34000000e+04 6.82461645e-40 6.90238200e-40 9.65858953e-40 6.82461645e-40 6.90238200e-40 9.65858953e-40 1.17086613e-07 1.18426364e-07 1.65266956e-07
1.35000000e+04 6.86954965e-40 6.94798169e-40 9.70562805e-40 6.86954965e-40 6.94798169e-40 9.70562805e-40 1.19035581e-07 1.19898307e-07 1.67962869e-07
1.36000000e+04 6.91454343e-40 6.99362487e-40 9.75267816e-40 6.91454343e-40 6.99362487e-40 9.75267816e-40 1.21122274e-07 1.22467870e-07 1.70725819e-07
1.37000000e+04 6.95959674e-40 7.03931070e-40 9.79973940e-40 6.95959674e-40 7.03931070e-40 9.79973940e-40 1.23477541e-07 1.24605101e-07 1.73532898e-07
1.38000000e+04 7.00470852e-40 7.08503832e-40 9.84681128e-40 7.00470852e-40 7.08503832e-40 9.84681128e-40 1.25410082e-07 1.27123427e-07 1.76451612e-07
1.39000000e+04 7.04987773e-40 7.13080690e-40 9.89389335e-40 7.04987773e-40 7.13080690e-40 9.89389335e-40 1.27784176e-07 1.28841845e-07 1.79424352e-07
1.40000000e+04 7.09510335e-40 7.17661561e-40 9.94098514e-40 7.09510335e-40 7.17661561e-40 9.94098514e-40 1.30061323e-07 1.31263856e-07 1.81581813e-07
1.41000000e+04 7.14038435e-40 7.22246363e-40 9.98808620e-40 7.14038435e-40 7.22246363e-40 9.98808620e-40 1.32213148e-07 1.33544429e-07 1.83986213e-07
1.42000000e+04 7.18571973e-40 7.26835016e-40 1.00351961e-39 7.18571973e-40 7.26835016e-40 1.00351961e-39 1.34404322e-07 1.35838799e-07 1.87784187e-07
1.43000000e+04 7.23110849e-40 7.31427439e-40 1.00823143e-39 7.23110849e-40 7.31427439e-40 1.00823143e-39 1.36761176e-07 1.38064280e-07 1.90703194e-07
1.44000000e+04 7.27654963e-40 7.36023555e-40 1.01294404e-39 7.27654963e-40 7.36023555e-40 1.01294404e-39 1.39057491e-07 1.40715769e-07 1.93105469e-07
1.45000000e+04 7.32204218e-40 7.40623286e-40 1.01765740e-39 7.32204218e-40 7.40623286e-40 1.01765740e-39 1.41279830e-07 1.43088366e-07 1.95995221e-07
1.46000000e+04 7.36758517e-40 7.45226554e-40 1.02237147e-39 7.36758517e-40 7.45226554e-40 1.02237147e-39 1.43623197e-07 1.45409651e-07 1.99462158e-07
1.47000000e+04 7.41317763e-40 7.49833284e-40 1.02708619e-39 7.41317763e-40 7.49833284e-40 1.02708619e-39 1.46202460e-07 1.47692306e-07 2.02389577e-07
1.48000000e+04 7.45881861e-40 7.54443401e-40 1.03180153e-39 7.45881861e-40 7.54443401e-40 1.03180153e-39 1.48616203e-07 1.50138599e-07 2.05122871e-07
1.49000000e+04 7.50450719e-40 7.59056830e-40 1.03651744e-39 7.50450719e-40 7.59056830e-40 1.03651744e-39 1.50941624e-07 1.52784265e-07 2.07584496e-07
1.50000000e+04 7.55024241e-40 7.63673500e-40 1.04123389e-39 7.55024241e-40 7.63673500e-40 1.04123389e-39 1.53453410e-07 1.55224601e-07 2.11123061e-07
1.51000000e+04 7.59602338e-40 7.68293336e-40 1.04595082e-39 7.59602338e-40 7.68293336e-40 1.04595082e-39 1.55933594e-07 1.57297313e-07 2.14697671e-07
1.52000000e+04 7.64184916e-40 7.72916268e-40 1.05066820e-39 7.64184916e-40 7.72916268e-40 1.05066820e-39 1.58406809e-07 1.59986432e-07 2.17853299e-07
1.53000000e+04 7.68771886e-40 7.77542225e-40 1.05538599e-39 7.68771886e-40 7.77542225e-40 1.05538599e-39 1.60904231e-07 1.62518266e-07 2.20824441e-07
1.54000000e+04 7.73363159e-40 7.82171137e-40 1.06010414e-39 7.73363159e-40 7.82171137e-40 1.06010414e-39 1.63514464e-07 1.65420950e-07 2.23025493e-07
1.55000000e+04 7.77958647e-40 7.86802935e-40 1.06482262e-39 7.77958647e-40 7.86802935e-40 1.06482262e-39 1.66024349e-07 1.68057003e-07 2.26373088e-07
1.56000000e+04 7.82558262e-40 7.91437551e-40 1.06954138e-39 7.82558262e-40 7.91437551e-40 1.06954138e-39 1.68766701e-07 1.70354023e-07 2.30577230e-07
1.57000000e+04 7.87161918e-40 7.96074918e-40 1.07426039e-39 7.87161918e-40 7.96074918e-40 1.07426039e-39 1.71245939e-07 1.73256422e-07 2.33887370e-07
1.58000000e+04 7.91769530e-40 8.00714968e-40 1.07897960e-39 7.91769530e-40 8.00714968e-40 1.07897960e-39 1.73774166e-07 1.76001053e-07 2.35915414e-07
1.59000000e+04 7.96381012e-40 8.05357636e-40 1.08369897e-39 7.96381012e-40 8.05357636e-40 1.08369897e-39 1.76730643e-07 1.78687210e-07 2.39933903e-07
1.60000000e+04 8.00996282e-40 8.10002856e-40 1.08841847e-39 8.00996282e-40 8.10002856e-40 1.08841847e-39 1.79236101e-07 1.81272632e-07 2.43117485e-07
1.61000000e+04 8.05615256e-40 8.14650565e-40 1.09313806e-39 8.05615256e-40 8.14650565e-40 1.09313806e-39 1.82101801e-07 1.84041942e-07 2.46713343e-07
1.62000000e+04 8.10237853e-40 8.19300697e-40 1.09785769e-39 8.10237853e-40 8.19300697e-40 1.09785769e-39 1.84531423e-07 1.86672255e-07 2.50426180e-07
1.63000000e+04 8.14863992e-40 8.23953191e-40 1.10257734e-39 8.14863992e-40 8.23953191e-40 1.10257734e-39 1.87477821e-07 1.89569850e-07 2.53503425e-07
1.64000000e+04 8.19493594e-40 8.28607984e-40 1.10729696e-39 8.19493594e-40 8.28607984e-40 1.10729696e-39 1.90048053e-07 1.91767134e-07 2.57343362e-07
1.65000000e+04 8.24126577e-40 8.33265015e-40 1.11201652e-39 8.24126577e-40 8.33265015e-40 1.11201652e-39 1.92870193e-07 1.95466768e-07 2.60514686e-07
1.66000000e+04 8.28762866e-40 8.37924222e-40 1.11673598e-39 8.28762866e-40 8.37924222e-40 1.11673598e-39 1.96122295e-07 1.98251066e-07 2.63333045e-07
1.67000000e+04 8.33402382e-40 8.42585544e-40 1.12145530e-39 8.33402382e-40 8.42585544e-40 1.12145530e-39 1.98933324e-07 2.00899376e-07 2.67754517e-07
1.68000000e+04 8.38045048e-40 8.47248924e-40 1.12617444e-39 8.38045048e-40 8.47248924e-40 1.12617444e-39 2.01830633e-07 2.03710489e-07 2.71033287e-07
1.69000000e+04 8.42690789e-40 8.51914301e-40 1.13089338e-39 8.42690789e-40 8.51914301e-40 1.13089338e-39 2.04911826e-07 2.06871202e-07 2.74848742e-07
1.70000000e+04 8.47339531e-40 8.56581617e-40 1.13561207e-39 8.47339531e-40 8.56581617e-40 1.13561207e-39 2.07823636e-07 2.10100803e-07 2.78054164e-07
1.71000000e+04 8.51991199e-40 8.61250814e-40 1.14033048e-39 8.51991199e-40 8.61250814e-40 1.14033048e-39 2.10595744e-07 2.13150270e-07 2.81673851e-07
1.72000000e+04 8.56645719e-40 8.65921836e-40 1.14504857e-39 8.56645719e-40 8.65921836e-40 1.14504857e-39 2.13680457e-07 2.16021759e-07 2.85830512e-07
1.73000000e+04 8.61303021e-40 8.70594626e-40 1.14976632e-39 8.61303021e-40 8.70594626e-40 1.14976632e-39 2.16735279e-07 2.19071633e-07 2.89462239e-07
1.74000000e+04 8.65963031e-40 8.75269129e-40 1.15448367e-39 8.65963031e-40 8.75269129e-40 1.15448367e-39 2.19972470e-07 2.22198543e-07 2.92568174e-07
1.75000000e+04 8.70625680e-40 8.79945288e-40 1.15920061e-39 8.70625680e-40 8.79945288e-40 1.15920061e-39 2.22834302e-07 2.24797935e-07 2.95822826e-07
1.76000000e+04 8.75290897e-40 8.84623050e-40 1.16391710e-39 8.75290897e-40 8.84623050e-40 1.16391710e-39 2.25847315e-07 2.27437182e-07 3.00421896e-07
1.77000000e+04 8.79958614e-40 8.89302361e-40 1.16863309e-39 8.79958614e-40 8.89302361e-40 1.16863309e-39 2.29278675e-07 2.31236641e-07 3.03885928e-07
1.78000000e+04 8.84628761e-40 8.93983166e-40 1.17334857e-39 8.84628761e-40 8.93983166e-40 1.17334857e-39 2.32300946e-07 2.34964329e-07 3.07373567e-07
1.79000000e+04 8.89301272e-40 8.98665413e-40 1.17806350e-39 8.89301272e-40 8.98665413e-40 1.17806350e-39 2.35611454e-07 2.37965539e-07 3.12154963e-07
1.80000000e+04 8.93976079e-40 9.03349050e-40 1.18277784e-39 8.93976079e-40 9.03349050e-40 1.18277784e-39 2.38498258e-07 2.40497276e-07 3.15575303e-07
1.81000000e+04 8.98653116e-40 9.08034026e-40 1.18749156e-39 8.98653116e-40 9.08034026e-40 1.18749156e-39 2.42126903e-07 2.44534310e-07 3.19945168e-07
1.82000000e+04 9.03332319e-40 9.12720288e-40 1.19220463e-39 9.03332319e-40 9.12720288e-40 1.19220463e-39 2.45279060e-07 2.46790778e-07 3.23281223e-07
1.83000000e+04 9.08013622e-40 9.17407786e-40 1.19691703e-39 9.08013622e-40 9.17407786e-40 1.19691703e-39 2.48424838e-07 2.50563919e-07 3.27542359e-07
1.84000000e+04 9.12696961e-40 9.22096471e-40 1.20162871e-39 9.12696961e-40 9.22096471e-40 1.20162871e-39 2.51878084e-07 2.53773056e-07 3.31831821e-07
1.85000000e+04 9.17382274e-40 9.26786292e-40 1.20633964e-39 9.17382274e-40 9.26786292e-40 1.20633964e-39 2.55321264e-07 2.56950797e-07 3.35165054e-07
1.86000000e+04 9.22069497e-40 9.31477200e-40 1.21104980e-39 9.22069497e-40 9.31477200e-40 1.21104980e-39 2.58754467e-07 2.61364665e-07 3.39625747e-07
1.87000000e+04 9.26758570e-40 9.36169148e-40 1.21575916e-39 9.26758570e-40 9.36169148e-40 1.21575916e-39 2.62147609e-07 2.63669813e-07 3.43392261e-07
1.88000000e+04 9.31449431e-40 9.40862087e-40 1.22046768e-39 9.31449431e-40 9.40862087e-40 1.22046768e-39 2.65421576e-07 2.67965456e-07 3.47966974e-07
1.89000000e+04 9.36142019e-40 9.45555969e-40 1.22517534e-39 9.36142019e-40 9.45555969e-40 1.22517534e-39 2.68860990e-07 2.70556457e-07 3.52134413e-07
1.90000000e+04 9.40836276e-40 9.50250748e-40 1.22988210e-39 9.40836276e-40 9.50250748e-40 1.22988210e-39 2.72597423e-07 2.74538784e-07 3.54855136e-07
1.91000000e+04 9.45532142e-40 9.54946377e-40 1.23458794e-39 9.45532142e-40 9.54946377e-40 1.23458794e-39 2.76078421e-07 2.78464118e-07 3.59478451e-07
1.92000000e+04 9.50229559e-40 9.59642810e-40 1.23929283e-39 9.50229559e-40 9.59642810e-40 1.23929283e-39 2.79760229e-07 2.82459780e-07 3.62991077e-07
1.93000000e+04 9.54928470e-40 9.64340002e-40 1.24399673e-39 9.54928470e-40 9.64340002e-40 1.24399673e-39 2.83010450e-07 2.85964903e-07 3.67903257e-07
1.94000000e+04 9.59628816e-40 9.69037907e-40 1.24869963e-39 9.59628816e-40 9.69037907e-40 1.24869963e-39 2.86300417e-07 2.89207593e-07 3.72941469e-07
1.95000000e+04 9.64330543e-40 9.73736482e-40 1.25340149e-39 9.64330543e-40 9.73736482e-40 1.25340149e-39 2.90299235e-07 2.93344242e-07 3.77702507e-07
1.96000000e+04 9.69033594e-40 9.78435681e-40 1.25810228e-39 9.69033594e-40 9.78435681e-40 1.25810228e-39 2.94050027e-07 2.96997536e-07 3.81814900e-07
1.97000000e+04 9.73737914e-40 9.83135462e-40 1.26280197e-39 9.73737914e-40 9.83135462e-40 1.26280197e-39 2.97926451e-07 3.00178319e-07 3.85160728e-07
1.98000000e+04 9.78443449e-40 9.87835782e-40 1.26750055e-39 9.78443449e-40 9.87835782e-40 1.26750055e-39 3.01714614e-07 3.03170075e-07 3.90521007e-07
1.99000000e+04 9.83150145e-40 9.92536597e-40 1.27219798e-39 9.83150145e-40 9.92536597e-40 1.27219798e-39 3.04948652e-07 3.08397093e-07 3.94298414e-07
2.00000000e+04 9.87857949e-40 9.97237865e-40 1.27689424e-39 9.87857949e-40 9.97237865e-40 1.27689424e-39 3.09266726e-07 3.12060028e-07 3.99181965e-07
2.01000000e+04 9.92566808e-40 1.00193954e-39 1.28158929e-39 9.92566808e-40 1.00193954e-39 1.28158929e-39 3.12859653e-07 3.15342804e-07 4.03857287e-07
2.02000000e+04 9.97276671e-40 1.00664159e-39 1.28628312e-39 9.97276671e-40 1.00664159e-39 1.28628312e-39 3.16523540e-07 3.19255987e-07 4.08185293e-07
2.03000000e+04 1.00198749e-39 1.01134397e-39 1.29097569e-39 1.00198749e-39 1.01134397e-39 1.29097569e-39 3.20401400e-07 3.23404699e-07 4.12308288e-07
2.04000000e+04 1.00669920e-39 1.01604664e-39 1.29566699e-39 1.00669920e-39 1.01604664e-39 1.29566699e-39 3.24398753e-07 3.26945755e-07 4.16971658e-07
2.05000000e+04 1.01141177e-39 1.02074956e-39 1.30035698e-39 1.01141177e-39 1.02074956e-39 1.30035698e-39 3.28247679e-07 3.31363287e-07 4.21470430e-07
2.06000000e+04 1.01612514e-39 1.02545269e-39 1.30504564e-39 1.01612514e-39 1.02545269e-39 1.30504564e-39 3.32432659e-07 3.34991013e-07 4.27085048e-07
2.07000000e+04 1.02083926e-39 1.03015598e-39 1.30973295e-39 1.02083926e-39 1.03015598e-39 1.30973295e-39 3.36446056e-07 3.39429002e-07 4.30816734e-07
2.08000000e+04 1.02555408e-39 1.03485941e-39 1.31441888e-39 1.02555408e-39 1.03485941e-39 1.31441888e-39 3.40499899e-07 3.43091459e-07 4.36117068e-07
2.09000000e+04 1.03026956e-39 1.03956293e-39 1.31910341e-39 1.03026956e-39 1.03956293e-39 1.31910341e-39 3.44150437e-07 3.47101269e-07 4.40353798e-07
2.10000000e+04 1.03498565e-39 1.04426651e-39 1.32378651e-39 1.03498565e-39 1.04426651e-39 1.32378651e-39 3.48150826e-07 3.51436522e-07 4.44490733e-07
2.11000000e+04 1.03970230e-39 1.04897010e-39 1.32846816e-39 1.03970230e-39 1.04897010e-39 1.32846816e-39 3.52210773e-07 3.55829677e-07 4.50203130e-07
2.12000000e+04 1.04441946e-39 1.05367368e-39 1.33314834e-39 1.04441946e-39 1.05367368e-39 1.33314834e-39 3.56338173e-07 3.59756300e-07 4.54535152e-07
2.13000000e+04 1.04913710e-39 1.05837719e-39 1.33782702e-39 1.04913710e-39 1.05837719e-39 1.33782702e-39 3.60821071e-07 3.62700640e-07 4.57896212e-07
2.14000000e+04 1.05385516e-39 1.06308062e-39 1.34250418e-39 1.05385516e-39 1.06308062e-39 1.34250418e-39 3.64315147e-07 3.68190025e-07 4.62902963e-07
2.15000000e+04 1.05857360e-39 1.06778392e-39 1.34717979e-39 1.05857360e-39 1.06778392e-39 1.34717979e-39 3.69106782e-07 3.71208698e-07 4.68040684e-07
2.16000000e+04 1.06329237e-39 1.07248705e-39 1.35185384e-39 1.06329237e-39 1.07248705e-39 1.35185384e-39 3.73172751e-07 3.76695209e-07 4.74111144e-07
2.17000000e+04 1.06801144e-39 1.07718998e-39 1.35652631e-39 1.06801144e-39 1.07718998e-39 1.35652631e-39 3.77778850e-07 3.79800828e-07 4.78919395e-07
2.18000000e+04 1.07273075e-39 1.08189268e-39 1.36119716e-39 1.07273075e-39 1.08189268e-39 1.36119716e-39 3.81550610e-07 3.85290551e-07 4.83963057e-07
2.19000000e+04 1.07745027e-39 1.08659511e-39 1.36586638e-39 1.07745027e-39 1.08659511e-39 1.36586638e-39 3.86166820e-07 3.89667358e-07 4.89803323e-07
2.20000000e+04 1.08216996e-39 1.09129723e-39 1.37053395e-39 1.08216996e-39 1.09129723e-39 1.37053395e-39 3.90568104e-07 3.93240136e-07 4.93696643e-07
2.21000000e+04 1.08688976e-39 1.09599902e-39 1.37519985e-39 1.08688976e-39 1.09599902e-39 1.37519985e-39 3.94912985e-07 3.98498443e-07 4.99601039e-07
2.22000000e+04 1.09160965e-39 1.10070044e-39 1.37986405e-39 1.09160965e-39 1.10070044e-39 1.37986405e-39 3.99210353e-07 4.02291256e-07 5.04668964e-07
2.23000000e+04 1.09632958e-39 1.10540146e-39 1.38452653e-39 1.09632958e-39 1.10540146e-39 1.38452653e-39 4.03745373e-07 4.07241103e-07 5.10172640e-07
2.24000000e+04 1.10104950e-39 1.11010204e-39 1.38918728e-39 1.10104950e-39 1.11010204e-39 1.38918728e-39 4.08468171e-07 4.11727214e-07 5.14936573e-07
2.25000000e+04 1.10576939e-39 1.11480215e-39 1.39384627e-39 1.10576939e-39 1.11480215e-39 1.39384627e-39 4.13082210e-07 4.16304182e-07 5.19873900e-07
2.26000000e+04 1.11048920e-39 1.11950177e-39 1.39850348e-39 1.11048920e-39 1.11950177e-39 1.39850348e-39 4.17509848e-07 4.19460598e-07 5.24902123e-07
2.27000000e+04 1.11520889e-39 1.12420085e-39 1.40315890e-39 1.11520889e-39 1.12420085e-39 1.40315890e-39 4.21213394e-07 4.25387898e-07 5.30754650e-07
2.28000000e+04 1.11992842e-39 1.12889937e-39 1.40781250e-39 1.11992842e-39 1.12889937e-39 1.40781250e-39 4.26760371e-07 4.28326967e-07 5.34814800e-07
2.29000000e+04 1.12464776e-39 1.13359730e-39 1.41246426e-39 1.12464776e-39 1.13359730e-39 1.41246426e-39 4.31258008e-07 4.34783253e-07 5.41713796e-07
2.30000000e+04 1.12936686e-39 1.13829460e-39 1.41711418e-39 1.12936686e-39 1.13829460e-39 1.41711418e-39 4.35920931e-07 4.39484842e-07 5.46310939e-07
2.31000000e+04 1.13408570e-39 1.14299124e-39 1.42176221e-39 1.13408570e-39 1.14299124e-39 1.42176221e-39 4.40600384e-07 4.42985135e-07 5.51914949e-07
2.32000000e+04 1.13880423e-39 1.14768721e-39 1.42640836e-39 1.13880423e-39 1.14768721e-39 1.42640836e-39 4.45215937e-07 4.48608457e-07 5.56952379e-07
2.33000000e+04 1.14352241e-39 1.15238246e-39 1.43105259e-39 1.14352241e-39 1.15238246e-39 1.43105259e-39 4.49608713e-07 4.53121592e-07 5.61398162e-07
2.34000000e+04 1.14824022e-39 1.15707696e-39 1.43569489e-39 1.14824022e-39 1.15707696e-39 1.43569489e-39 4.54538672e-07 4.57208179e-07 5.67494247e-07
2.35000000e+04 1.15295762e-39 1.16177070e-39 1.44033525e-39 1.15295762e-39 1.16177070e-39 1.44033525e-39 4.59407459e-07 4.63229481e-07 5.73672643e-07
2.36000000e+04 1.15767456e-39 1.16646363e-39 1.44497364e-39 1.15767456e-39 1.16646363e-39 1.44497364e-39 4.64457693e-07 4.67977288e-07 5.79755732e-07
2.37000000e+04 1.16239103e-39 1.17115573e-39 1.44961005e-39 1.16239103e-39 1.17115573e-39 1.44961005e-39 4.69413641e-07 4.72917251e-07 5.84544176e-07
2.38000000e+04 1.16710697e-39 1.17584698e-39 1.45424446e-39 1.16710697e-39 1.17584698e-39 1.45424446e-39 4.74272025e-07 4.76447630e-07 5.90364995e-07
2.39000000e+04 1.17182237e-39 1.18053734e-39 1.45887685e-39 1.17182237e-39 1.18053734e-39 1.45887685e-39 4.78918571e-07 4.82681353e-07 5.95948664e-07
2.40000000e+04 1.17653718e-39 1.18522679e-39 1.46350721e-39 1.17653718e-39 1.18522679e-39 1.46350721e-39 4.83665996e-07 4.87404751e-07 6.01538596e-07
2.41000000e+04 1.18125137e-39 1.18991530e-39 1.46813551e-39 1.18125137e-39 1.18991530e-39 1.46813551e-39 4.88289690e-07 4.91654528e-07 6.07865186e-07
2.42000000e+04 1.18596492e-39 1.19460284e-39 1.47276175e-39 1.18596492e-39 1.19460284e-39 1.47276175e-39 4.94063017e-07 4.96344549e-07 6.13415423e-07
2.43000000e+04 1.19067778e-39 1.19928939e-39 1.47738591e-39 1.19067778e-39 1.19928939e-39 1.47738591e-39 4.99208540e-07 5.02058839e-07 6.18460093e-07
2.44000000e+04 1.19538992e-39 1.20397492e-39 1.48200796e-39 1.19538992e-39 1.20397492e-39 1.48200796e-39 5.03138990e-07 5.05659775e-07 6.24471808e-07
2.45000000e+04 1.20010132e-39 1.20865941e-39 1.48662790e-39 1.20010132e-39 1.20865941e-39 1.48662790e-39 5.08291355e-07 5.11505111e-07 6.30184236e-07
2.46000000e+04 1.20481195e-39 1.21334282e-39 1.49124571e-39 1.20481195e-39 1.21334282e-39 1.49124571e-39 5.14184012e-07 5.16857464e-07 6.36553169e-07
2.47000000e+04 1.20952176e-39 1.21802514e-39 1.49586137e-39 1.20952176e-39 1.21802514e-39 1.49586137e-39 5.19486959e-07 5.22495073e-07 6.42534905e-07
2.48000000e+04 1.21423074e-39 1.22270634e-39 1.50047487e-39 1.21423074e-39 1.22270634e-39 1.50047487e-39 5.23655147e-07 5.27231941e-07 6.46786207e-07
2.49000000e+04 1.21893885e-39 1.22738640e-39 1.50508619e-39 1.21893885e-39 1.22738640e-39 1.50508619e-39 5.29632142e-07 5.33057216e-07 6.54336874e-07
2.50000000e+04 1.22364606e-39 1.23206528e-39 1.50969531e-39 1.22364606e-39 1.23206528e-39 1.50969531e-39 5.34509857e-07 5.38643615e-07 6.58876829e-07
2.51000000e+04 1.22835235e-39 1.23674297e-39 1.51430223e-39 1.22835235e-39 1.23674297e-39 1.51430223e-39 5.40176541e-07 5.42342438e-07 6.64418434e-07
2.52000000e+04 1.23305768e-39 1.24141944e-39 1.51890693e-39 1.23305768e-39 1.24141944e-39 1.51890693e-39 5.45769654e-07 5.49368842e-07 6.72361152e-07
2.53000000e+04 1.23776203e-39 1.24609466e-39 1.52350939e-39 1.23776203e-39 1.24609466e-39 1.52350939e-39 5.50562484e-07 5.54334088e-07 6.78566268e-07
2.54000000e+04 1.24246536e-39 1.25076862e-39 1.52810960e-39 1.24246536e-39 1.25076862e-39 1.52810960e-39 5.56559439e-07 5.59218054e-07 6.82895394e-07
2.55000000e+04 1.24716765e-39 1.25544130e-39 1.53270755e-39 1.24716765e-39 1.25544130e-39 1.53270755e-39 5.61808567e-07 5.65115999e-07 6.89497862e-07
2.56000000e+04 1.25186887e-39 1.26011266e-39 1.53730321e-39 1.25186887e-39 1.26011266e-39 1.53730321e-39 5.67392043e-07 5.68888089e-07 6.94311501e-07
2.57000000e+04 1.25656900e-39 1.26478268e-39 1.54189659e-39 1.25656900e-39 1.26478268e-39 1.54189659e-39 5.72865535e-07 5.76150621e-07 7.01605577e-07
2.58000000e+04 1.26126801e-39 1.26945135e-39 1.54648765e-39 1.26126801e-39 1.26945135e-39 1.54648765e-39 5.78338367e-07 5.81707826e-07 7.09257184e-07
2.59000000e+04 1.26596586e-39 1.27411864e-39 1.55107640e-39 1.26596586e-39 1.27411864e-39 1.55107640e-39 5.82963054e-07 5.86891556e-07 7.15445730e-07
2.60000000e+04 1.27066254e-39 1.27878453e-39 1.55566282e-39 1.27066254e-39 1.27878453e-39 1.55566282e-39 5.89207615e-07 5.92886611e-07 7.20419534e-07
2.61000000e+04 1.27535802e-39 1.28344900e-39 1.56024689e-39 1.27535802e-39 1.28344900e-39 1.56024689e-39 5.95023865e-07 5.97733268e-07 7.27397166e-07
2.62000000e+04 1.28005227e-39 1.28811202e-39 1.56482860e-39 1.28005227e-39 1.28811202e-39 1.56482860e-39 6.00582365e-07 6.04145413e-07 7.34460706e-07
2.63000000e+04 1.28474527e-39 1.29277358e-39 1.56940795e-39 1.28474527e-39 1.29277358e-39 1.56940795e-39 6.06483835e-07 6.10049334e-07 7.40309480e-07
2.64000000e+04 1.28943699e-39 1.29743365e-39 1.57398491e-39 1.28943699e-39 1.29743365e-39 1.57398491e-39 6.11109153e-07 6.15963075e-07 7.46953594e-07
2.65000000e+04 1.29412741e-39 1.30209221e-39 1.57855947e-39 1.29412741e-39 1.30209221e-39 1.57855947e-39 6.17146764e-07 6.21222847e-07 7.51269246e-07
2.66000000e+04 1.29881651e-39 1.30674925e-39 1.58313163e-39 1.29881651e-39 1.30674925e-39 1.58313163e-39 6.23688780e-07 6.25100165e-07 7.60037295e-07
2.67000000e+04 1.30350425e-39 1.31140474e-39 1.58770136e-39 1.30350425e-39 1.31140474e-39 1.58770136e-39 6.29041974e-07 6.31860307e-07 7.65719340e-07
2.68000000e+04 1.30819061e-39 1.31605866e-39 1.59226867e-39 1.30819061e-39 1.31605866e-39 1.59226867e-39 6.35003567e-07 6.36543957e-07 7.72246089e-07
2.69000000e+04 1.31287558e-39 1.32071099e-39 1.59683353e-39 1.31287558e-39 1.32071099e-39 1.59683353e-39 6.40773645e-07 6.41903669e-07 7.78514387e-07
2.70000000e+04 1.31755912e-39 1.32536172e-39 1.60139594e-39 1.31755912e-39 1.32536172e-39 1.60139594e-39 6.46788959e-07 6.49436431e-07 7.84499074e-07
2.71000000e+04 1.32224122e-39 1.33001082e-39 1.60595588e-39 1.32224122e-39 1.33001082e-39 1.60595588e-39 6.52205732e-07 6.56567746e-07 7.90395760e-07
2.72000000e+04 1.32692185e-39 1.33465828e-39 1.61051335e-39 1.32692185e-39 1.33465828e-39 1.61051335e-39 6.58472984e-07 6.61445441e-07 7.98943620e-07
2.73000000e+04 1.33160099e-39 1.33930407e-39 1.61506833e-39 1.33160099e-39 1.33930407e-39 1.61506833e-39 6.64689324e-07 6.68504711e-07 8.03930464e-07
2.74000000e+04 1.33627862e-39 1.34394818e-39 1.61962080e-39 1.33627862e-39 1.34394818e-39 1.61962080e-39 6.70784587e-07 6.73526372e-07 8.12913072e-07
2.75000000e+04 1.34095472e-39 1.34859059e-39 1.62417077e-39 1.34095472e-39 1.34859059e-39 1.62417077e-39 6.76203646e-07 6.79607664e-07 8.19363653e-07
2.76000000e+04 1.34562926e-39 1.35323128e-39 1.62871822e-39 1.34562926e-39 1.35323128e-39 1.62871822e-39 6.82265402e-07 6.85745306e-07 8.25304039e-07
2.77000000e+04 1.35030222e-39 1.35787023e-39 1.63326314e-39 1.35030222e-39 1.35787023e-39 1.63326314e-39 6.88900908e-07 6.89993145e-07 8.32011058e-07
2.78000000e+04 1.35497358e-39 1.36250743e-39 1.63780552e-39 1.35497358e-39 1.36250743e-39 1.63780552e-39 6.94442884e-07 6.98205239e-07 8.36830964e-07
2.79000000e+04 1.35964332e-39 1.36714285e-39 1.64234535e-39 1.35964332e-39 1.36714285e-39 1.64234535e-39 7.01038758e-07 7.02839287e-07 8.45560503e-07
2.80000000e+04 1.36431142e-39 1.37177649e-39 1.64688262e-39 1.36431142e-39 1.37177649e-39 1.64688262e-39 7.07052163e-07 7.11334677e-07 8.50044375e-07
2.81000000e+04 1.36897786e-39 1.37640832e-39 1.65141731e-39 1.36897786e-39 1.37640832e-39 1.65141731e-39 7.13117138e-07 7.17234162e-07 8.59516122e-07
2.82000000e+04 1.37364262e-39 1.38103832e-39 1.65594943e-39 1.37364262e-39 1.38103832e-39 1.65594943e-39 7.19667910e-07 7.22366989e-07 8.65157657e-07
2.83000000e+04 1.37830568e-39 1.38566648e-39 1.66047896e-39 1.37830568e-39 1.38566648e-39 1.66047896e-39 7.25878000e-07 7.29856005e-07 8.73758547e-07
2.84000000e+04 1.38296702e-39 1.39029279e-39 1.66500589e-39 1.38296702e-39 1.39029279e-39 1.66500589e-39 7.31975215e-07 7.35257411e-07 8.81970438e-07
2.85000000e+04 1.38762662e-39 1.39491722e-39 1.66953021e-39 1.38762662e-39 1.39491722e-39 1.66953021e-39 7.38892670e-07 7.41773063e-07 8.88962655e-07
2.86000000e+04 1.39228446e-39 1.39953976e-39 1.67405191e-39 1.39228446e-39 1.39953976e-39 1.67405191e-39 7.45035329e-07 7.47642703e-07 8.93941208e-07
2.87000000e+04 1.39694053e-39 1.40416040e-39 1.67857099e-39 1.39694053e-39 1.40416040e-39 1.67857099e-39 7.50931400e-07 7.53269841e-07 9.03345861e-07
2.88000000e+04 1.40159480e-39 1.40877911e-39 1.68308743e-39 1.40159480e-39 1.40877911e-39 1.68308743e-39 7.57881682e-07 7.59166260e-07 9.07424273e-07
2.89000000e+04 1.40624725e-39 1.41339589e-39 1.68760123e-39 1.40624725e-39 1.41339589e-39 1.68760123e-39 7.64635514e-07 7.66630911e-07 9.16576019e-07
2.90000000e+04 1.41089787e-39 1.41801071e-39 1.69211237e-39 1.41089787e-39 1.41801071e-39 1.69211237e-39 7.70813382e-07 7.72621971e-07 9.23341512e-07
2.91000000e+04 1.41554663e-39 1.42262357e-39 1.69662086e-39 1.41554663e-39 1.42262357e-39 1.69662086e-39 7.77536257e-07 7.80829528e-07 9.31412395e-07
2.92000000e+04 1.42019353e-39 1.42723444e-39 1.70112667e-39 1.42019353e-39 1.42723444e-39 1.70112667e-39 7.83669686e-07 7.85569837e-07 9.38692818e-07
2.93000000e+04 1.42483855e-39 1.43184332e-39 1.70562981e-39 1.42483855e-39 1.43184332e-39 1.70562981e-39 7.89770944e-07 7.92849271e-07 9.46128668e-07
2.94000000e+04 1.42948166e-39 1.43645018e-39 1.71013027e-39 1.42948166e-39 1.43645018e-39 1.71013027e-39 7.97470561e-07 7.99055417e-07 9.52910454e-07
2.95000000e+04 1.43412284e-39 1.44105502e-39 1.71462803e-39 1.43412284e-39 1.44105502e-39 1.71462803e-39 8.03154107e-07 8.06891533e-07 9.60182175e-07
2.96000000e+04 1.43876209e-39 1.44565782e-39 1.71912309e-39 1.43876209e-39 1.44565782e-39 1.71912309e-39 8.10720066e-07 8.12308859e-07 9.66314786e-07
2.97000000e+04 1.44339939e-39 1.45025856e-39 1.72361544e-39 1.44339939e-39 1.45025856e-39 1.72361544e-39 8.17485920e-07 8.17978092e-07 9.73166790e-07
2.98000000e+04 1.44803472e-39 1.45485723e-39 1.72810507e-39 1.44803472e-39 1.45485723e-39 1.72810507e-39 8.23118348e-07 8.27223272e-07 9.81983866e-07
2.99000000e+04 1.45266806e-39 1.45945382e-39 1.73259198e-39 1.45266806e-39 1.45945382e-39 1.73259198e-39 8.29512186e-07 8.32029798e-07 9.90931929e-07
3.00000000e+04 1.45729939e-39 1.46404831e-39 1.73707616e-39 1.45729939e-39 1.46404831e-39 1.73707616e-39 8.37729223e-07 8.38408879e-07 9.94071764e-07
3.01000000e+04 1.46192871e-39 1.46864069e-39 1.74155760e-39 1.46192871e-39 1.46864069e-39 1.74155760e-39 8.44825993e-07 8.46284328e-07 1.00483831e-06
3.02000000e+04 1.46655599e-39 1.47323095e-39 1.74603630e-39 1.46655599e-39 1.47323095e-39 1.74603630e-39 8.50345886e-07 8.52894765e-07 1.01349824e-06
3.03000000e+04 1.47118122e-39 1.47781908e-39 1.75051225e-39 1.47118122e-39 1.47781908e-39 1.75051225e-39 8.58574293e-07 8.60841569e-07 1.01770113e-06
3.04000000e+04 1.47580439e-39 1.48240505e-39 1.75498543e-39 1.47580439e-39 1.48240505e-39 1.75498543e-39 8.65509160e-07 8.69591445e-07 1.02759795e-06
3.05000000e+04 1.48042548e-39 1.48698886e-39 1.75945585e-39 1.48042548e-39 1.48698886e-39 1.75945585e-39 8.71447307e-07 8.76517816e-07 1.03536492e-06
3.06000000e+04 1.48504447e-39 1.49157050e-39 1.76392350e-39 1.48504447e-39 1.49157050e-39 1.76392350e-39 8.78605645e-07 8.79995257e-07 1.04497103e-06
3.07000000e+04 1.48966135e-39 1.49614995e-39 1.76838837e-39 1.48966135e-39 1.49614995e-39 1.76838837e-39 8.86103634e-07 8.89146493e-07 1.05208582e-06
3.08000000e+04 1.49427611e-39 1.50072720e-39 1.77285046e-39 1.49427611e-39 1.50072720e-39 1.77285046e-39 8.93724935e-07 8.94450173e-07 1.05754829e-06
3.09000000e+04 1.49888873e-39 1.50530224e-39 1.77730975e-39 1.49888873e-39 1.50530224e-39 1.77730975e-39 8.99408717e-07 9.03777476e-07 1.06537860e-06
3.10000000e+04 1.50349920e-39 1.50987506e-39 1.78176624e-39 1.50349920e-39 1.50987506e-39 1.78176624e-39 9.07690954e-07 9.10934358e-07 1.07317579e-06
3.11000000e+04 1.50810750e-39 1.51444564e-39 1.78621994e-39 1.50810750e-39 1.51444564e-39 1.78621994e-39 9.14259061e-07 9.15387823e-07 1.08205916e-06
3.12000000e+04 1.51271362e-39 1.51901397e-39 1.79067082e-39 1.51271362e-39 1.51901397e-39 1.79067082e-39 9.22273298e-07 9.23299592e-07 1.09125232e-06
3.13000000e+04 1.51731755e-39 1.52358005e-39 1.79511889e-39 1.51731755e-39 1.52358005e-39 1.79511889e-39 9.29829479e-07 9.32510512e-07 1.09916197e-06
3.14000000e+04 1.52191927e-39 1.52814386e-39 1.79956413e-39 1.52191927e-39 1.52814386e-39 1.79956413e-39 9.36525218e-07 9.41053356e-07 1.10795509e-06
3.15000000e+04 1.52651877e-39 1.53270538e-39 1.80400655e-39 1.52651877e-39 1.53270538e-39 1.80400655e-39 9.43703253e-07 9.46925551e-07 1.11435725e-06
3.16000000e+04 1.53111604e-39 1.53726462e-39 1.80844614e-39 1.53111604e-39 1.53726462e-39 1.80844614e-39 9.51191223e-07 9.53714980e-07 1.12199178e-06
3.17000000e+04 1.53571106e-39 1.54182155e-39 1.81288289e-39 1.53571106e-39 1.54182155e-39 1.81288289e-39 9.59324367e-07 9.61678805e-07 1.13011206e-06
3.18000000e+04 1.54030383e-39 1.54637616e-39 1.81731680e-39 1.54030383e-39 1.54637616e-39 1.81731680e-39 9.65968508e-07 9.67543069e-07 1.13981617e-06
3.19000000e+04 1.54489432e-39 1.55092846e-39 1.82174786e-39 1.54489432e-39 1.55092846e-39 1.82174786e-39 9.72993686e-07 9.76860987e-07 1.14517590e-06
3.20000000e+04 1.54948253e-39 1.55547841e-39 1.82617606e-39 1.54948253e-39 1.55547841e-39 1.82617606e-39 9.79602609e-07 9.83588525e-07 1.15254364e-06
3.21000000e+04 1.55406845e-39 1.56002603e-39 1.83060141e-39 1.55406845e-39 1.56002603e-39 1.83060141e-39 9.89221698e-07 9.91545513e-07 1.15989995e-06
3.22000000e+04 1.55865205e-39 1.56457128e-39 1.83502389e-39 1.55865205e-39 1.56457128e-39 1.83502389e-39 9.96417698e-07 9.96382238e-07 1.17144578e-06
3.23000000e+04 1.56323334e-39 1.56911418e-39 1.83944351e-39 1.56323334e-39 1.56911418e-39 1.83944351e-39 1.00369455e-06 1.00769131e-06 1.17823489e-06
3.24000000e+04 1.56781230e-39 1.57365469e-39 1.84386025e-39 1.56781230e-39 1.57365469e-39 1.84386025e-39 1.01147225e-06 1.01374107e-06 1.19020745e-06
3.25000000e+04 1.57238891e-39 1.57819282e-39 1.84827412e-39 1.57238891e-39 1.57819282e-39 1.84827412e-39 1.01914029e-06 1.02179920e-06 1.19429301e-06
3.26000000e+04 1.57696318e-39 1.58272856e-39 1.85268511e-39 1.57696318e-39 1.58272856e-39 1.85268511e-39 1.02632657e-06 1.02888479e-06 1.20152053e-06
3.27000000e+04 1.58153507e-39 1.58726189e-39 1.85709320e-39 1.58153507e-39 1.58726189e-39 1.85709320e-39 1.03393660e-06 1.03701774e-06 1.21370736e-06
3.28000000e+04 1.58610459e-39 1.59179281e-39 1.86149841e-39 1.58610459e-39 1.59179281e-39 1.86149841e-39 1.04228520e-06 1.04196439e-06 1.22267771e-06
3.29000000e+04 1.59067173e-39 1.59632131e-39 1.86590072e-39 1.59067173e-39 1.59632131e-39 1.86590072e-39 1.05032226e-06 1.05380376e-06 1.22856786e-06
3.30000000e+04 1.59523647e-39 1.60084737e-39 1.87030014e-39 1.59523647e-39 1.60084737e-39 1.87030014e-39 1.05776352e-06 1.06193330e-06 1.24084383e-06
3.31000000e+04 1.59979880e-39 1.60537100e-39 1.87469665e-39 1.59979880e-39 1.60537100e-39 1.87469665e-39 1.06580781e-06 1.06887734e-06 1.24876025e-06
3.32000000e+04 1.60435871e-39 1.60989217e-39 1.87909025e-39 1.60435871e-39 1.60989217e-39 1.87909025e-39 1.07364107e-06 1.07585134e-06 1.25655542e-06
3.33000000e+04 1.60891619e-39 1.61441088e-39 1.88348094e-39 1.60891619e-39 1.61441088e-39 1.88348094e-39 1.08143473e-06 1.08481989e-06 1.26591873e-06
3.34000000e+04 1.61347123e-39 1.61892713e-39 1.88786872e-39 1.61347123e-39 1.61892713e-39 1.88786872e-39 1.08936695e-06 1.09150640e-06 1.27354239e-06
3.35000000e+04 1.61802383e-39 1.62344090e-39 1.89225358e-39 1.61802383e-39 1.62344090e-39 1.89225358e-39 1.09654247e-06 1.10112610e-06 1.28178419e-06
3.36000000e+04 1.62257397e-39 1.62795219e-39 1.89663552e-39 1.62257397e-39 1.62795219e-39 1.89663552e-39 1.10469397e-06 1.10852015e-06 1.29088364e-06
3.37000000e+04 1.62712164e-39 1.63246098e-39 1.90101453e-39 1.62712164e-39 1.63246098e-39 1.90101453e-39 1.11372571e-06 1.11658577e-06 1.30017223e-06
3.38000000e+04 1.63166683e-39 1.63696727e-39 1.90539061e-39 1.63166683e-39 1.63696727e-39 1.90539061e-39 1.12154986e-06 1.12503688e-06 1.30996042e-06
3.39000000e+04 1.63620953e-39 1.64147106e-39 1.90976376e-39 1.63620953e-39 1.64147106e-39 1.90976376e-39 1.13036767e-06 1.13359918e-06 1.31739965e-06
3.40000000e+04 1.64074974e-39 1.64597233e-39 1.91413397e-39 1.64074974e-39 1.64597233e-39 1.91413397e-39 1.13735040e-06 1.14166011e-06 1.32298514e-06
3.41000000e+04 1.64528744e-39 1.65047107e-39 1.91850124e-39 1.64528744e-39 1.65047107e-39 1.91850124e-39 1.14498355e-06 1.14925744e-06 1.33234141e-06
3.42000000e+04 1.64982263e-39 1.65496728e-39 1.92286557e-39 1.64982263e-39 1.65496728e-39 1.92286557e-39 1.15426400e-06 1.15557052e-06 1.34517098e-06
3.43000000e+04 1.65435530e-39 1.65946095e-39 1.92722696e-39 1.65435530e-39 1.65946095e-39 1.92722696e-39 1.16215477e-06 1.16502100e-06 1.35330324e-06
3.44000000e+04 1.65888543e-39 1.66395208e-39 1.93158539e-39 1.65888543e-39 1.66395208e-39 1.93158539e-39 1.17099581e-06 1.17006817e-06 1.36387365e-06
3.45000000e+04 1.66341303e-39 1.66844065e-39 1.93594088e-39 1.66341303e-39 1.66844065e-39 1.93594088e-39 1.17971821e-06 1.18330364e-06 1.36972419e-06
3.46000000e+04 1.66793807e-39 1.67292666e-39 1.94029341e-39 1.66793807e-39 1.67292666e-39 1.94029341e-39 1.18814086e-06 1.18968207e-06 1.38195761e-06
3.47000000e+04 1.67246056e-39 1.67741010e-39 1.94464298e-39 1.67246056e-39 1.67741010e-39 1.94464298e-39 1.19483736e-06 1.19966027e-06 1.38909899e-06
3.48000000e+04 1.67698048e-39 1.68189097e-39 1.94898960e-39 1.67698048e-39 1.68189097e-39 1.94898960e-39 1.20388920e-06 1.20814573e-06 1.39860496e-06
3.49000000e+04 1.68149783e-39 1.68636925e-39 1.95333325e-39 1.68149783e-39 1.68636925e-39 1.95333325e-39 1.21288303e-06 1.21407946e-06 1.40959203e-06
3.50000000e+04 1.68601260e-39 1.69084494e-39 1.95767394e-39 1.68601260e-39 1.69084494e-39 1.95767394e-39 1.22197654e-06 1.22460954e-06 1.41684207e-06
3.51000000e+04 1.69052477e-39 1.69531804e-39 1.96201166e-39 1.69052477e-39 1.69531804e-39 1.96201166e-39 1.23049957e-06 1.23072611e-06 1.42727752e-06
3.52000000e+04 1.69503435e-39 1.69978853e-39 1.96634641e-39 1.69503435e-39 1.69978853e-39 1.96634641e-39 1.23727764e-06 1.23701514e-06 1.43586512e-06
3.53000000e+04 1.69954133e-39 1.70425642e-39 1.97067819e-39 1.69954133e-39 1.70425642e-39 1.97067819e-39 1.24652807e-06 1.25003785e-06 1.44531426e-06
3.54000000e+04 1.70404569e-39 1.70872169e-39 1.97500699e-39 1.70404569e-39 1.70872169e-39 1.97500699e-39 1.25517255e-06 1.25670082e-06 1.45107293e-06
3.55000000e+04 1.70854744e-39 1.71318434e-39 1.97933282e-39 1.70854744e-39 1.71318434e-39 1.97933282e-39 1.26223018e-06 1.26604582e-06 1.46247032e-06
3.56000000e+04 1.71304656e-39 1.71764436e-39 1.98365567e-39 1.71304656e-39 1.71764436e-39 1.98365567e-39 1.27340921e-06 1.27666551e-06 1.47208530e-06
3.57000000e+04 1.71754304e-39 1.72210175e-39 1.98797554e-39 1.71754304e-39 1.72210175e-39 1.98797554e-39 1.28161695e-06 1.28175912e-06 1.48066768e-06
3.58000000e+04 1.72203688e-39 1.72655649e-39 1.99229242e-39 1.72203688e-39 1.72655649e-39 1.99229242e-39 1.28998922e-06 1.29426958e-06 1.49044284e-06
3.59000000e+04 1.72652808e-39 1.73100860e-39 1.99660632e-39 1.72652808e-39 1.73100860e-39 1.99660632e-39 1.29914696e-06 1.30061186e-06 1.50292843e-06
3.60000000e+04 1.73101662e-39 1.73545804e-39 2.00091724e-39 1.73101662e-39 1.73545804e-39 2.00091724e-39 1.30849767e-06 1.31042611e-06 1.51101630e-06
3.61000000e+04 1.73550250e-39 1.73990484e-39 2.00522516e-39 1.73550250e-39 1.73990484e-39 2.00522516e-39 1.31706543e-06 1.32016511e-06 1.52236072e-06
3.62000000e+04 1.73998571e-39 1.74434897e-39 2.00953010e-39 1.73998571e-39 1.74434897e-39 2.00953010e-39 1.32443757e-06 1.32397508e-06 1.52610112e-06
3.63000000e+04 1.74446625e-39 1.74879043e-39 2.01383205e-39 1.74446625e-39 1.74879043e-39 2.01383205e-39 1.33421562e-06 1.33717173e-06 1.53936050e-06
3.64000000e+04 1.74894411e-39 1.75322922e-39 2.01813100e-39 1.74894411e-39 1.75322922e-39 2.01813100e-39 1.34382784e-06 1.34508861e-06 1.55119647e-06
3.65000000e+04 1.75341928e-39 1.75766533e-39 2.02242696e-39 1.75341928e-39 1.75766533e-39 2.02242696e-39 1.35256213e-06 1.35579603e-06 1.55496532e-06
3.66000000e+04 1.75789176e-39 1.76209875e-39 2.02671992e-39 1.75789176e-39 1.76209875e-39 2.02671992e-39 1.36231706e-06 1.35987040e-06 1.56808342e-06
3.67000000e+04 1.76236154e-39 1.76652949e-39 2.03100989e-39 1.76236154e-39 1.76652949e-39 2.03100989e-39 1.36991811e-06 1.36966283e-06 1.57540775e-06
3.68000000e+04 1.76682862e-39 1.77095753e-39 2.03529685e-39 1.76682862e-39 1.77095753e-39 2.03529685e-39 1.37946645e-06 1.37998760e-06 1.59002622e-06
3.69000000e+04 1.77129299e-39 1.77538288e-39 2.03958082e-39 1.77129299e-39 1.77538288e-39 2.03958082e-39 1.38815614e-06 1.39098005e-06 1.59340736e-06
3.70000000e+04 1.77575464e-39 1.77980552e-39 2.04386179e-39 1.77575464e-39 1.77980552e-39 2.04386179e-39 1.39810076e-06 1.40095743e-06 1.60957629e-06
3.71000000e+04 1.78021356e-39 1.78422545e-39 2.04813975e-39 1.78021356e-39 1.78422545e-39 2.04813975e-39 1.40698266e-06 1.40564078e-06 1.61595999e-06
3.72000000e+04 1.78466977e-39 1.78864266e-39 2.05241471e-39 1.78466977e-39 1.78864266e-39 2.05241471e-39 1.41648697e-06 1.41448538e-06 1.62817558e-06
3.73000000e+04 1.78912323e-39 1.79305716e-39 2.05668666e-39 1.78912323e-39 1.79305716e-39 2.05668666e-39 1.42411686e-06 1.42891968e-06 1.63696697e-06
3.74000000e+04 1.79357397e-39 1.79746894e-39 2.06095562e-39 1.79357397e-39 1.79746894e-39 2.06095562e-39 1.43407736e-06 1.43633521e-06 1.64985069e-06
3.75000000e+04 1.79802195e-39 1.80187799e-39 2.06522156e-39 1.79802195e-39 1.80187799e-39 2.06522156e-39 1.44490451e-06 1.44829568e-06 1.65774121e-06
3.76000000e+04 1.80246719e-39 1.80628431e-39 2.06948450e-39 1.80246719e-39 1.80628431e-39 2.06948450e-39 1.45411115e-06 1.45527460e-06 1.66894845e-06
3.77000000e+04 1.80690968e-39 1.81068790e-39 2.07374443e-39 1.80690968e-39 1.81068790e-39 2.07374443e-39 1.46356904e-06 1.46687550e-06 1.67554182e-06
3.78000000e+04 1.81134941e-39 1.81508874e-39 2.07800135e-39 1.81134941e-39 1.81508874e-39 2.07800135e-39 1.47182873e-06 1.47193348e-06 1.68702722e-06
3.79000000e+04 1.81578637e-39 1.81948685e-39 2.08225526e-39 1.81578637e-39 1.81948685e-39 2.08225526e-39 1.48164224e-06 1.48519542e-06 1.69791242e-06
3.80000000e+04 1.82022057e-39 1.82388220e-39 2.08650616e-39 1.82022057e-39 1.82388220e-39 2.08650616e-39 1.49028236e-06 1.49148298e-06 1.70647774e-06
3.81000000e+04 1.82465200e-39 1.82827480e-39 2.09075405e-39 1.82465200e-39 1.82827480e-39 2.09075405e-39 1.49991646e-06 1.50307577e-06 1.71697292e-06
3.82000000e+04 1.82908065e-39 1.83266465e-39 2.09499894e-39 1.82908065e-39 1.83266465e-39 2.09499894e-39 1.50983462e-06 1.50969594e-06 1.72393895e-06
3.83000000e+04 1.83350651e-39 1.83705174e-39 2.09924080e-39 1.83350651e-39 1.83705174e-39 2.09924080e-39 1.51811137e-06 1.52165396e-06 1.74106375e-06
3.84000000e+04 1.83792960e-39 1.84143607e-39 2.10347966e-39 1.83792960e-39 1.84143607e-39 2.10347966e-39 1.52850500e-06 1.52789419e-06 1.75172030e-06
3.85000000e+04 1.84234989e-39 1.84581763e-39 2.10771551e-39 1.84234989e-39 1.84581763e-39 2.10771551e-39 1.54042823e-06 1.54243523e-06 1.75619705e-06
3.86000000e+04 1.84676739e-39 1.85019642e-39 2.11194834e-39 1.84676739e-39 1.85019642e-39 2.11194834e-39 1.54780903e-06 1.55091181e-06 1.77209086e-06
3.87000000e+04 1.85118209e-39 1.85457244e-39 2.11617816e-39 1.85118209e-39 1.85457244e-39 2.11617816e-39 1.55773082e-06 1.55732496e-06 1.77612712e-06
3.88000000e+04 1.85559398e-39 1.85894568e-39 2.12040497e-39 1.85559398e-39 1.85894568e-39 2.12040497e-39 1.56774569e-06 1.56770272e-06 1.79183070e-06
3.89000000e+04 1.86000308e-39 1.86331614e-39 2.12462877e-39 1.86000308e-39 1.86331614e-39 2.12462877e-39 1.57782458e-06 1.57768887e-06 1.79657843e-06
3.90000000e+04 1.86440936e-39 1.86768382e-39 2.12884955e-39 1.86440936e-39 1.86768382e-39 2.12884955e-39 1.58741028e-06 1.58649805e-06 1.81232446e-06
3.91000000e+04 1.86881283e-39 1.87204871e-39 2.13306732e-39 1.86881283e-39 1.87204871e-39 2.13306732e-39 1.59739722e-06 1.59708892e-06 1.82381561e-06
3.92000000e+04 1.87321348e-39 1.87641081e-39 2.13728207e-39 1.87321348e-39 1.87641081e-39 2.13728207e-39 1.60668245e-06 1.61135549e-06 1.83181583e-06
3.93000000e+04 1.87761131e-39 1.88077013e-39 2.14149382e-39 1.87761131e-39 1.88077013e-39 2.14149382e-39 1.61839046e-06 1.62024965e-06 1.84245067e-06
3.94000000e+04 1.88200631e-39 1.88512664e-39 2.14570255e-39 1.88200631e-39 1.88512664e-39 2.14570255e-39 1.62901704e-06 1.63136690e-06 1.85576601e-06
3.95000000e+04 1.88639849e-39 1.88948036e-39 2.14990826e-39 1.88639849e-39 1.88948036e-39 2.14990826e-39 1.63847012e-06 1.63795079e-06 1.86669043e-06
3.96000000e+04 1.89078783e-39 1.89383128e-39 2.15411097e-39 1.89078783e-39 1.89383128e-39 2.15411097e-39 1.64528204e-06 1.65031742e-06 1.87691919e-06
3.97000000e+04 1.89517435e-39 1.89817939e-39 2.15831066e-39 1.89517435e-39 1.89817939e-39 2.15831066e-39 1.65768880e-06 1.65522335e-06 1.88610377e-06
3.98000000e+04 1.89955802e-39 1.90252470e-39 2.16250734e-39 1.89955802e-39 1.90252470e-39 2.16250734e-39 1.66940812e-06 1.66808016e-06 1.89254185e-06
3.99000000e+04 1.90393885e-39 1.90686720e-39 2.16670101e-39 1.90393885e-39 1.90686720e-39 2.16670101e-39 1.67927409e-06 1.67840756e-06 1.90229518e-06
4.00000000e+04 1.90831684e-39 1.91120689e-39 2.17089167e-39 1.90831684e-39 1.91120689e-39 2.17089167e-39 1.68814011e-06 1.69158076e-06 1.91759692e-06
4.01000000e+04 1.91269198e-39 1.91554377e-39 2.17507931e-39 1.91269198e-39 1.91554377e-39 2.17507931e-39 1.69752707e-06 1.70109333e-06 1.93163178e-06
4.02000000e+04 1.91706427e-39 1.91987783e-39 2.17926395e-39 1.91706427e-39 1.91987783e-39 2.17926395e-39 1.70998712e-06 1.71210825e-06 1.94025969e-06
4.03000000e+04 1.92143371e-39 1.92420907e-39 2.18344558e-39 1.92143371e-39 1.92420907e-39 2.18344558e-39 1.71962579e-06 1.72134168e-06 1.95467574e-06
4.04000000e+04 1.92580030e-39 1.92853749e-39 2.18762419e-39 1.92580030e-39 1.92853749e-39 2.18762419e-39 1.73076994e-06 1.72994692e-06 1.96384813e-06
4.05000000e+04 1.93016402e-39 1.93286309e-39 2.19179980e-39 1.93016402e-39 1.93286309e-39 2.19179980e-39 1.74099055e-06 1.74144036e-06 1.96861763e-06
4.06000000e+04 1.93452489e-39 1.93718586e-39 2.19597240e-39 1.93452489e-39 1.93718586e-39 2.19597240e-39 1.74827388e-06 1.75309081e-06 1.98760812e-06
4.07000000e+04 1.93888289e-39 1.94150581e-39 2.20014199e-39 1.93888289e-39 1.94150581e-39 2.20014199e-39 1.76149549e-06 1.75961950e-06 1.99787834e-06
4.08000000e+04 1.94323802e-39 1.94582292e-39 2.20430858e-39 1.94323802e-39 1.94582292e-39 2.20430858e-39 1.77249784e-06 1.77405676e-06 2.00959643e-06
4.09000000e+04 1.94759029e-39 1.95013721e-39 2.20847216e-39 1.94759029e-39 1.95013721e-39 2.20847216e-39 1.78216329e-06 1.78172985e-06 2.02168262e-06
4.10000000e+04 1.95193969e-39 1.95444866e-39 2.21263273e-39 1.95193969e-39 1.95444866e-39 2.21263273e-39 1.79028367e-06 1.79591460e-06 2.02949098e-06
4.11000000e+04 1.95628621e-39 1.95875729e-39 2.21679030e-39 1.95628621e-39 1.95875729e-39 2.21679030e-39 1.80343628e-06 1.80632268e-06 2.03935736e-06
4.12000000e+04 1.96062986e-39 1.96306307e-39 2.22094487e-39 1.96062986e-39 1.96306307e-39 2.22094487e-39 1.81107357e-06 1.81533803e-06 2.05437492e-06
4.13000000e+04 1.96497064e-39 1.96736602e-39 2.22509643e-39 1.96497064e-39 1.96736602e-39 2.22509643e-39 1.82536074e-06 1.82563757e-06 2.06255205e-06
4.14000000e+04 1.96930853e-39 1.97166612e-39 2.22924500e-39 1.96930853e-39 1.97166612e-39 2.22924500e-39 1.83554801e-06 1.83476146e-06 2.07266459e-06
4.15000000e+04 1.97364354e-39 1.97596339e-39 2.23339056e-39 1.97364354e-39 1.97596339e-39 2.23339056e-39 1.84668941e-06 1.84251881e-06 2.08732564e-06
4.16000000e+04 1.97797567e-39 1.98025781e-39 2.23753312e-39 1.97797567e-39 1.98025781e-39 2.23753312e-39 1.85561232e-06 1.85743158e-06 2.09547907e-06
4.17000000e+04 1.98230492e-39 1.98454939e-39 2.24167268e-39 1.98230492e-39 1.98454939e-39 2.24167268e-39 1.86637376e-06 1.86520377e-06 2.11256214e-06
4.18000000e+04 1.98663127e-39 1.98883812e-39 2.24580925e-39 1.98663127e-39 1.98883812e-39 2.24580925e-39 1.87836724e-06 1.87993691e-06 2.12071725e-06
4.19000000e+04 1.99095474e-39 1.99312401e-39 2.24994282e-39 1.99095474e-39 1.99312401e-39 2.24994282e-39 1.88841065e-06 1.89179349e-06 2.13579299e-06
4.20000000e+04 1.99527532e-39 1.99740705e-39 2.25407340e-39 1.99527532e-39 1.99740705e-39 2.25407340e-39 1.90060838e-06 1.90014803e-06 2.14632611e-06
4.21000000e+04 1.99959301e-39 2.00168724e-39 2.25820098e-39 1.99959301e-39 2.00168724e-39 2.25820098e-39 1.90962458e-06 1.91182542e-06 2.15586218e-06
4.22000000e+04 2.00390780e-39 2.00596458e-39 2.26232557e-39 2.00390780e-39 2.00596458e-39 2.26232557e-39 1.92152988e-06 1.92102687e-06 2.16924298e-06
4.23000000e+04 2.00821970e-39 2.01023907e-39 2.26644717e-39 2.00821970e-39 2.01023907e-39 2.26644717e-39 1.93204350e-06 1.93578134e-06 2.18002986e-06
4.24000000e+04 2.01252870e-39 2.01451070e-39 2.27056578e-39 2.01252870e-39 2.01451070e-39 2.27056578e-39 1.94242879e-06 1.94489239e-06 2.18996516e-06
4.25000000e+04 2.01683481e-39 2.01877949e-39 2.27468140e-39 2.01683481e-39 2.01877949e-39 2.27468140e-39 1.95557181e-06 1.95314187e-06 2.20357758e-06
4.26000000e+04 2.02113801e-39 2.02304541e-39 2.27879403e-39 2.02113801e-39 2.02304541e-39 2.27879403e-39 1.96607084e-06 1.96158686e-06 2.20835694e-06
4.27000000e+04 2.02543832e-39 2.02730849e-39 2.28290368e-39 2.02543832e-39 2.02730849e-39 2.28290368e-39 1.97785292e-06 1.97323795e-06 2.22277177e-06
4.28000000e+04 2.02973573e-39 2.03156870e-39 2.28701034e-39 2.02973573e-39 2.03156870e-39 2.28701034e-39 1.98583525e-06 1.98975643e-06 2.24123337e-06
4.29000000e+04 2.03403023e-39 2.03582606e-39 2.29111402e-39 2.03403023e-39 2.03582606e-39 2.29111402e-39 1.99915251e-06 1.99674070e-06 2.24868887e-06
4.30000000e+04 2.03832183e-39 2.04008056e-39 2.29521472e-39 2.03832183e-39 2.04008056e-39 2.29521472e-39 2.01132365e-06 2.01287439e-06 2.25886036e-06
4.31000000e+04 2.04261052e-39 2.04433220e-39 2.29931244e-39 2.04261052e-39 2.04433220e-39 2.29931244e-39 2.02292849e-06 2.02416001e-06 2.27370431e-06
4.32000000e+04 2.04689631e-39 2.04858098e-39 2.30340718e-39 2.04689631e-39 2.04858098e-39 2.30340718e-39 2.03392699e-06 2.03160172e-06 2.28399239e-06
4.33000000e+04 2.05117919e-39 2.05282691e-39 2.30749895e-39 2.05117919e-39 2.05282691e-39 2.30749895e-39 2.04271025e-06 2.04470408e-06 2.29840221e-06
4.34000000e+04 2.05545916e-39 2.05706997e-39 2.31158774e-39 2.05545916e-39 2.05706997e-39 2.31158774e-39 2.05527452e-06 2.05111027e-06 2.30841414e-06
4.35000000e+04 2.05973623e-39 2.06131017e-39 2.31567356e-39 2.05973623e-39 2.06131017e-39 2.31567356e-39 2.06747877e-06 2.06781673e-06 2.31682876e-06
4.36000000e+04 2.06401038e-39 2.06554751e-39 2.31975640e-39 2.06401038e-39 2.06554751e-39 2.31975640e-39 2.07964162e-06 2.07285700e-06 2.33741548e-06
4.37000000e+04 2.06828163e-39 2.06978199e-39 2.32383628e-39 2.06828163e-39 2.06978199e-39 2.32383628e-39 2.09005598e-06 2.09039516e-06 2.34621237e-06
4.38000000e+04 2.07254997e-39 2.07401360e-39 2.32791319e-39 2.07254997e-39 2.07401360e-39 2.32791319e-39 2.10036013e-06 2.09854500e-06 2.35953894e-06
4.39000000e+04 2.07681539e-39 2.07824236e-39 2.33198713e-39 2.07681539e-39 2.07824236e-39 2.33198713e-39 2.11351482e-06 2.11482075e-06 2.37413679e-06
4.40000000e+04 2.08107791e-39 2.08246825e-39 2.33605811e-39 2.08107791e-39 2.08246825e-39 2.33605811e-39 2.12518437e-06 2.12600675e-06 2.38163040e-06
4.41000000e+04 2.08533751e-39 2.08669128e-39 2.34012613e-39 2.08533751e-39 2.08669128e-39 2.34012613e-39 2.13385623e-06 2.13278536e-06 2.39118115e-06
4.42000000e+04 2.08959420e-39 2.09091144e-39 2.34419119e-39 2.08959420e-39 2.09091144e-39 2.34419119e-39 2.14811658e-06 2.14767024e-06 2.40430269e-06
4.43000000e+04 2.09384797e-39 2.09512874e-39 2.34825329e-39 2.09384797e-39 2.09512874e-39 2.34825329e-39 2.15968638e-06 2.15729372e-06 2.41506542e-06
4.44000000e+04 2.09809884e-39 2.09934318e-39 2.35231243e-39 2.09809884e-39 2.09934318e-39 2.35231243e-39 2.17008276e-06 2.16870696e-06 2.43543026e-06
4.45000000e+04 2.10234679e-39 2.10355475e-39 2.35636862e-39 2.10234679e-39 2.10355475e-39 2.35636862e-39 2.18291447e-06 2.18308830e-06 2.44299579e-06
4.46000000e+04 2.10659182e-39 2.10776346e-39 2.36042185e-39 2.10659182e-39 2.10776346e-39 2.36042185e-39 2.19192516e-06 2.19591136e-06 2.45306961e-06
4.47000000e+04 2.11083394e-39 2.11196931e-39 2.36447214e-39 2.11083394e-39 2.11196931e-39 2.36447214e-39 2.20767790e-06 2.20356499e-06 2.47129038e-06
4.48000000e+04 2.11507315e-39 2.11617229e-39 2.36851948e-39 2.11507315e-39 2.11617229e-39 2.36851948e-39 2.21710981e-06 2.21202903e-06 2.47980199e-06
4.49000000e+04 2.11930944e-39 2.12037241e-39 2.37256387e-39 2.11930944e-39 2.12037241e-39 2.37256387e-39 2.23111479e-06 2.23118031e-06 2.49337393e-06
4.50000000e+04 2.12354282e-39 2.12456967e-39 2.37660531e-39 2.12354282e-39 2.12456967e-39 2.37660531e-39 2.24097992e-06 2.23891993e-06 2.50664132e-06
4.51000000e+04 2.12777329e-39 2.12876406e-39 2.38064382e-39 2.12777329e-39 2.12876406e-39 2.38064382e-39 2.25567673e-06 2.25596719e-06 2.51508242e-06
4.52000000e+04 2.13200084e-39 2.13295560e-39 2.38467938e-39 2.13200084e-39 2.13295560e-39 2.38467938e-39 2.26290348e-06 2.26588915e-06 2.53615172e-06
4.53000000e+04 2.13622547e-39 2.13714426e-39 2.38871201e-39 2.13622547e-39 2.13714426e-39 2.38871201e-39 2.27933906e-06 2.27724553e-06 2.54337585e-06
4.54000000e+04 2.14044719e-39 2.14133007e-39 2.39274170e-39 2.14044719e-39 2.14133007e-39 2.39274170e-39 2.29038881e-06 2.28430899e-06 2.55295397e-06
4.55000000e+04 2.14466600e-39 2.14551302e-39 2.39676846e-39 2.14466600e-39 2.14551302e-39 2.39676846e-39 2.30140390e-06 2.30341774e-06 2.57258135e-06
4.56000000e+04 2.14888189e-39 2.14969310e-39 2.40079229e-39 2.14888189e-39 2.14969310e-39 2.40079229e-39 2.31519875e-06 2.31540242e-06 2.58111978e-06
4.57000000e+04 2.15309487e-39 2.15387032e-39 2.40481319e-39 2.15309487e-39 2.15387032e-39 2.40481319e-39 2.32565600e-06 2.32746152e-06 2.60050043e-06
4.58000000e+04 2.15730494e-39 2.15804468e-39 2.40883116e-39 2.15730494e-39 2.15804468e-39 2.40883116e-39 2.33810106e-06 2.34111056e-06 2.60976650e-06
4.59000000e+04 2.16151209e-39 2.16221619e-39 2.41284621e-39 2.16151209e-39 2.16221619e-39 2.41284621e-39 2.35231016e-06 2.35023621e-06 2.61568854e-06
4.60000000e+04 2.16571633e-39 2.16638483e-39 2.41685834e-39 2.16571633e-39 2.16638483e-39 2.41685834e-39 2.36399468e-06 2.35825165e-06 2.63605408e-06
4.61000000e+04 2.16991765e-39 2.17055061e-39 2.42086755e-39 2.16991765e-39 2.17055061e-39 2.42086755e-39 2.37702448e-06 2.37735709e-06 2.64243263e-06
4.62000000e+04 2.17411607e-39 2.17471354e-39 2.42487384e-39 2.17411607e-39 2.17471354e-39 2.42487384e-39 2.38655778e-06 2.38726410e-06 2.66232074e-06
4.63000000e+04 2.17831157e-39 2.17887361e-39 2.42887722e-39 2.17831157e-39 2.17887361e-39 2.42887722e-39 2.40195753e-06 2.40026791e-06 2.67494806e-06
4.64000000e+04 2.18250417e-39 2.18303082e-39 2.43287768e-39 2.18250417e-39 2.18303082e-39 2.43287768e-39 2.41290507e-06 2.41215782e-06 2.68590475e-06
4.65000000e+04 2.18669385e-39 2.18718517e-39 2.43687524e-39 2.18669385e-39 2.18718517e-39 2.43687524e-39 2.42688313e-06 2.42467530e-06 2.70232853e-06
4.66000000e+04 2.19088062e-39 2.19133667e-39 2.44086989e-39 2.19088062e-39 2.19133667e-39 2.44086989e-39 2.43845150e-06 2.43499255e-06 2.71117357e-06
4.67000000e+04 2.19506448e-39 2.19548532e-39 2.44486163e-39 2.19506448e-39 2.19548532e-39 2.44486163e-39 2.44802526e-06 2.44425212e-06 2.72405335e-06
4.68000000e+04 2.19924544e-39 2.19963111e-39 2.44885048e-39 2.19924544e-39 2.19963111e-39 2.44885048e-39 2.46350973e-06 2.45806178e-06 2.74032242e-06
4.69000000e+04 2.20342349e-39 2.20377405e-39 2.45283642e-39 2.20342349e-39 2.20377405e-39 2.45283642e-39 2.47136925e-06 2.47239962e-06 2.75426588e-06
4.70000000e+04 2.20759863e-39 2.20791413e-39 2.45681947e-39 2.20759863e-39 2.20791413e-39 2.45681947e-39 2.48580921e-06 2.48759640e-06 2.76625175e-06
4.71000000e+04 2.21177086e-39 2.21205137e-39 2.46079962e-39 2.21177086e-39 2.21205137e-39 2.46079962e-39 2.49937180e-06 2.50026822e-06 2.77851808e-06
4.72000000e+04 2.21594019e-39 2.21618575e-39 2.46477688e-39 2.21594019e-39 2.21618575e-39 2.46477688e-39 2.51378066e-06 2.50546943e-06 2.79339525e-06
4.73000000e+04 2.22010661e-39 2.22031729e-39 2.46875126e-39 2.22010661e-39 2.22031729e-39 2.46875126e-39 2.52534264e-06 2.51645690e-06 2.80867799e-06
4.74000000e+04 2.22427013e-39 2.22444598e-39 2.47272275e-39 2.22427013e-39 2.22444598e-39 2.47272275e-39 2.53862662e-06 2.53995028e-06 2.82252319e-06
4.75000000e+04 2.22843075e-39 2.22857182e-39 2.47669135e-39 2.22843075e-39 2.22857182e-39 2.47669135e-39 2.55294473e-06 2.54993807e-06 2.82721478e-06
4.76000000e+04 2.23258847e-39 2.23269481e-39 2.48065707e-39 2.23258847e-39 2.23269481e-39 2.48065707e-39 2.56403482e-06 2.56631483e-06 2.84628573e-06
4.77000000e+04 2.23674328e-39 2.23681496e-39 2.48461992e-39 2.23674328e-39 2.23681496e-39 2.48461992e-39 2.57462743e-06 2.57335230e-06 2.86003409e-06
4.78000000e+04 2.24089520e-39 2.24093227e-39 2.48857989e-39 2.24089520e-39 2.24093227e-39 2.48857989e-39 2.58972874e-06 2.58415416e-06 2.87131949e-06
4.79000000e+04 2.24504421e-39 2.24504674e-39 2.49253698e-39 2.24504421e-39 2.24504674e-39 2.49253698e-39 2.60069913e-06 2.60091306e-06 2.89216978e-06
4.80000000e+04 2.24919033e-39 2.24915836e-39 2.49649121e-39 2.24919033e-39 2.24915836e-39 2.49649121e-39 2.61782505e-06 2.60993111e-06 2.90484714e-06
4.81000000e+04 2.25333356e-39 2.25326714e-39 2.50044257e-39 2.25333356e-39 2.25326714e-39 2.50044257e-39 2.62986114e-06 2.62639964e-06 2.91355088e-06
4.82000000e+04 2.25747388e-39 2.25737309e-39 2.50439107e-39 2.25747388e-39 2.25737309e-39 2.50439107e-39 2.64396606e-06 2.63559225e-06 2.92755870e-06
4.83000000e+04 2.26161132e-39 2.26147619e-39 2.50833670e-39 2.26161132e-39 2.26147619e-39 2.50833670e-39 2.65542434e-06 2.65188674e-06 2.94158912e-06
4.84000000e+04 2.26574586e-39 2.26557647e-39 2.51227948e-39 2.26574586e-39 2.26557647e-39 2.51227948e-39 2.66917037e-06 2.66571674e-06 2.95469227e-06
4.85000000e+04 2.26987750e-39 2.26967390e-39 2.51621940e-39 2.26987750e-39 2.26967390e-39 2.51621940e-39 2.68355166e-06 2.68059968e-06 2.96087086e-06
4.86000000e+04 2.27400626e-39 2.27376851e-39 2.52015647e-39 2.27400626e-39 2.27376851e-39 2.52015647e-39 2.69594039e-06 2.69332900e-06 2.97513497e-06
4.87000000e+04 2.27813213e-39 2.27786028e-39 2.52409068e-39 2.27813213e-39 2.27786028e-39 2.52409068e-39 2.70713833e-06 2.69921108e-06 2.99985935e-06
4.88000000e+04 2.28225511e-39 2.28194922e-39 2.52802205e-39 2.28225511e-39 2.28194922e-39 2.52802205e-39 2.72242037e-06 2.72164134e-06 3.01478882e-06
4.89000000e+04 2.28637521e-39 2.28603533e-39 2.53195058e-39 2.28637521e-39 2.28603533e-39 2.53195058e-39 2.73553566e-06 2.72845070e-06 3.02892158e-06
4.90000000e+04 2.29049242e-39 2.29011861e-39 2.53587627e-39 2.29049242e-39 2.29011861e-39 2.53587627e-39 2.74696896e-06 2.74679074e-06 3.03907146e-06
4.91000000e+04 2.29460675e-39 2.29419907e-39 2.53979911e-39 2.29460675e-39 2.29419907e-39 2.53979911e-39 2.76205758e-06 2.76082140e-06 3.04863906e-06
4.92000000e+04 2.29871819e-39 2.29827671e-39 2.54371913e-39 2.29871819e-39 2.29827671e-39 2.54371913e-39 2.77623629e-06 2.76571955e-06 3.07115706e-06
4.93000000e+04 2.30282676e-39 2.30235152e-39 2.54763631e-39 2.30282676e-39 2.30235152e-39 2.54763631e-39 2.78837714e-06 2.78911765e-06 3.07622556e-06
4.94000000e+04 2.30693244e-39 2.30642351e-39 2.55155066e-39 2.30693244e-39 2.30642351e-39 2.55155066e-39 2.80320136e-06 2.80135712e-06 3.09319490e-06
4.95000000e+04 2.31103525e-39 2.31049268e-39 2.55546218e-39 2.31103525e-39 2.31049268e-39 2.55546218e-39 2.81392340e-06 2.80691710e-06 3.11305271e-06
4.96000000e+04 2.31513518e-39 2.31455903e-39 2.55937088e-39 2.31513518e-39 2.31455903e-39 2.55937088e-39 2.82723870e-06 2.82935410e-06 3.12743992e-06
4.97000000e+04 2.31923224e-39 2.31862257e-39 2.56327676e-39 2.31923224e-39 2.31862257e-39 2.56327676e-39 2.84038225e-06 2.83293651e-06 3.14060797e-06
4.98000000e+04 2.32332643e-39 2.32268329e-39 2.56717983e-39 2.32332643e-39 2.32268329e-39 2.56717983e-39 2.85700916e-06 2.84934538e-06 3.15248872e-06
4.99000000e+04 2.32741774e-39 2.32674120e-39 2.57108008e-39 2.32741774e-39 2.32674120e-39 2.57108008e-39 2.86894405e-06 2.86975535e-06 3.16033522e-06
5.00000000e+04 2.33150619e-39 2.33079630e-39 2.57497752e-39 2.33150619e-39 2.33079630e-39 2.57497752e-39 2.88422990e-06 2.87569873e-06 3.18581155e-06
