# Te [K]  der_Qff_DL [cm^5/K]  Qff_PL [cm^5/K]  Qff_KW [cm^5/K]
3.00000000e+02 1.73040385e-43 5.47238848e-44 7.66159628e-44
4.00000000e+02 1.55855312e-43 5.67280511e-44 8.16229011e-44
5.00000000e+02 1.43463119e-43 5.81511007e-44 8.87995502e-44
6.00000000e+02 1.33992586e-43 5.94732749e-44 9.64810248e-44
7.00000000e+02 1.26403045e-43 6.09242468e-44 1.03322229e-43
8.00000000e+02 1.20064631e-43 6.25947660e-44 1.08535111e-43
9.00000000e+02 1.14589531e-43 6.44945890e-44 1.11823328e-43
1.00000000e+03 1.09740243e-43 6.65879778e-44 1.13230801e-43
1.10000000e+03 1.05372327e-43 6.88181364e-44 1.12992114e-43
1.20000000e+03 1.01397877e-43 7.11235092e-44 1.11420104e-43
1.30000000e+03 9.77625766e-44 7.34475101e-44 1.08835262e-43
1.40000000e+03 9.44316757e-44 7.57427494e-44 1.05528211e-43
1.50000000e+03 9.13815905e-44 7.79724420e-44 1.01744025e-43
1.60000000e+03 8.85949546e-44 8.01095291e-44 9.76798163e-44
1.70000000e+03 8.60577488e-44 8.21351246e-44 9.34875394e-44
1.80000000e+03 8.37576602e-44 8.40367553e-44 8.92811311e-44
1.90000000e+03 8.16831639e-44 8.58067597e-44 8.51435166e-44
2.00000000e+03 7.98230299e-44 8.74409806e-44 8.11322769e-44
2.10000000e+03 7.81660753e-44 8.89377705e-44 7.72862306e-44
2.20000000e+03 7.67010620e-44 9.02972874e-44 7.36296143e-44
2.30000000e+03 7.54166792e-44 9.15209784e-44 7.01758980e-44
2.40000000e+03 7.43015721e-44 9.26112596e-44 6.69306938e-44
2.50000000e+03 7.33443964e-44 9.35712802e-44 6.38939934e-44
2.60000000e+03 7.25338850e-44 9.44047678e-44 6.10618645e-44
2.70000000e+03 7.18589175e-44 9.51159164e-44 5.84277240e-44
2.80000000e+03 7.13085885e-44 9.57093006e-44 5.59832788e-44
2.90000000e+03 7.08722702e-44 9.61898046e-44 5.37192182e-44
3.00000000e+03 7.05396610e-44 9.65625599e-44 5.16257125e-44
3.10000000e+03 7.03008709e-44 9.68328872e-44 4.96927701e-44
3.20000000e+03 7.01463860e-44 9.70062418e-44 4.79104854e-44
3.30000000e+03 7.00671750e-44 9.70881624e-44 4.62692082e-44
3.40000000e+03 7.00546751e-44 9.70842233e-44 4.47596550e-44
3.50000000e+03 7.01008149e-44 9.69999896e-44 4.33729776e-44
3.60000000e+03 7.01980240e-44 9.68409771e-44 4.21008015e-44
3.70000000e+03 7.03392353e-44 9.66126166e-44 4.09352452e-44
3.80000000e+03 7.05178828e-44 9.63202228e-44 3.98688995e-44
3.90000000e+03 7.07278941e-44 9.59689670e-44 3.88948626e-44
4.00000000e+03 7.09636796e-44 9.55638560e-44 3.80066787e-44
4.10000000e+03 7.12201174e-44 9.51097132e-44 3.71983390e-44
4.20000000e+03 7.14925369e-44 9.46111610e-44 3.64642544e-44
4.30000000e+03 7.17766987e-44 9.40726324e-44 3.57992304e-44
4.40000000e+03 7.20687750e-44 9.34983202e-44 3.51984423e-44
4.50000000e+03 7.23653270e-44 9.28922168e-44 3.46574110e-44
4.60000000e+03 7.26632789e-44 9.22580910e-44 3.41719783e-44
4.70000000e+03 7.29599142e-44 9.15994931e-44 3.37382846e-44
4.80000000e+03 7.32528176e-44 9.09197572e-44 3.33527481e-44
4.90000000e+03 7.35398777e-44 9.02220056e-44 3.30120430e-44
5.00000000e+03 7.38192713e-44 8.95091541e-44 3.27130812e-44
5.10000000e+03 7.40894205e-44 8.87839184e-44 3.24529951e-44
5.20000000e+03 7.43489848e-44 8.80488211e-44 3.22291203e-44
5.30000000e+03 7.45968390e-44 8.73061991e-44 3.20389808e-44
5.40000000e+03 7.48320537e-44 8.65582126e-44 3.18802746e-44
5.50000000e+03 7.50538782e-44 8.58068525e-44 3.17508611e-44
5.60000000e+03 7.52617231e-44 8.50539491e-44 3.16487485e-44
5.70000000e+03 7.54551448e-44 8.43011811e-44 3.15720829e-44
5.80000000e+03 7.56338305e-44 8.35500834e-44 3.15191384e-44
5.90000000e+03 7.57975847e-44 8.28020516e-44 3.14883069e-44
6.00000000e+03 7.59463159e-44 8.20583709e-44 3.14780899e-44
6.10000000e+03 7.60800252e-44 8.13201823e-44 3.14870905e-44
6.20000000e+03 7.61987950e-44 8.05885316e-44 3.15140053e-44
6.30000000e+03 7.63027792e-44 7.98643565e-44 3.15576186e-44
6.40000000e+03 7.63921939e-44 7.91484974e-44 3.16167951e-44
6.50000000e+03 7.64673086e-44 7.84417040e-44 3.16904748e-44
6.60000000e+03 7.65284392e-44 7.77446420e-44 3.17776671e-44
6.70000000e+03 7.65759402e-44 7.70578991e-44 3.18774265e-44
6.80000000e+03 7.66101991e-44 7.63819904e-44 3.19889464e-44
6.90000000e+03 7.66316299e-44 7.57173642e-44 3.21113577e-44
7.00000000e+03 7.66406686e-44 7.50644069e-44 3.22439218e-44
7.10000000e+03 7.66377682e-44 7.44234478e-44 3.23859292e-44
7.20000000e+03 7.66233944e-44 7.37947639e-44 3.25367148e-44
7.30000000e+03 7.65980222e-44 7.31785834e-44 3.26956560e-44
7.40000000e+03 7.65621324e-44 7.25750905e-44 3.28621687e-44
7.50000000e+03 7.65162088e-44 7.19844284e-44 3.30357053e-44
7.60000000e+03 7.64607354e-44 7.14067033e-44 3.32157519e-44
7.70000000e+03 7.63961942e-44 7.08419871e-44 3.34018264e-44
7.80000000e+03 7.63230635e-44 7.02903207e-44 3.35934761e-44
7.90000000e+03 7.62418156e-44 6.97517167e-44 3.37902763e-44
8.00000000e+03 7.61529158e-44 6.92261621e-44 3.39918268e-44
8.10000000e+03 7.60568210e-44 6.87136204e-44 3.41977525e-44
8.20000000e+03 7.59539786e-44 6.82140340e-44 3.44077006e-44
8.30000000e+03 7.58448254e-44 6.77273263e-44 3.46213392e-44
8.40000000e+03 7.57297896e-44 6.72534037e-44 3.48383560e-44
8.50000000e+03 7.56092778e-44 6.67921569e-44 3.50584571e-44
8.60000000e+03 7.54836990e-44 6.63434631e-44 3.52813661e-44
8.70000000e+03 7.53534398e-44 6.59071871e-44 3.55068226e-44
8.80000000e+03 7.52188764e-44 6.54831830e-44 3.57345813e-44
8.90000000e+03 7.50803717e-44 6.50712951e-44 3.59644113e-44
9.00000000e+03 7.49382758e-44 6.46713594e-44 3.61960948e-44
9.10000000e+03 7.47929251e-44 6.42832047e-44 3.64294267e-44
9.20000000e+03 7.46446432e-44 6.39066531e-44 3.66642139e-44
9.30000000e+03 7.44937404e-44 6.35415217e-44 3.69002739e-44
9.40000000e+03 7.43405141e-44 6.31876226e-44 3.71374348e-44
9.50000000e+03 7.41852487e-44 6.28447646e-44 3.73755347e-44
9.60000000e+03 7.40282164e-44 6.25127527e-44 3.76144205e-44
9.70000000e+03 7.38696765e-44 6.21913901e-44 3.78539483e-44
9.80000000e+03 7.37098766e-44 6.18804777e-44 3.80939870e-44
9.90000000e+03 7.35490521e-44 6.15798152e-44 3.83343927e-44
1.00000000e+04 7.33874272e-44 6.12892015e-44 3.85750600e-44
1.01000000e+04 7.32252146e-44 6.10084349e-44 3.88158695e-44
1.02000000e+04 7.30626160e-44 6.07373137e-44 3.90567134e-44
1.03000000e+04 7.28998228e-44 6.04756367e-44 3.92974901e-44
1.04000000e+04 7.27370157e-44 6.02232034e-44 3.95381036e-44
1.05000000e+04 7.25743658e-44 5.99798140e-44 3.97784635e-44
1.06000000e+04 7.24120343e-44 5.97452704e-44 4.00184844e-44
1.07000000e+04 7.22501734e-44 5.95193754e-44 4.02580860e-44
1.08000000e+04 7.20889261e-44 5.93019341e-44 4.04971923e-44
1.09000000e+04 7.19284267e-44 5.90927530e-44 4.07357319e-44
1.10000000e+04 7.17688016e-44 5.88916410e-44 4.09736374e-44
1.11000000e+04 7.16101687e-44 5.86984091e-44 4.12108453e-44
1.12000000e+04 7.14526387e-44 5.85128706e-44 4.14472959e-44
1.13000000e+04 7.12963146e-44 5.83348413e-44 4.16829329e-44
1.14000000e+04 7.11412924e-44 5.81641396e-44 4.19177032e-44
1.15000000e+04 7.09876617e-44 5.80005866e-44 4.21515571e-44
1.16000000e+04 7.08355051e-44 5.78440059e-44 4.23844478e-44
1.17000000e+04 7.06848993e-44 5.76942241e-44 4.26163313e-44
1.18000000e+04 7.05359151e-44 5.75510707e-44 4.28471663e-44
1.19000000e+04 7.03886176e-44 5.74143778e-44 4.30769141e-44
1.20000000e+04 7.02430666e-44 5.72839807e-44 4.33055383e-44
1.21000000e+04 7.00993141e-44 5.71597175e-44 4.35330049e-44
1.22000000e+04 6.99574171e-44 5.70414292e-44 4.37592821e-44
1.23000000e+04 6.98174134e-44 5.69289600e-44 4.39843401e-44
1.24000000e+04 6.96793461e-44 5.68221568e-44 4.42081512e-44
1.25000000e+04 6.95432514e-44 5.67208697e-44 4.44306894e-44
1.26000000e+04 6.94091618e-44 5.66249516e-44 4.46519307e-44
1.27000000e+04 6.92771059e-44 5.65342583e-44 4.48718527e-44
1.28000000e+04 6.91471085e-44 5.64486488e-44 4.50904345e-44
1.29000000e+04 6.90191913e-44 5.63679937e-44 4.53076568e-44
1.30000000e+04 6.88933725e-44 5.62921310e-44 4.55235019e-44
1.31000000e+04 6.87696675e-44 5.62209549e-44 4.57379534e-44
1.32000000e+04 6.86480885e-44 5.61543268e-44 4.59509961e-44
1.33000000e+04 6.85286451e-44 5.60921199e-44 4.61626163e-44
1.34000000e+04 6.84113444e-44 5.60342101e-44 4.63728013e-44
1.35000000e+04 6.82961909e-44 5.59804762e-44 4.65815397e-44
1.36000000e+04 6.81831869e-44 5.59307996e-44 4.67888215e-44
1.37000000e+04 6.80723271e-44 5.58850644e-44 4.69946359e-44
1.38000000e+04 6.79636202e-44 5.58431572e-44 4.71989760e-44
1.39000000e+04 6.78570631e-44 5.58049673e-44 4.74018339e-44
1.40000000e+04 6.77526385e-44 5.57703865e-44 4.76032030e-44
1.41000000e+04 6.76503432e-44 5.57393093e-44 4.78030776e-44
1.42000000e+04 6.75501731e-44 5.57116325e-44 4.80014529e-44
1.43000000e+04 6.74521131e-44 5.56872552e-44 4.81983247e-44
1.44000000e+04 6.73561529e-44 5.56660792e-44 4.83936897e-44
1.45000000e+04 6.72622796e-44 5.56480083e-44 4.85875451e-44
1.46000000e+04 6.71704790e-44 5.56329488e-44 4.87798890e-44
1.47000000e+04 6.70807356e-44 5.56208039e-44 4.89707199e-44
1.48000000e+04 6.69930331e-44 5.56115004e-44 4.91600372e-44
1.49000000e+04 6.69073543e-44 5.56049351e-44 4.93478404e-44
1.50000000e+04 6.68236809e-44 5.56010283e-44 4.95341301e-44
1.51000000e+04 6.67419939e-44 5.55996972e-44 4.97189070e-44
1.52000000e+04 6.66622735e-44 5.56008609e-44 4.99021725e-44
1.53000000e+04 6.65844993e-44 5.56044405e-44 5.00839285e-44
1.54000000e+04 6.65086502e-44 5.56103592e-44 5.02641771e-44
1.55000000e+04 6.64347046e-44 5.56185418e-44 5.04429210e-44
1.56000000e+04 6.63626403e-44 5.56289154e-44 5.06201634e-44
1.57000000e+04 6.62924347e-44 5.56414085e-44 5.07959076e-44
1.58000000e+04 6.62240649e-44 5.56559626e-44 5.09701575e-44
1.59000000e+04 6.61575073e-44 5.56724773e-44 5.11429172e-44
1.60000000e+04 6.60927383e-44 5.56909193e-44 5.13141913e-44
1.61000000e+04 6.60297339e-44 5.57112133e-44 5.14839845e-44
1.62000000e+04 6.59684697e-44 5.57332965e-44 5.16523019e-44
1.63000000e+04 6.59089213e-44 5.57571079e-44 5.18191489e-44
1.64000000e+04 6.58510641e-44 5.57825881e-44 5.19845311e-44
1.65000000e+04 6.57948733e-44 5.58096789e-44 5.21484544e-44
1.66000000e+04 6.57403239e-44 5.58383239e-44 5.23109248e-44
1.67000000e+04 6.56873910e-44 5.58684680e-44 5.24719488e-44
1.68000000e+04 6.56360494e-44 5.59000577e-44 5.26315327e-44
1.69000000e+04 6.55862742e-44 5.59330407e-44 5.27896834e-44
1.70000000e+04 6.55380402e-44 5.59673662e-44 5.29464077e-44
1.71000000e+04 6.54913222e-44 5.60029846e-44 5.31017128e-44
1.72000000e+04 6.54460954e-44 5.60398477e-44 5.32556059e-44
1.73000000e+04 6.54023324e-44 5.60779087e-44 5.34080943e-44
1.74000000e+04 6.53600150e-44 5.61171217e-44 5.35591856e-44
1.75000000e+04 6.53191117e-44 5.61574423e-44 5.37088875e-44
1.76000000e+04 6.52796000e-44 5.61988271e-44 5.38572077e-44
1.77000000e+04 6.52414552e-44 5.62412341e-44 5.40041543e-44
1.78000000e+04 6.52046530e-44 5.62846193e-44 5.41497351e-44
1.79000000e+04 6.51691690e-44 5.63289511e-44 5.42939584e-44
1.80000000e+04 6.51349790e-44 5.63741824e-44 5.44368323e-44
1.81000000e+04 6.51020590e-44 5.64202781e-44 5.45783651e-44
1.82000000e+04 6.50703853e-44 5.64672014e-44 5.47185652e-44
1.83000000e+04 6.50399341e-44 5.65149165e-44 5.48574412e-44
1.84000000e+04 6.50106822e-44 5.65633884e-44 5.49950013e-44
1.85000000e+04 6.49826063e-44 5.66125864e-44 5.51312543e-44
1.86000000e+04 6.49556858e-44 5.66624685e-44 5.52662087e-44
1.87000000e+04 6.49298908e-44 5.67130114e-44 5.53998733e-44
1.88000000e+04 6.49052059e-44 5.67641812e-44 5.55322567e-44
1.89000000e+04 6.48816064e-44 5.68159473e-44 5.56633678e-44
1.90000000e+04 6.48590703e-44 5.68682804e-44 5.57932152e-44
1.91000000e+04 6.48375758e-44 5.69211517e-44 5.59218079e-44
1.92000000e+04 6.48171012e-44 5.69745333e-44 5.60491546e-44
1.93000000e+04 6.47976254e-44 5.70283980e-44 5.61752643e-44
1.94000000e+04 6.47791272e-44 5.70827196e-44 5.63001457e-44
1.95000000e+04 6.47615859e-44 5.71374724e-44 5.64238079e-44
1.96000000e+04 6.47449809e-44 5.71926314e-44 5.65462597e-44
1.97000000e+04 6.47292920e-44 5.72481725e-44 5.66675100e-44
1.98000000e+04 6.47144991e-44 5.73040720e-44 5.67875677e-44
1.99000000e+04 6.47005826e-44 5.73603072e-44 5.69064417e-44
2.00000000e+04 6.46875229e-44 5.74168559e-44 5.70241410e-44
2.01000000e+04 6.46753010e-44 5.74736963e-44 5.71406743e-44
2.02000000e+04 6.46638977e-44 5.75308076e-44 5.72560507e-44
2.03000000e+04 6.46532945e-44 5.75881693e-44 5.73702790e-44
2.04000000e+04 6.46434731e-44 5.76457618e-44 5.74833680e-44
2.05000000e+04 6.46344152e-44 5.77035656e-44 5.75953266e-44
2.06000000e+04 6.46261030e-44 5.77615623e-44 5.77061636e-44
2.07000000e+04 6.46185190e-44 5.78197336e-44 5.78158877e-44
2.08000000e+04 6.46116457e-44 5.78780620e-44 5.79245079e-44
2.09000000e+04 6.46054663e-44 5.79365304e-44 5.80320328e-44
2.10000000e+04 6.45999638e-44 5.79951222e-44 5.81384711e-44
2.11000000e+04 6.45951218e-44 5.80538213e-44 5.82438315e-44
2.12000000e+04 6.45909239e-44 5.81126121e-44 5.83481228e-44
2.13000000e+04 6.45873543e-44 5.81714795e-44 5.84513534e-44
2.14000000e+04 6.45843971e-44 5.82304087e-44 5.85535321e-44
2.15000000e+04 6.45820369e-44 5.82893855e-44 5.86546672e-44
2.16000000e+04 6.45802585e-44 5.83483961e-44 5.87547675e-44
2.17000000e+04 6.45790467e-44 5.84074270e-44 5.88538413e-44
2.18000000e+04 6.45783871e-44 5.84664652e-44 5.89518972e-44
2.19000000e+04 6.45782649e-44 5.85254982e-44 5.90489434e-44
2.20000000e+04 6.45786661e-44 5.85845136e-44 5.91449883e-44
2.21000000e+04 6.45795766e-44 5.86434998e-44 5.92400404e-44
2.22000000e+04 6.45809827e-44 5.87024451e-44 5.93341077e-44
2.23000000e+04 6.45828709e-44 5.87613385e-44 5.94271986e-44
2.24000000e+04 6.45852278e-44 5.88201691e-44 5.95193212e-44
2.25000000e+04 6.45880405e-44 5.88789266e-44 5.96104837e-44
2.26000000e+04 6.45912962e-44 5.89376008e-44 5.97006941e-44
2.27000000e+04 6.45949822e-44 5.89961821e-44 5.97899605e-44
2.28000000e+04 6.45990862e-44 5.90546608e-44 5.98782909e-44
2.29000000e+04 6.46035961e-44 5.91130278e-44 5.99656931e-44
2.30000000e+04 6.46085000e-44 5.91712743e-44 6.00521752e-44
2.31000000e+04 6.46137784e-44 5.92293916e-44 6.01377449e-44
2.32000000e+04 6.46194431e-44 5.92873715e-44 6.02224100e-44
2.33000000e+04 6.46254596e-44 5.93452060e-44 6.03061782e-44
2.34000000e+04 6.46318246e-44 5.94028873e-44 6.03890573e-44
2.35000000e+04 6.46385272e-44 5.94604080e-44 6.04710549e-44
2.36000000e+04 6.46455568e-44 5.95177606e-44 6.05521784e-44
2.37000000e+04 6.46529029e-44 5.95749384e-44 6.06324356e-44
2.38000000e+04 6.46605553e-44 5.96319345e-44 6.07118338e-44
2.39000000e+04 6.46685039e-44 5.96887424e-44 6.07903805e-44
2.40000000e+04 6.46767389e-44 5.97453558e-44 6.08680830e-44
2.41000000e+04 6.46852506e-44 5.98017686e-44 6.09449487e-44
2.42000000e+04 6.46940296e-44 5.98579750e-44 6.10209847e-44
2.43000000e+04 6.47030664e-44 5.99139694e-44 6.10961984e-44
2.44000000e+04 6.47123521e-44 5.99697463e-44 6.11705969e-44
2.45000000e+04 6.47218777e-44 6.00253004e-44 6.12441872e-44
2.46000000e+04 6.47316343e-44 6.00806267e-44 6.13169764e-44
2.47000000e+04 6.47416135e-44 6.01357204e-44 6.13889716e-44
2.48000000e+04 6.47518067e-44 6.01905768e-44 6.14601796e-44
2.49000000e+04 6.47622058e-44 6.02451914e-44 6.15306073e-44
2.50000000e+04 6.47728027e-44 6.02995599e-44 6.16002616e-44
2.51000000e+04 6.47835867e-44 6.03536780e-44 6.16691492e-44
2.52000000e+04 6.47945576e-44 6.04075420e-44 6.17372769e-44
2.53000000e+04 6.48057015e-44 6.04611478e-44 6.18046513e-44
2.54000000e+04 6.48170119e-44 6.05144918e-44 6.18712791e-44
2.55000000e+04 6.48284819e-44 6.05675706e-44 6.19371667e-44
2.56000000e+04 6.48401045e-44 6.06203807e-44 6.20023208e-44
2.57000000e+04 6.48518728e-44 6.06729190e-44 6.20667477e-44
2.58000000e+04 6.48637797e-44 6.07251823e-44 6.21304539e-44
2.59000000e+04 6.48758187e-44 6.07771677e-44 6.21934457e-44
2.60000000e+04 6.48879824e-44 6.08288724e-44 6.22557294e-44
2.61000000e+04 6.49002653e-44 6.08802936e-44 6.23173113e-44
2.62000000e+04 6.49126628e-44 6.09314289e-44 6.23782030e-44
2.63000000e+04 6.49251655e-44 6.09822757e-44 6.24383943e-44
2.64000000e+04 6.49377688e-44 6.10328273e-44 6.24979076e-44
2.65000000e+04 6.49504667e-44 6.10830949e-44 6.25567435e-44
2.66000000e+04 6.49632535e-44 6.11330630e-44 6.26149080e-44
2.67000000e+04 6.49761234e-44 6.11827341e-44 6.26724070e-44
2.68000000e+04 6.49890711e-44 6.12321062e-44 6.27292465e-44
2.69000000e+04 6.50020910e-44 6.12811777e-44 6.27854322e-44
2.70000000e+04 6.50151778e-44 6.13299467e-44 6.28409699e-44
2.71000000e+04 6.50283265e-44 6.13784119e-44 6.28958653e-44
2.72000000e+04 6.50415318e-44 6.14265716e-44 6.29501242e-44
2.73000000e+04 6.50547890e-44 6.14744244e-44 6.30037522e-44
2.74000000e+04 6.50680930e-44 6.15219691e-44 6.30567548e-44
2.75000000e+04 6.50814393e-44 6.15692045e-44 6.31091376e-44
2.76000000e+04 6.50948232e-44 6.16161294e-44 6.31609061e-44
2.77000000e+04 6.51082401e-44 6.16627428e-44 6.32120657e-44
2.78000000e+04 6.51216857e-44 6.17090436e-44 6.32626217e-44
2.79000000e+04 6.51351555e-44 6.17550311e-44 6.33125796e-44
2.80000000e+04 6.51486455e-44 6.18007043e-44 6.33619446e-44
2.81000000e+04 6.51621514e-44 6.18460626e-44 6.34107220e-44
2.82000000e+04 6.51756693e-44 6.18911052e-44 6.34589169e-44
2.83000000e+04 6.51891951e-44 6.19358316e-44 6.35065345e-44
2.84000000e+04 6.52027251e-44 6.19802412e-44 6.35535800e-44
2.85000000e+04 6.52162555e-44 6.20243336e-44 6.36000583e-44
2.86000000e+04 6.52297827e-44 6.20681083e-44 6.36459746e-44
2.87000000e+04 6.52433029e-44 6.21115649e-44 6.36913337e-44
2.88000000e+04 6.52568129e-44 6.21547033e-44 6.37361406e-44
2.89000000e+04 6.52703090e-44 6.21975231e-44 6.37804001e-44
2.90000000e+04 6.52837881e-44 6.22400243e-44 6.38241171e-44
2.91000000e+04 6.52972468e-44 6.22822066e-44 6.38672965e-44
2.92000000e+04 6.53106820e-44 6.23240699e-44 6.39099429e-44
2.93000000e+04 6.53240906e-44 6.23656144e-44 6.39520610e-44
2.94000000e+04 6.53374695e-44 6.24068400e-44 6.39936555e-44
2.95000000e+04 6.53508158e-44 6.24477468e-44 6.40347310e-44
2.96000000e+04 6.53641267e-44 6.24883349e-44 6.40752921e-44
2.97000000e+04 6.53773993e-44 6.25286044e-44 6.41153434e-44
2.98000000e+04 6.53906310e-44 6.25685557e-44 6.41548893e-44
2.99000000e+04 6.54038189e-44 6.26081889e-44 6.41939342e-44
3.00000000e+04 6.54169607e-44 6.26475044e-44 6.42324827e-44
3.01000000e+04 6.54300536e-44 6.26865024e-44 6.42705390e-44
3.02000000e+04 6.54430952e-44 6.27251835e-44 6.43081074e-44
3.03000000e+04 6.54560833e-44 6.27635479e-44 6.43451923e-44
3.04000000e+04 6.54690153e-44 6.28015961e-44 6.43817980e-44
3.05000000e+04 6.54818891e-44 6.28393287e-44 6.44179286e-44
3.06000000e+04 6.54947023e-44 6.28767461e-44 6.44535882e-44
3.07000000e+04 6.55074529e-44 6.29138489e-44 6.44887811e-44
3.08000000e+04 6.55201388e-44 6.29506376e-44 6.45235113e-44
3.09000000e+04 6.55327579e-44 6.29871129e-44 6.45577830e-44
3.10000000e+04 6.55453081e-44 6.30232754e-44 6.45916000e-44
3.11000000e+04 6.55577877e-44 6.30591259e-44 6.46249664e-44
3.12000000e+04 6.55701946e-44 6.30946649e-44 6.46578861e-44
3.13000000e+04 6.55825271e-44 6.31298932e-44 6.46903630e-44
3.14000000e+04 6.55947864e-44 6.31648115e-44 6.47224011e-44
3.15000000e+04 6.56069612e-44 6.31994208e-44 6.47540041e-44
3.16000000e+04 6.56190604e-44 6.32337217e-44 6.47851758e-44
3.17000000e+04 6.56310778e-44 6.32677150e-44 6.48159201e-44
3.18000000e+04 6.56430123e-44 6.33014017e-44 6.48462405e-44
3.19000000e+04 6.56548625e-44 6.33347825e-44 6.48761409e-44
3.20000000e+04 6.56666268e-44 6.33678584e-44 6.49056249e-44
3.21000000e+04 6.56783037e-44 6.34006302e-44 6.49346960e-44
3.22000000e+04 6.56898919e-44 6.34330990e-44 6.49633580e-44
3.23000000e+04 6.57013900e-44 6.34652656e-44 6.49916144e-44
3.24000000e+04 6.57127966e-44 6.34971310e-44 6.50194686e-44
3.25000000e+04 6.57241105e-44 6.35286961e-44 6.50469242e-44
3.26000000e+04 6.57353305e-44 6.35599621e-44 6.50739846e-44
3.27000000e+04 6.57464553e-44 6.35909298e-44 6.51006533e-44
3.28000000e+04 6.57574837e-44 6.36216004e-44 6.51269337e-44
3.29000000e+04 6.57684148e-44 6.36519779e-44 6.51528291e-44
3.30000000e+04 6.57792472e-44 6.36820540e-44 6.51783428e-44
3.31000000e+04 6.57899801e-44 6.37118393e-44 6.52034782e-44
3.32000000e+04 6.58006123e-44 6.37413317e-44 6.52282385e-44
3.33000000e+04 6.58111429e-44 6.37705322e-44 6.52526269e-44
3.34000000e+04 6.58215710e-44 6.37994420e-44 6.52766467e-44
3.35000000e+04 6.58318956e-44 6.38280621e-44 6.53003011e-44
3.36000000e+04 6.58421159e-44 6.38563937e-44 6.53235931e-44
3.37000000e+04 6.58522304e-44 6.38844380e-44 6.53465260e-44
3.38000000e+04 6.58622399e-44 6.39121960e-44 6.53691028e-44
3.39000000e+04 6.58721420e-44 6.39396690e-44 6.53913265e-44
3.40000000e+04 6.58819366e-44 6.39668581e-44 6.54132002e-44
3.41000000e+04 6.58916228e-44 6.39937645e-44 6.54347269e-44
3.42000000e+04 6.59012000e-44 6.40203893e-44 6.54559097e-44
3.43000000e+04 6.59106675e-44 6.40467337e-44 6.54767572e-44
3.44000000e+04 6.59200246e-44 6.40727991e-44 6.54972547e-44
3.45000000e+04 6.59292708e-44 6.40985864e-44 6.55174229e-44
3.46000000e+04 6.59384053e-44 6.41240970e-44 6.55372587e-44
3.47000000e+04 6.59474277e-44 6.41493320e-44 6.55567650e-44
3.48000000e+04 6.59563374e-44 6.41742927e-44 6.55759445e-44
3.49000000e+04 6.59651339e-44 6.41989804e-44 6.55948000e-44
3.50000000e+04 6.59738167e-44 6.42233961e-44 6.56133343e-44
3.51000000e+04 6.59823853e-44 6.42475412e-44 6.56315502e-44
3.52000000e+04 6.59908392e-44 6.42714187e-44 6.56494503e-44
3.53000000e+04 6.59991781e-44 6.42950245e-44 6.56670374e-44
3.54000000e+04 6.60074015e-44 6.43183651e-44 6.56843140e-44
3.55000000e+04 6.60155090e-44 6.43414401e-44 6.57012829e-44
3.56000000e+04 6.60235003e-44 6.43642507e-44 6.57179465e-44
3.57000000e+04 6.60313750e-44 6.43867981e-44 6.57343076e-44
3.58000000e+04 6.60391328e-44 6.44090836e-44 6.57503687e-44
3.59000000e+04 6.60467734e-44 6.44311084e-44 6.57661323e-44
3.60000000e+04 6.60542965e-44 6.44528738e-44 6.57816008e-44
3.61000000e+04 6.60617019e-44 6.44743811e-44 6.57967769e-44
3.62000000e+04 6.60689893e-44 6.44956316e-44 6.58116630e-44
3.63000000e+04 6.60761584e-44 6.45166264e-44 6.58262645e-44
3.64000000e+04 6.60832090e-44 6.45373669e-44 6.58405749e-44
3.65000000e+04 6.60901410e-44 6.45578543e-44 6.58546055e-44
3.66000000e+04 6.60969492e-44 6.45780899e-44 6.58683556e-44
3.67000000e+04 6.61036484e-44 6.45980749e-44 6.58818278e-44
3.68000000e+04 6.61102235e-44 6.46178107e-44 6.58950243e-44
3.69000000e+04 6.61166793e-44 6.46372985e-44 6.59079474e-44
3.70000000e+04 6.61230157e-44 6.46565394e-44 6.59205994e-44
3.71000000e+04 6.61292327e-44 6.46755349e-44 6.59329825e-44
3.72000000e+04 6.61353300e-44 6.46942862e-44 6.59450991e-44
3.73000000e+04 6.61413077e-44 6.47127945e-44 6.59569513e-44
3.74000000e+04 6.61471657e-44 6.47310611e-44 6.59685413e-44
3.75000000e+04 6.61529040e-44 6.47490873e-44 6.59798714e-44
3.76000000e+04 6.61585228e-44 6.47668742e-44 6.59909437e-44
3.77000000e+04 6.61640211e-44 6.47844233e-44 6.60017603e-44
3.78000000e+04 6.61694000e-44 6.48017356e-44 6.60123233e-44
3.79000000e+04 6.61746591e-44 6.48188126e-44 6.60226350e-44
3.80000000e+04 6.61797983e-44 6.48356553e-44 6.60326972e-44
3.81000000e+04 6.61848179e-44 6.48522651e-44 6.60425123e-44
3.82000000e+04 6.61897177e-44 6.48686433e-44 6.60520820e-44
3.83000000e+04 6.61944978e-44 6.48847910e-44 6.60614086e-44
3.84000000e+04 6.61991584e-44 6.49007096e-44 6.60704939e-44
3.85000000e+04 6.62036994e-44 6.49164001e-44 6.60793458e-44
3.86000000e+04 6.62081209e-44 6.49318640e-44 6.60879489e-44
3.87000000e+04 6.62124232e-44 6.49471023e-44 6.60963226e-44
3.88000000e+04 6.62166061e-44 6.49621165e-44 6.61044629e-44
3.89000000e+04 6.62206700e-44 6.49769075e-44 6.61123717e-44
3.90000000e+04 6.62246148e-44 6.49914768e-44 6.61200510e-44
3.91000000e+04 6.62284407e-44 6.50058254e-44 6.61275027e-44
3.92000000e+04 6.62321479e-44 6.50199547e-44 6.61347286e-44
3.93000000e+04 6.62357365e-44 6.50338659e-44 6.61417306e-44
3.94000000e+04 6.62392067e-44 6.50475601e-44 6.61485104e-44
3.95000000e+04 6.62425586e-44 6.50610385e-44 6.61550700e-44
3.96000000e+04 6.62457924e-44 6.50743025e-44 6.61614111e-44
3.97000000e+04 6.62489083e-44 6.50873530e-44 6.61675355e-44
3.98000000e+04 6.62519064e-44 6.51001914e-44 6.61734450e-44
3.99000000e+04 6.62547871e-44 6.51128189e-44 6.61791413e-44
4.00000000e+04 6.62575504e-44 6.51252366e-44 6.61846261e-44
4.01000000e+04 6.62601965e-44 6.51374457e-44 6.61899012e-44
4.02000000e+04 6.62627258e-44 6.51494474e-44 6.61949682e-44
4.03000000e+04 6.62651384e-44 6.51612428e-44 6.61998289e-44
4.04000000e+04 6.62674346e-44 6.51728332e-44 6.62044850e-44
4.05000000e+04 6.62696145e-44 6.51842197e-44 6.62089379e-44
4.06000000e+04 6.62716784e-44 6.51954034e-44 6.62131896e-44
4.07000000e+04 6.62736267e-44 6.52063856e-44 6.62172414e-44
4.08000000e+04 6.62754595e-44 6.52171673e-44 6.62210952e-44
4.09000000e+04 6.62771770e-44 6.52277498e-44 6.62247524e-44
4.10000000e+04 6.62787796e-44 6.52381309e-44 6.62282146e-44
4.11000000e+04 6.62802676e-44 6.52483213e-44 6.62314834e-44
4.12000000e+04 6.62816411e-44 6.52583128e-44 6.62345604e-44
4.13000000e+04 6.62829005e-44 6.52681094e-44 6.62374471e-44
4.14000000e+04 6.62840461e-44 6.52777125e-44 6.62401450e-44
4.15000000e+04 6.62850782e-44 6.52871230e-44 6.62426556e-44
4.16000000e+04 6.62859969e-44 6.52963422e-44 6.62449805e-44
4.17000000e+04 6.62868028e-44 6.53053711e-44 6.62471211e-44
4.18000000e+04 6.62874970e-44 6.53142108e-44 6.62490789e-44
4.19000000e+04 6.62880768e-44 6.53228624e-44 6.62508553e-44
4.20000000e+04 6.62885456e-44 6.53313271e-44 6.62524519e-44
4.21000000e+04 6.62889026e-44 6.53396059e-44 6.62538699e-44
4.22000000e+04 6.62891483e-44 6.53476999e-44 6.62551109e-44
4.23000000e+04 6.62892829e-44 6.53556101e-44 6.62561762e-44
4.24000000e+04 6.62893067e-44 6.53633377e-44 6.62570673e-44
4.25000000e+04 6.62892201e-44 6.53708837e-44 6.62577855e-44
4.26000000e+04 6.62890234e-44 6.53782492e-44 6.62583322e-44
4.27000000e+04 6.62887169e-44 6.53854353e-44 6.62587088e-44
4.28000000e+04 6.62883011e-44 6.53924430e-44 6.62589165e-44
4.29000000e+04 6.62877761e-44 6.53992733e-44 6.62589568e-44
4.30000000e+04 6.62871424e-44 6.54059273e-44 6.62588309e-44
4.31000000e+04 6.62864003e-44 6.54124061e-44 6.62585402e-44
4.32000000e+04 6.62855501e-44 6.54187106e-44 6.62580859e-44
4.33000000e+04 6.62845923e-44 6.54248419e-44 6.62574694e-44
4.34000000e+04 6.62835271e-44 6.54308010e-44 6.62566919e-44
4.35000000e+04 6.62823549e-44 6.54365890e-44 6.62557546e-44
4.36000000e+04 6.62810761e-44 6.54422068e-44 6.62546589e-44
4.37000000e+04 6.62796910e-44 6.54476556e-44 6.62534060e-44
4.38000000e+04 6.62782000e-44 6.54529361e-44 6.62519971e-44
4.39000000e+04 6.62766035e-44 6.54580495e-44 6.62504334e-44
4.40000000e+04 6.62749018e-44 6.54629968e-44 6.62487161e-44
4.41000000e+04 6.62730953e-44 6.54677758e-44 6.62468464e-44
4.42000000e+04 6.62711844e-44 6.54723969e-44 6.62448255e-44
4.43000000e+04 6.62691694e-44 6.54768517e-44 6.62426547e-44
4.44000000e+04 6.62670507e-44 6.54811442e-44 6.62403350e-44
4.45000000e+04 6.62648286e-44 6.54852755e-44 6.62378676e-44
4.46000000e+04 6.62625037e-44 6.54892465e-44 6.62352536e-44
4.47000000e+04 6.62600761e-44 6.54930582e-44 6.62324943e-44
4.48000000e+04 6.62575464e-44 6.54967115e-44 6.62295906e-44
4.49000000e+04 6.62549149e-44 6.55002074e-44 6.62265438e-44
4.50000000e+04 6.62521820e-44 6.55035467e-44 6.62233549e-44
4.51000000e+04 6.62493480e-44 6.55067305e-44 6.62200251e-44
4.52000000e+04 6.62464133e-44 6.55097597e-44 6.62165554e-44
4.53000000e+04 6.62433784e-44 6.55126352e-44 6.62129469e-44
4.54000000e+04 6.62402435e-44 6.55153579e-44 6.62092006e-44
4.55000000e+04 6.62370092e-44 6.55179288e-44 6.62053177e-44
4.56000000e+04 6.62336757e-44 6.55203487e-44 6.62012991e-44
4.57000000e+04 6.62302435e-44 6.55226185e-44 6.61971460e-44
4.58000000e+04 6.62267130e-44 6.55247392e-44 6.61928594e-44
4.59000000e+04 6.62230845e-44 6.55267117e-44 6.61884401e-44
4.60000000e+04 6.62193584e-44 6.55285368e-44 6.61838894e-44
4.61000000e+04 6.62155351e-44 6.55302155e-44 6.61792081e-44
4.62000000e+04 6.62116151e-44 6.55317485e-44 6.61743974e-44
4.63000000e+04 6.62075986e-44 6.55331368e-44 6.61694581e-44
4.64000000e+04 6.62034861e-44 6.55343814e-44 6.61643913e-44
4.65000000e+04 6.61992780e-44 6.55354829e-44 6.61591979e-44
4.66000000e+04 6.61949747e-44 6.55364423e-44 6.61538789e-44
4.67000000e+04 6.61905765e-44 6.55372604e-44 6.61484352e-44
4.68000000e+04 6.61860839e-44 6.55379382e-44 6.61428678e-44
4.69000000e+04 6.61814972e-44 6.55384764e-44 6.61371776e-44
4.70000000e+04 6.61768168e-44 6.55388759e-44 6.61313656e-44
4.71000000e+04 6.61720432e-44 6.55391375e-44 6.61254326e-44
4.72000000e+04 6.61671767e-44 6.55392620e-44 6.61193797e-44
4.73000000e+04 6.61622177e-44 6.55392503e-44 6.61132076e-44
4.74000000e+04 6.61571666e-44 6.55391032e-44 6.61069174e-44
4.75000000e+04 6.61520237e-44 6.55388216e-44 6.61005098e-44
4.76000000e+04 6.61467896e-44 6.55384061e-44 6.60939857e-44
4.77000000e+04 6.61414645e-44 6.55378577e-44 6.60873462e-44
4.78000000e+04 6.61360489e-44 6.55371772e-44 6.60805919e-44
4.79000000e+04 6.61305418e-44 6.55363653e-44 6.60737238e-44
4.80000000e+04 6.61249477e-44 6.55354228e-44 6.60667428e-44
4.81000000e+04 6.61192628e-44 6.55343505e-44 6.60596496e-44
4.82000000e+04 6.61134889e-44 6.55331493e-44 6.60524451e-44
4.83000000e+04 6.61076265e-44 6.55318199e-44 6.60451302e-44
4.84000000e+04 6.61016758e-44 6.55303630e-44 6.60377056e-44
4.85000000e+04 6.60956374e-44 6.55287794e-44 6.60301723e-44
4.86000000e+04 6.60895115e-44 6.55270700e-44 6.60225310e-44
4.87000000e+04 6.60832986e-44 6.55252354e-44 6.60147824e-44
4.88000000e+04 6.60769990e-44 6.55232764e-44 6.60069275e-44
4.89000000e+04 6.60706132e-44 6.55211938e-44 6.59989669e-44
4.90000000e+04 6.60641414e-44 6.55189884e-44 6.59909016e-44
4.91000000e+04 6.60575842e-44 6.55166608e-44 6.59827321e-44
4.92000000e+04 6.60509419e-44 6.55142118e-44 6.59744595e-44
4.93000000e+04 6.60442149e-44 6.55116421e-44 6.59660843e-44
4.94000000e+04 6.60374035e-44 6.55089525e-44 6.59576074e-44
4.95000000e+04 6.60305081e-44 6.55061437e-44 6.59490295e-44
4.96000000e+04 6.60235292e-44 6.55032164e-44 6.59403514e-44
4.97000000e+04 6.60164671e-44 6.55001714e-44 6.59315737e-44
4.98000000e+04 6.60093221e-44 6.54970093e-44 6.59226973e-44
4.99000000e+04 6.60020948e-44 6.54937309e-44 6.59137229e-44
5.00000000e+04 6.59947853e-44 6.54903368e-44 6.59046511e-44
