# Te [K]  Qff_DL [cm^5]  Qff_PL [cm^5]  Qff_KW [cm^5] int_DL  int_PL  int_KD abserr_int_DL  abserr_int_PL  abserr_int_KW
3.00000000e+02 3.79712768e-41 2.08685355e-40 3.30186021e-40 3.79712768e-41 2.08685355e-40 3.30186021e-40 2.17895350e-11 1.12394910e-10 1.84305329e-10
4.00000000e+02 4.54702055e-41 2.11697039e-40 3.31904300e-40 4.54702055e-41 2.11697039e-40 3.31904300e-40 3.90756969e-11 1.84708685e-10 2.82942753e-10
5.00000000e+02 5.24257664e-41 2.14569802e-40 3.33557737e-40 5.24257664e-41 2.14569802e-40 3.33557737e-40 6.48696540e-11 2.34103318e-10 4.06359622e-10
6.00000000e+02 5.89912648e-41 2.17336244e-40 3.35191089e-40 5.89912648e-41 2.17336244e-40 3.35191089e-40 9.58144985e-11 3.46906148e-10 5.28985909e-10
7.00000000e+02 6.52643192e-41 2.20018272e-40 3.36829676e-40 6.52643192e-41 2.20018272e-40 3.36829676e-40 1.32212851e-10 4.15167000e-10 6.88956671e-10
8.00000000e+02 7.13065249e-41 2.22631676e-40 3.38486329e-40 7.13065249e-41 2.22631676e-40 3.38486329e-40 1.73734619e-10 5.16691837e-10 8.39254609e-10
9.00000000e+02 7.71576334e-41 2.25187966e-40 3.40167078e-40 7.71576334e-41 2.25187966e-40 3.40167078e-40 2.26800436e-10 6.55481551e-10 1.01501289e-09
1.00000000e+03 8.28446440e-41 2.27695580e-40 3.41874432e-40 8.28446440e-41 2.27695580e-40 3.41874432e-40 2.85504847e-10 7.93579033e-10 1.17539872e-09
1.10000000e+03 8.83872739e-41 2.30160815e-40 3.43609088e-40 8.83872739e-41 2.30160815e-40 3.43609088e-40 3.52902093e-10 9.19815294e-10 1.32138071e-09
1.20000000e+03 9.38010833e-41 2.32588507e-40 3.45370807e-40 9.38010833e-41 2.32588507e-40 3.45370807e-40 4.25413627e-10 1.06010070e-09 1.57846178e-09
1.30000000e+03 9.90991606e-41 2.34982507e-40 3.47158883e-40 9.90991606e-41 2.34982507e-40 3.47158883e-40 5.03917582e-10 1.18379315e-09 1.75209540e-09
1.40000000e+03 1.04292972e-40 2.37345996e-40 3.48972404e-40 1.04292972e-40 2.37345996e-40 3.48972404e-40 6.02812098e-10 1.34519677e-09 2.00446985e-09
1.50000000e+03 1.09392757e-40 2.39681690e-40 3.50810407e-40 1.09392757e-40 2.39681690e-40 3.50810407e-40 6.97803332e-10 1.45423650e-09 2.16474255e-09
1.60000000e+03 1.14407696e-40 2.41991963e-40 3.52671968e-40 1.14407696e-40 2.41991963e-40 3.52671968e-40 8.10261477e-10 1.70826307e-09 2.48840900e-09
1.70000000e+03 1.19345977e-40 2.44278933e-40 3.54556253e-40 1.19345977e-40 2.44278933e-40 3.54556253e-40 9.16482238e-10 1.85812711e-09 2.66538325e-09
1.80000000e+03 1.24214835e-40 2.46544510e-40 3.56462541e-40 1.24214835e-40 2.46544510e-40 3.56462541e-40 1.04699680e-09 2.05265392e-09 2.93890002e-09
1.90000000e+03 1.29020593e-40 2.48790437e-40 3.58390233e-40 1.29020593e-40 2.48790437e-40 3.58390233e-40 1.17851057e-09 2.27598097e-09 3.14549935e-09
2.00000000e+03 1.33768706e-40 2.51018311e-40 3.60338848e-40 1.33768706e-40 2.51018311e-40 3.60338848e-40 1.30199707e-09 2.37750257e-09 3.53754112e-09
2.10000000e+03 1.38463831e-40 2.53229610e-40 3.62308014e-40 1.38463831e-40 2.53229610e-40 3.62308014e-40 1.47002834e-09 2.66842527e-09 3.82907814e-09
2.20000000e+03 1.43109901e-40 2.55425703e-40 3.64297451e-40 1.43109901e-40 2.55425703e-40 3.64297451e-40 1.61684281e-09 2.90925706e-09 4.10470194e-09
2.30000000e+03 1.47710199e-40 2.57607867e-40 3.66306961e-40 1.47710199e-40 2.57607867e-40 3.66306961e-40 1.79201936e-09 3.13521013e-09 4.36419484e-09
2.40000000e+03 1.52267447e-40 2.59777299e-40 3.68336411e-40 1.52267447e-40 2.59777299e-40 3.68336411e-40 1.95741255e-09 3.28653038e-09 4.77646375e-09
2.50000000e+03 1.56783878e-40 2.61935128e-40 3.70385718e-40 1.56783878e-40 2.61935128e-40 3.70385718e-40 2.13404271e-09 3.51912526e-09 5.10955038e-09
2.60000000e+03 1.61261319e-40 2.64082420e-40 3.72454841e-40 1.61261319e-40 2.64082420e-40 3.72454841e-40 2.33544269e-09 3.81139421e-09 5.28696056e-09
2.70000000e+03 1.65701252e-40 2.66220188e-40 3.74543771e-40 1.65701252e-40 2.66220188e-40 3.74543771e-40 2.56485359e-09 3.99325045e-09 5.78607642e-09
2.80000000e+03 1.70104883e-40 2.68349400e-40 3.76652516e-40 1.70104883e-40 2.68349400e-40 3.76652516e-40 2.77539959e-09 4.37124820e-09 6.12805382e-09
2.90000000e+03 1.74473190e-40 2.70470981e-40 3.78781102e-40 1.74473190e-40 2.70470981e-40 3.78781102e-40 3.00872575e-09 4.66094568e-09 6.54474428e-09
3.00000000e+03 1.78806974e-40 2.72585819e-40 3.80929565e-40 1.78806974e-40 2.72585819e-40 3.80929565e-40 3.22447232e-09 4.93651446e-09 6.91016212e-09
3.10000000e+03 1.83106902e-40 2.74694769e-40 3.83097946e-40 1.83106902e-40 2.74694769e-40 3.83097946e-40 3.46525345e-09 5.22004653e-09 7.10811041e-09
3.20000000e+03 1.87373535e-40 2.76798659e-40 3.85286290e-40 1.87373535e-40 2.76798659e-40 3.85286290e-40 3.71332823e-09 5.46887034e-09 7.57342703e-09
3.30000000e+03 1.91607360e-40 2.78898285e-40 3.87494640e-40 1.91607360e-40 2.78898285e-40 3.87494640e-40 4.00965524e-09 5.69994430e-09 8.09258740e-09
3.40000000e+03 1.95808816e-40 2.80994421e-40 3.89723041e-40 1.95808816e-40 2.80994421e-40 3.89723041e-40 4.28507045e-09 6.11130562e-09 8.48699883e-09
3.50000000e+03 1.99978309e-40 2.83087814e-40 3.91971538e-40 1.99978309e-40 2.83087814e-40 3.91971538e-40 4.56386157e-09 6.42497319e-09 8.93469135e-09
3.60000000e+03 2.04116228e-40 2.85179193e-40 3.94240172e-40 2.04116228e-40 2.85179193e-40 3.94240172e-40 4.84698704e-09 6.81538492e-09 9.20991675e-09
3.70000000e+03 2.08222960e-40 2.87269261e-40 3.96528984e-40 2.08222960e-40 2.87269261e-40 3.96528984e-40 5.17089787e-09 7.09586371e-09 9.72875890e-09
3.80000000e+03 2.12298896e-40 2.89358704e-40 3.98838012e-40 2.12298896e-40 2.89358704e-40 3.98838012e-40 5.48877227e-09 7.50239155e-09 1.01913569e-08
3.90000000e+03 2.16344442e-40 2.91448186e-40 4.01167296e-40 2.16344442e-40 2.91448186e-40 4.01167296e-40 5.79321628e-09 7.85437171e-09 1.06450093e-08
4.00000000e+03 2.20360020e-40 2.93538355e-40 4.03516871e-40 2.20360020e-40 2.93538355e-40 4.03516871e-40 6.12282068e-09 8.20297011e-09 1.12859709e-08
4.10000000e+03 2.24346072e-40 2.95629836e-40 4.05886776e-40 2.24346072e-40 2.95629836e-40 4.05886776e-40 6.50016291e-09 8.57527939e-09 1.17610894e-08
4.20000000e+03 2.28303067e-40 2.97723241e-40 4.08277049e-40 2.28303067e-40 2.97723241e-40 4.08277049e-40 6.85044844e-09 8.96542308e-09 1.22347299e-08
4.30000000e+03 2.32231496e-40 2.99819162e-40 4.10687727e-40 2.32231496e-40 2.99819162e-40 4.10687727e-40 7.18092976e-09 9.22571121e-09 1.27979220e-08
4.40000000e+03 2.36131878e-40 3.01918174e-40 4.13118850e-40 2.36131878e-40 3.01918174e-40 4.13118850e-40 7.62140115e-09 9.73286056e-09 1.30612710e-08
4.50000000e+03 2.40004754e-40 3.04020836e-40 4.15570458e-40 2.40004754e-40 3.04020836e-40 4.15570458e-40 7.96542085e-09 1.00945902e-08 1.38810684e-08
4.60000000e+03 2.43850691e-40 3.06127691e-40 4.18042595e-40 2.43850691e-40 3.06127691e-40 4.18042595e-40 8.41178619e-09 1.04591930e-08 1.43192137e-08
4.70000000e+03 2.47670281e-40 3.08239268e-40 4.20535303e-40 2.47670281e-40 3.08239268e-40 4.20535303e-40 8.82559624e-09 1.09833751e-08 1.49468527e-08
4.80000000e+03 2.51464135e-40 3.10356076e-40 4.23048631e-40 2.51464135e-40 3.10356076e-40 4.23048631e-40 9.24213767e-09 1.13523748e-08 1.55338770e-08
4.90000000e+03 2.55232885e-40 3.12478616e-40 4.25582626e-40 2.55232885e-40 3.12478616e-40 4.25582626e-40 9.66552998e-09 1.17546798e-08 1.58560422e-08
5.00000000e+03 2.58977182e-40 3.14607368e-40 4.28137340e-40 2.58977182e-40 3.14607368e-40 4.28137340e-40 1.00828740e-08 1.23037841e-08 1.66579660e-08
5.10000000e+03 2.62697693e-40 3.16742803e-40 4.30712826e-40 2.62697693e-40 3.16742803e-40 4.30712826e-40 1.04946424e-08 1.25512352e-08 1.72887330e-08
5.20000000e+03 2.66395100e-40 3.18885377e-40 4.33309140e-40 2.66395100e-40 3.18885377e-40 4.33309140e-40 1.09734503e-08 1.32212356e-08 1.79721504e-08
5.30000000e+03 2.70070099e-40 3.21035531e-40 4.35926339e-40 2.70070099e-40 3.21035531e-40 4.35926339e-40 1.15321956e-08 1.36511468e-08 1.85912628e-08
5.40000000e+03 2.73723395e-40 3.23193696e-40 4.38564484e-40 2.73723395e-40 3.23193696e-40 4.38564484e-40 1.20108801e-08 1.41096223e-08 1.92115337e-08
5.50000000e+03 2.77355704e-40 3.25360290e-40 4.41223637e-40 2.77355704e-40 3.25360290e-40 4.41223637e-40 1.24885720e-08 1.46171773e-08 1.97214659e-08
5.60000000e+03 2.80967748e-40 3.27535719e-40 4.43903862e-40 2.80967748e-40 3.27535719e-40 4.43903862e-40 1.30287077e-08 1.51679828e-08 2.02858083e-08
5.70000000e+03 2.84560256e-40 3.29720376e-40 4.46605225e-40 2.84560256e-40 3.29720376e-40 4.46605225e-40 1.34817487e-08 1.56462518e-08 2.10486378e-08
5.80000000e+03 2.88133962e-40 3.31914647e-40 4.49327794e-40 2.88133962e-40 3.31914647e-40 4.49327794e-40 1.40527840e-08 1.62164482e-08 2.18849591e-08
5.90000000e+03 2.91689601e-40 3.34118902e-40 4.52071638e-40 2.91689601e-40 3.34118902e-40 4.52071638e-40 1.45970874e-08 1.67342814e-08 2.25747202e-08
6.00000000e+03 2.95227910e-40 3.36333505e-40 4.54836826e-40 2.95227910e-40 3.36333505e-40 4.54836826e-40 1.50793773e-08 1.72208677e-08 2.33496380e-08
6.10000000e+03 2.98749628e-40 3.38558808e-40 4.57623430e-40 2.98749628e-40 3.38558808e-40 4.57623430e-40 1.56314655e-08 1.78296266e-08 2.40634490e-08
6.20000000e+03 3.02255490e-40 3.40795154e-40 4.60431522e-40 3.02255490e-40 3.40795154e-40 4.60431522e-40 1.62221556e-08 1.83538097e-08 2.48791665e-08
6.30000000e+03 3.05746232e-40 3.43042877e-40 4.63261174e-40 3.05746232e-40 3.43042877e-40 4.63261174e-40 1.68950316e-08 1.89443242e-08 2.52764859e-08
6.40000000e+03 3.09222585e-40 3.45302300e-40 4.66112461e-40 3.09222585e-40 3.45302300e-40 4.66112461e-40 1.74415515e-08 1.95223356e-08 2.61658328e-08
6.50000000e+03 3.12685275e-40 3.47573740e-40 4.68985455e-40 3.12685275e-40 3.47573740e-40 4.68985455e-40 1.80543730e-08 1.98803546e-08 2.71046102e-08
6.60000000e+03 3.16135025e-40 3.49857504e-40 4.71880230e-40 3.16135025e-40 3.49857504e-40 4.71880230e-40 1.86712225e-08 2.07553933e-08 2.78472374e-08
6.70000000e+03 3.19572552e-40 3.52153891e-40 4.74796858e-40 3.19572552e-40 3.52153891e-40 4.74796858e-40 1.92878553e-08 2.13607539e-08 2.85171707e-08
6.80000000e+03 3.22998565e-40 3.54463193e-40 4.77735413e-40 3.22998565e-40 3.54463193e-40 4.77735413e-40 1.98942252e-08 2.17200378e-08 2.94927650e-08
6.90000000e+03 3.26413768e-40 3.56785692e-40 4.80695968e-40 3.26413768e-40 3.56785692e-40 4.80695968e-40 2.06816404e-08 2.23921050e-08 3.02514817e-08
7.00000000e+03 3.29818857e-40 3.59121666e-40 4.83678593e-40 3.29818857e-40 3.59121666e-40 4.83678593e-40 2.13571784e-08 2.31896194e-08 3.13017815e-08
7.10000000e+03 3.33214517e-40 3.61471384e-40 4.86683361e-40 3.33214517e-40 3.61471384e-40 4.86683361e-40 2.19683566e-08 2.37889909e-08 3.21469579e-08
7.20000000e+03 3.36601429e-40 3.63835106e-40 4.89710340e-40 3.36601429e-40 3.63835106e-40 4.89710340e-40 2.27118804e-08 2.44756604e-08 3.29397908e-08
7.30000000e+03 3.39980261e-40 3.66213090e-40 4.92759600e-40 3.39980261e-40 3.66213090e-40 4.92759600e-40 2.33491290e-08 2.50021430e-08 3.37256915e-08
7.40000000e+03 3.43351674e-40 3.68605582e-40 4.95831207e-40 3.43351674e-40 3.68605582e-40 4.95831207e-40 2.41730221e-08 2.59017994e-08 3.49149038e-08
7.50000000e+03 3.46716318e-40 3.71012827e-40 4.98925229e-40 3.46716318e-40 3.71012827e-40 4.98925229e-40 2.48235993e-08 2.64167364e-08 3.56645969e-08
7.60000000e+03 3.50074835e-40 3.73435059e-40 5.02041729e-40 3.50074835e-40 3.73435059e-40 5.02041729e-40 2.55720343e-08 2.70307882e-08 3.63521691e-08
7.70000000e+03 3.53427855e-40 3.75872508e-40 5.05180771e-40 3.53427855e-40 3.75872508e-40 5.05180771e-40 2.63880241e-08 2.78583085e-08 3.74705749e-08
7.80000000e+03 3.56775997e-40 3.78325399e-40 5.08342415e-40 3.56775997e-40 3.78325399e-40 5.08342415e-40 2.70837664e-08 2.88064015e-08 3.83840936e-08
7.90000000e+03 3.60119873e-40 3.80793950e-40 5.11526721e-40 3.60119873e-40 3.80793950e-40 5.11526721e-40 2.78608138e-08 2.94174694e-08 3.96179004e-08
8.00000000e+03 3.63460081e-40 3.83278372e-40 5.14733746e-40 3.63460081e-40 3.83278372e-40 5.14733746e-40 2.87507819e-08 3.03382153e-08 4.05440591e-08
8.10000000e+03 3.66797209e-40 3.85778874e-40 5.17963546e-40 3.66797209e-40 3.85778874e-40 5.17963546e-40 2.94276931e-08 3.10501340e-08 4.16876685e-08
8.20000000e+03 3.70131836e-40 3.88295657e-40 5.21216173e-40 3.70131836e-40 3.88295657e-40 5.21216173e-40 3.03768234e-08 3.19069575e-08 4.26279374e-08
8.30000000e+03 3.73464528e-40 3.90828916e-40 5.24491680e-40 3.73464528e-40 3.90828916e-40 5.24491680e-40 3.12008134e-08 3.25075996e-08 4.38112297e-08
8.40000000e+03 3.76795841e-40 3.93378844e-40 5.27790113e-40 3.76795841e-40 3.93378844e-40 5.27790113e-40 3.20878149e-08 3.35022418e-08 4.49542543e-08
8.50000000e+03 3.80126322e-40 3.95945625e-40 5.31111521e-40 3.80126322e-40 3.95945625e-40 5.31111521e-40 3.28934762e-08 3.43046001e-08 4.59434625e-08
8.60000000e+03 3.83456504e-40 3.98529442e-40 5.34455948e-40 3.83456504e-40 3.98529442e-40 5.34455948e-40 3.38235931e-08 3.50574238e-08 4.71322673e-08
8.70000000e+03 3.86786911e-40 4.01130470e-40 5.37823435e-40 3.86786911e-40 4.01130470e-40 5.37823435e-40 3.45987163e-08 3.57058169e-08 4.82554389e-08
8.80000000e+03 3.90118056e-40 4.03748880e-40 5.41214021e-40 3.90118056e-40 4.03748880e-40 5.41214021e-40 3.54857876e-08 3.68836158e-08 4.91394105e-08
8.90000000e+03 3.93450442e-40 4.06384839e-40 5.44627744e-40 3.93450442e-40 4.06384839e-40 5.44627744e-40 3.64052042e-08 3.73709867e-08 5.03975897e-08
9.00000000e+03 3.96784561e-40 4.09038510e-40 5.48064639e-40 3.96784561e-40 4.09038510e-40 5.48064639e-40 3.74607262e-08 3.83621717e-08 5.17682640e-08
9.10000000e+03 4.00120892e-40 4.11710049e-40 5.51524738e-40 4.00120892e-40 4.11710049e-40 5.51524738e-40 3.84226891e-08 3.93055132e-08 5.29742921e-08
9.20000000e+03 4.03459908e-40 4.14399610e-40 5.55008070e-40 4.03459908e-40 4.14399610e-40 5.55008070e-40 3.94060604e-08 4.04493283e-08 5.39214744e-08
9.30000000e+03 4.06802069e-40 4.17107341e-40 5.58514662e-40 4.06802069e-40 4.17107341e-40 5.58514662e-40 4.03252349e-08 4.13422047e-08 5.53946526e-08
9.40000000e+03 4.10147825e-40 4.19833387e-40 5.62044539e-40 4.10147825e-40 4.19833387e-40 5.62044539e-40 4.13456599e-08 4.22156431e-08 5.66438444e-08
9.50000000e+03 4.13497615e-40 4.22577887e-40 5.65597724e-40 4.13497615e-40 4.22577887e-40 5.65597724e-40 4.23751659e-08 4.31728868e-08 5.77332460e-08
9.60000000e+03 4.16851871e-40 4.25340977e-40 5.69174235e-40 4.16851871e-40 4.25340977e-40 5.69174235e-40 4.32521014e-08 4.38243233e-08 5.91695056e-08
9.70000000e+03 4.20211012e-40 4.28122789e-40 5.72774091e-40 4.20211012e-40 4.28122789e-40 5.72774091e-40 4.44114208e-08 4.52697221e-08 5.99670451e-08
9.80000000e+03 4.23575449e-40 4.30923451e-40 5.76397305e-40 4.23575449e-40 4.30923451e-40 5.76397305e-40 4.53154469e-08 4.62192408e-08 6.11132936e-08
9.90000000e+03 4.26945582e-40 4.33743087e-40 5.80043890e-40 4.26945582e-40 4.33743087e-40 5.80043890e-40 4.64072541e-08 4.69490158e-08 6.27431237e-08
1.00000000e+04 4.30321802e-40 4.36581815e-40 5.83713855e-40 4.30321802e-40 4.36581815e-40 5.83713855e-40 4.75955546e-08 4.81222624e-08 6.41871489e-08
1.01000000e+04 4.33704492e-40 4.39439753e-40 5.87407208e-40 4.33704492e-40 4.39439753e-40 5.87407208e-40 4.86113355e-08 4.88228031e-08 6.58628563e-08
1.02000000e+04 4.37094025e-40 4.42317011e-40 5.91123954e-40 4.37094025e-40 4.42317011e-40 5.91123954e-40 4.98396077e-08 5.03205694e-08 6.67041137e-08
1.03000000e+04 4.40490763e-40 4.45213699e-40 5.94864095e-40 4.40490763e-40 4.45213699e-40 5.94864095e-40 5.08458736e-08 5.13529780e-08 6.87453537e-08
1.04000000e+04 4.43895061e-40 4.48129920e-40 5.98627631e-40 4.43895061e-40 4.48129920e-40 5.98627631e-40 5.20128466e-08 5.24666463e-08 7.00128672e-08
1.05000000e+04 4.47307266e-40 4.51065776e-40 6.02414559e-40 4.47307266e-40 4.51065776e-40 6.02414559e-40 5.30003198e-08 5.31352006e-08 7.14183992e-08
1.06000000e+04 4.50727714e-40 4.54021364e-40 6.06224875e-40 4.50727714e-40 4.54021364e-40 6.06224875e-40 5.44275863e-08 5.42369091e-08 7.29711319e-08
1.07000000e+04 4.54156733e-40 4.56996778e-40 6.10058572e-40 4.54156733e-40 4.56996778e-40 6.10058572e-40 5.55136037e-08 5.57291135e-08 7.40250203e-08
1.08000000e+04 4.57594645e-40 4.59992108e-40 6.13915640e-40 4.57594645e-40 4.59992108e-40 6.13915640e-40 5.66275369e-08 5.70096970e-08 7.54182932e-08
1.09000000e+04 4.61041761e-40 4.63007440e-40 6.17796068e-40 4.61041761e-40 4.63007440e-40 6.17796068e-40 5.80724699e-08 5.83077706e-08 7.76857032e-08
1.10000000e+04 4.64498384e-40 4.66042859e-40 6.21699842e-40 4.64498384e-40 4.66042859e-40 6.21699842e-40 5.90850378e-08 5.93675574e-08 7.90422346e-08
1.11000000e+04 4.67964812e-40 4.69098443e-40 6.25626947e-40 4.67964812e-40 4.69098443e-40 6.25626947e-40 6.02888552e-08 6.04019320e-08 8.01534018e-08
1.12000000e+04 4.71441330e-40 4.72174271e-40 6.29577363e-40 4.71441330e-40 4.72174271e-40 6.29577363e-40 6.18345103e-08 6.19245023e-08 8.24460153e-08
1.13000000e+04 4.74928221e-40 4.75270415e-40 6.33551071e-40 4.74928221e-40 4.75270415e-40 6.33551071e-40 6.31294423e-08 6.30280923e-08 8.41885062e-08
1.14000000e+04 4.78425757e-40 4.78386946e-40 6.37548049e-40 4.78425757e-40 4.78386946e-40 6.37548049e-40 6.42901757e-08 6.44224543e-08 8.51636819e-08
1.15000000e+04 4.81934202e-40 4.81523931e-40 6.41568271e-40 4.81934202e-40 4.81523931e-40 6.41568271e-40 6.56554244e-08 6.56813044e-08 8.70442757e-08
1.16000000e+04 4.85453816e-40 4.84681434e-40 6.45611712e-40 4.85453816e-40 4.84681434e-40 6.45611712e-40 6.70654149e-08 6.65859423e-08 8.92259910e-08
1.17000000e+04 4.88984850e-40 4.87859516e-40 6.49678344e-40 4.88984850e-40 4.87859516e-40 6.49678344e-40 6.84526457e-08 6.78922654e-08 9.03933004e-08
1.18000000e+04 4.92527546e-40 4.91058235e-40 6.53768134e-40 4.92527546e-40 4.91058235e-40 6.53768134e-40 6.95477892e-08 6.93399974e-08 9.23682380e-08
1.19000000e+04 4.96082142e-40 4.94277646e-40 6.57881053e-40 4.96082142e-40 4.94277646e-40 6.57881053e-40 7.11529744e-08 7.09993428e-08 9.36005208e-08
1.20000000e+04 4.99648869e-40 4.97517802e-40 6.62017065e-40 4.99648869e-40 4.97517802e-40 6.62017065e-40 7.24257196e-08 7.22125600e-08 9.57257111e-08
1.21000000e+04 5.03227950e-40 5.00778750e-40 6.66176134e-40 5.03227950e-40 5.00778750e-40 6.66176134e-40 7.41000059e-08 7.37291010e-08 9.80557199e-08
1.22000000e+04 5.06819603e-40 5.04060539e-40 6.70358223e-40 5.06819603e-40 5.04060539e-40 6.70358223e-40 7.55770215e-08 7.50474275e-08 9.99667283e-08
1.23000000e+04 5.10424037e-40 5.07363211e-40 6.74563292e-40 5.10424037e-40 5.07363211e-40 6.74563292e-40 7.70375466e-08 7.63365777e-08 1.01232359e-07
1.24000000e+04 5.14041458e-40 5.10686808e-40 6.78791301e-40 5.14041458e-40 5.10686808e-40 6.78791301e-40 7.84982929e-08 7.76897086e-08 1.03238194e-07
1.25000000e+04 5.17672065e-40 5.14031367e-40 6.83042205e-40 5.17672065e-40 5.14031367e-40 6.83042205e-40 7.99700537e-08 7.91434031e-08 1.04990853e-07
1.26000000e+04 5.21316048e-40 5.17396924e-40 6.87315961e-40 5.21316048e-40 5.17396924e-40 6.87315961e-40 8.14560816e-08 8.09674243e-08 1.07398744e-07
1.27000000e+04 5.24973597e-40 5.20783513e-40 6.91612523e-40 5.24973597e-40 5.20783513e-40 6.91612523e-40 8.30646193e-08 8.18896040e-08 1.09099512e-07
1.28000000e+04 5.28644890e-40 5.24191163e-40 6.95931843e-40 5.28644890e-40 5.24191163e-40 6.95931843e-40 8.44948423e-08 8.38010619e-08 1.11292779e-07
1.29000000e+04 5.32330103e-40 5.27619903e-40 7.00273872e-40 5.32330103e-40 5.27619903e-40 7.00273872e-40 8.62609990e-08 8.51767745e-08 1.13566187e-07
1.30000000e+04 5.36029405e-40 5.31069757e-40 7.04638558e-40 5.36029405e-40 5.31069757e-40 7.04638558e-40 8.77027882e-08 8.69190060e-08 1.15233149e-07
1.31000000e+04 5.39742962e-40 5.34540750e-40 7.09025851e-40 5.39742962e-40 5.34540750e-40 7.09025851e-40 8.93496079e-08 8.82834190e-08 1.17250500e-07
1.32000000e+04 5.43470931e-40 5.38032901e-40 7.13435696e-40 5.43470931e-40 5.38032901e-40 7.13435696e-40 9.07699144e-08 9.03149049e-08 1.19734196e-07
1.33000000e+04 5.47213467e-40 5.41546228e-40 7.17868039e-40 5.47213467e-40 5.41546228e-40 7.17868039e-40 9.24942536e-08 9.16613299e-08 1.20639502e-07
1.34000000e+04 5.50970717e-40 5.45080749e-40 7.22322823e-40 5.50970717e-40 5.45080749e-40 7.22322823e-40 9.42017303e-08 9.31188397e-08 1.23685536e-07
1.35000000e+04 5.54742826e-40 5.48636475e-40 7.26799991e-40 5.54742826e-40 5.48636475e-40 7.26799991e-40 9.62083148e-08 9.51331891e-08 1.25235697e-07
1.36000000e+04 5.58529931e-40 5.52213420e-40 7.31299483e-40 5.58529931e-40 5.52213420e-40 7.31299483e-40 9.77991205e-08 9.68618295e-08 1.28164012e-07
1.37000000e+04 5.62332168e-40 5.55811592e-40 7.35821241e-40 5.62332168e-40 5.55811592e-40 7.35821241e-40 9.94888789e-08 9.81846753e-08 1.30083320e-07
1.38000000e+04 5.66149664e-40 5.59430998e-40 7.40365203e-40 5.66149664e-40 5.59430998e-40 7.40365203e-40 1.01220974e-07 1.00149100e-07 1.32249694e-07
1.39000000e+04 5.69982545e-40 5.63071643e-40 7.44931306e-40 5.69982545e-40 5.63071643e-40 7.44931306e-40 1.03285366e-07 1.02092620e-07 1.34189720e-07
1.40000000e+04 5.73830930e-40 5.66733531e-40 7.49519487e-40 5.73830930e-40 5.66733531e-40 7.49519487e-40 1.05106926e-07 1.03899371e-07 1.35988847e-07
1.41000000e+04 5.77694936e-40 5.70416662e-40 7.54129681e-40 5.77694936e-40 5.70416662e-40 7.54129681e-40 1.06913240e-07 1.05639448e-07 1.39384736e-07
1.42000000e+04 5.81574673e-40 5.74121035e-40 7.58761823e-40 5.81574673e-40 5.74121035e-40 7.58761823e-40 1.08473833e-07 1.07467277e-07 1.42018288e-07
1.43000000e+04 5.85470248e-40 5.77846647e-40 7.63415845e-40 5.85470248e-40 5.77846647e-40 7.63415845e-40 1.10331920e-07 1.09014079e-07 1.44266256e-07
1.44000000e+04 5.89381765e-40 5.81593494e-40 7.68091682e-40 5.89381765e-40 5.81593494e-40 7.68091682e-40 1.12501829e-07 1.10745185e-07 1.46487077e-07
1.45000000e+04 5.93309322e-40 5.85361568e-40 7.72789262e-40 5.93309322e-40 5.85361568e-40 7.72789262e-40 1.14420314e-07 1.12213729e-07 1.48306422e-07
1.46000000e+04 5.97253014e-40 5.89150862e-40 7.77508518e-40 5.97253014e-40 5.89150862e-40 7.77508518e-40 1.16516347e-07 1.14680881e-07 1.51643167e-07
1.47000000e+04 6.01212933e-40 5.92961364e-40 7.82249379e-40 6.01212933e-40 5.92961364e-40 7.82249379e-40 1.18404603e-07 1.16758391e-07 1.53457740e-07
1.48000000e+04 6.05189165e-40 5.96793062e-40 7.87011773e-40 6.05189165e-40 5.96793062e-40 7.87011773e-40 1.20363077e-07 1.18070963e-07 1.55907591e-07
1.49000000e+04 6.09181795e-40 6.00645944e-40 7.91795629e-40 6.09181795e-40 6.00645944e-40 7.91795629e-40 1.22414667e-07 1.20863559e-07 1.59143399e-07
1.50000000e+04 6.13190901e-40 6.04519992e-40 7.96600873e-40 6.13190901e-40 6.04519992e-40 7.96600873e-40 1.24406993e-07 1.22355201e-07 1.60837645e-07
1.51000000e+04 6.17216560e-40 6.08415190e-40 8.01427431e-40 6.17216560e-40 6.08415190e-40 8.01427431e-40 1.26434486e-07 1.24000971e-07 1.64217924e-07
1.52000000e+04 6.21258846e-40 6.12331520e-40 8.06275230e-40 6.21258846e-40 6.12331520e-40 8.06275230e-40 1.28609753e-07 1.26275168e-07 1.65690311e-07
1.53000000e+04 6.25317827e-40 6.16268960e-40 8.11144193e-40 6.25317827e-40 6.16268960e-40 8.11144193e-40 1.30708955e-07 1.28162507e-07 1.69855952e-07
1.54000000e+04 6.29393570e-40 6.20227489e-40 8.16034245e-40 6.29393570e-40 6.20227489e-40 8.16034245e-40 1.32735273e-07 1.30948955e-07 1.72551983e-07
1.55000000e+04 6.33486138e-40 6.24207083e-40 8.20945310e-40 6.33486138e-40 6.24207083e-40 8.20945310e-40 1.35005514e-07 1.33143492e-07 1.74827765e-07
1.56000000e+04 6.37595590e-40 6.28207717e-40 8.25877311e-40 6.37595590e-40 6.28207717e-40 8.25877311e-40 1.37369915e-07 1.34887087e-07 1.76959887e-07
1.57000000e+04 6.41721982e-40 6.32229366e-40 8.30830169e-40 6.41721982e-40 6.32229366e-40 8.30830169e-40 1.39441270e-07 1.37178057e-07 1.79804893e-07
1.58000000e+04 6.45865370e-40 6.36272001e-40 8.35803806e-40 6.45865370e-40 6.36272001e-40 8.35803806e-40 1.41825750e-07 1.39546554e-07 1.82791536e-07
1.59000000e+04 6.50025802e-40 6.40335593e-40 8.40798143e-40 6.50025802e-40 6.40335593e-40 8.40798143e-40 1.43812242e-07 1.41942988e-07 1.86374961e-07
1.60000000e+04 6.54203326e-40 6.44420111e-40 8.45813101e-40 6.54203326e-40 6.44420111e-40 8.45813101e-40 1.46491883e-07 1.43834638e-07 1.89033346e-07
1.61000000e+04 6.58397989e-40 6.48525524e-40 8.50848600e-40 6.58397989e-40 6.48525524e-40 8.50848600e-40 1.48499718e-07 1.46135881e-07 1.91386172e-07
1.62000000e+04 6.62609830e-40 6.52651799e-40 8.55904559e-40 6.62609830e-40 6.52651799e-40 8.55904559e-40 1.51153159e-07 1.47680109e-07 1.95118356e-07
1.63000000e+04 6.66838891e-40 6.56798900e-40 8.60980897e-40 6.66838891e-40 6.56798900e-40 8.60980897e-40 1.53499829e-07 1.50585894e-07 1.96683403e-07
1.64000000e+04 6.71085206e-40 6.60966793e-40 8.66077533e-40 6.71085206e-40 6.60966793e-40 8.66077533e-40 1.55705038e-07 1.52917397e-07 2.00852828e-07
1.65000000e+04 6.75348811e-40 6.65155441e-40 8.71194386e-40 6.75348811e-40 6.65155441e-40 8.71194386e-40 1.58146380e-07 1.55171243e-07 2.04162839e-07
1.66000000e+04 6.79629737e-40 6.69364806e-40 8.76331372e-40 6.79629737e-40 6.69364806e-40 8.76331372e-40 1.60814516e-07 1.57305313e-07 2.06072667e-07
1.67000000e+04 6.83928013e-40 6.73594848e-40 8.81488410e-40 6.83928013e-40 6.73594848e-40 8.81488410e-40 1.63000113e-07 1.60576483e-07 2.10353166e-07
1.68000000e+04 6.88243666e-40 6.77845527e-40 8.86665417e-40 6.88243666e-40 6.77845527e-40 8.86665417e-40 1.65786329e-07 1.63113891e-07 2.13140450e-07
1.69000000e+04 6.92576719e-40 6.82116803e-40 8.91862308e-40 6.92576719e-40 6.82116803e-40 8.91862308e-40 1.67713377e-07 1.65196979e-07 2.16713823e-07
1.70000000e+04 6.96927195e-40 6.86408632e-40 8.97079002e-40 6.96927195e-40 6.86408632e-40 8.97079002e-40 1.70650659e-07 1.68345527e-07 2.19076618e-07
1.71000000e+04 7.01295113e-40 6.90720971e-40 9.02315413e-40 7.01295113e-40 6.90720971e-40 9.02315413e-40 1.73376320e-07 1.70128725e-07 2.23147397e-07
1.72000000e+04 7.05680492e-40 6.95053777e-40 9.07571458e-40 7.05680492e-40 6.95053777e-40 9.07571458e-40 1.75570462e-07 1.72819332e-07 2.25384821e-07
1.73000000e+04 7.10083345e-40 6.99407002e-40 9.12847053e-40 7.10083345e-40 6.99407002e-40 9.12847053e-40 1.78783340e-07 1.74789998e-07 2.29759627e-07
1.74000000e+04 7.14503687e-40 7.03780602e-40 9.18142112e-40 7.14503687e-40 7.03780602e-40 9.18142112e-40 1.81133772e-07 1.77992263e-07 2.32434957e-07
1.75000000e+04 7.18941528e-40 7.08174529e-40 9.23456551e-40 7.18941528e-40 7.08174529e-40 9.23456551e-40 1.83636003e-07 1.81158612e-07 2.35578750e-07
1.76000000e+04 7.23396878e-40 7.12588734e-40 9.28790285e-40 7.23396878e-40 7.12588734e-40 9.28790285e-40 1.86696786e-07 1.83629410e-07 2.39954675e-07
1.77000000e+04 7.27869744e-40 7.17023170e-40 9.34143229e-40 7.27869744e-40 7.17023170e-40 9.34143229e-40 1.89464804e-07 1.86241601e-07 2.42881466e-07
1.78000000e+04 7.32360131e-40 7.21477785e-40 9.39515298e-40 7.32360131e-40 7.21477785e-40 9.39515298e-40 1.92507479e-07 1.89603072e-07 2.45924776e-07
1.79000000e+04 7.36868042e-40 7.25952529e-40 9.44906405e-40 7.36868042e-40 7.25952529e-40 9.44906405e-40 1.95217283e-07 1.92215647e-07 2.49515299e-07
1.80000000e+04 7.41393480e-40 7.30447351e-40 9.50316465e-40 7.41393480e-40 7.30447351e-40 9.50316465e-40 1.97653466e-07 1.94617253e-07 2.53693927e-07
1.81000000e+04 7.45936444e-40 7.34962199e-40 9.55745393e-40 7.45936444e-40 7.34962199e-40 9.55745393e-40 2.00938095e-07 1.97267844e-07 2.55965897e-07
1.82000000e+04 7.50496932e-40 7.39497019e-40 9.61193103e-40 7.50496932e-40 7.39497019e-40 9.61193103e-40 2.03834254e-07 2.00399937e-07 2.60888859e-07
1.83000000e+04 7.55074940e-40 7.44051758e-40 9.66659509e-40 7.55074940e-40 7.44051758e-40 9.66659509e-40 2.06798694e-07 2.03786671e-07 2.63401637e-07
1.84000000e+04 7.59670464e-40 7.48626361e-40 9.72144524e-40 7.59670464e-40 7.48626361e-40 9.72144524e-40 2.09868679e-07 2.05811958e-07 2.66711590e-07
1.85000000e+04 7.64283496e-40 7.53220773e-40 9.77648063e-40 7.64283496e-40 7.53220773e-40 9.77648063e-40 2.12499913e-07 2.09779190e-07 2.71037419e-07
1.86000000e+04 7.68914028e-40 7.57834939e-40 9.83170039e-40 7.68914028e-40 7.57834939e-40 9.83170039e-40 2.15688670e-07 2.12547436e-07 2.75250002e-07
1.87000000e+04 7.73562051e-40 7.62468801e-40 9.88710368e-40 7.73562051e-40 7.62468801e-40 9.88710368e-40 2.18724819e-07 2.14832473e-07 2.79455382e-07
1.88000000e+04 7.78227552e-40 7.67122303e-40 9.94268961e-40 7.78227552e-40 7.67122303e-40 9.94268961e-40 2.21939469e-07 2.18458339e-07 2.83388915e-07
1.89000000e+04 7.82910519e-40 7.71795388e-40 9.99845734e-40 7.82910519e-40 7.71795388e-40 9.99845734e-40 2.25053837e-07 2.21743441e-07 2.85786455e-07
1.90000000e+04 7.87610937e-40 7.76487996e-40 1.00544060e-39 7.87610937e-40 7.76487996e-40 1.00544060e-39 2.28023050e-07 2.25041585e-07 2.89463910e-07
1.91000000e+04 7.92328792e-40 7.81200070e-40 1.01105347e-39 7.92328792e-40 7.81200070e-40 1.01105347e-39 2.31494411e-07 2.27328181e-07 2.94611966e-07
1.92000000e+04 7.97064066e-40 7.85931549e-40 1.01668427e-39 7.97064066e-40 7.85931549e-40 1.01668427e-39 2.34632818e-07 2.31163209e-07 2.99362632e-07
1.93000000e+04 8.01816740e-40 7.90682374e-40 1.02233289e-39 8.01816740e-40 7.90682374e-40 1.02233289e-39 2.37842481e-07 2.34132347e-07 3.03350970e-07
1.94000000e+04 8.06586795e-40 7.95452485e-40 1.02799927e-39 8.06586795e-40 7.95452485e-40 1.02799927e-39 2.40880330e-07 2.37109450e-07 3.05551183e-07
1.95000000e+04 8.11374211e-40 8.00241821e-40 1.03368331e-39 8.11374211e-40 8.00241821e-40 1.03368331e-39 2.44449557e-07 2.40886203e-07 3.11305299e-07
1.96000000e+04 8.16178965e-40 8.05050319e-40 1.03938493e-39 8.16178965e-40 8.05050319e-40 1.03938493e-39 2.47174491e-07 2.44231226e-07 3.14220682e-07
1.97000000e+04 8.21001034e-40 8.09877920e-40 1.04510404e-39 8.21001034e-40 8.09877920e-40 1.04510404e-39 2.50570949e-07 2.46778565e-07 3.17915426e-07
1.98000000e+04 8.25840394e-40 8.14724560e-40 1.05084056e-39 8.25840394e-40 8.14724560e-40 1.05084056e-39 2.54007608e-07 2.50783298e-07 3.23990314e-07
1.99000000e+04 8.30697019e-40 8.19590176e-40 1.05659440e-39 8.30697019e-40 8.19590176e-40 1.05659440e-39 2.57506948e-07 2.53035187e-07 3.28089256e-07
2.00000000e+04 8.35570883e-40 8.24474706e-40 1.06236547e-39 8.35570883e-40 8.24474706e-40 1.06236547e-39 2.60947360e-07 2.57577431e-07 3.31023618e-07
2.01000000e+04 8.40461959e-40 8.29378087e-40 1.06815369e-39 8.40461959e-40 8.29378087e-40 1.06815369e-39 2.65056450e-07 2.60243531e-07 3.36907701e-07
2.02000000e+04 8.45370217e-40 8.34300254e-40 1.07395898e-39 8.45370217e-40 8.34300254e-40 1.07395898e-39 2.68187807e-07 2.64860033e-07 3.40901962e-07
2.03000000e+04 8.50295628e-40 8.39241143e-40 1.07978125e-39 8.50295628e-40 8.39241143e-40 1.07978125e-39 2.72029548e-07 2.67164218e-07 3.45573420e-07
2.04000000e+04 8.55238162e-40 8.44200691e-40 1.08562041e-39 8.55238162e-40 8.44200691e-40 1.08562041e-39 2.75228524e-07 2.71597908e-07 3.48609580e-07
2.05000000e+04 8.60197788e-40 8.49178832e-40 1.09147638e-39 8.60197788e-40 8.49178832e-40 1.09147638e-39 2.79073691e-07 2.75008294e-07 3.53061308e-07
2.06000000e+04 8.65174471e-40 8.54175500e-40 1.09734908e-39 8.65174471e-40 8.54175500e-40 1.09734908e-39 2.82791161e-07 2.79148465e-07 3.59043351e-07
2.07000000e+04 8.70168181e-40 8.59190632e-40 1.10323843e-39 8.70168181e-40 8.59190632e-40 1.10323843e-39 2.85805192e-07 2.81373130e-07 3.63541264e-07
2.08000000e+04 8.75178882e-40 8.64224161e-40 1.10914433e-39 8.75178882e-40 8.64224161e-40 1.10914433e-39 2.90359362e-07 2.86558946e-07 3.65854098e-07
2.09000000e+04 8.80206539e-40 8.69276020e-40 1.11506670e-39 8.80206539e-40 8.69276020e-40 1.11506670e-39 2.93276021e-07 2.90607708e-07 3.72366184e-07
2.10000000e+04 8.85251117e-40 8.74346145e-40 1.12100547e-39 8.85251117e-40 8.74346145e-40 1.12100547e-39 2.97422081e-07 2.93660492e-07 3.76553465e-07
2.11000000e+04 8.90312579e-40 8.79434469e-40 1.12696054e-39 8.90312579e-40 8.79434469e-40 1.12696054e-39 3.01489500e-07 2.97315092e-07 3.81723263e-07
2.12000000e+04 8.95390888e-40 8.84540925e-40 1.13293184e-39 8.95390888e-40 8.84540925e-40 1.13293184e-39 3.05782095e-07 3.00800712e-07 3.85563623e-07
2.13000000e+04 9.00486006e-40 8.89665446e-40 1.13891928e-39 9.00486006e-40 8.89665446e-40 1.13891928e-39 3.09354750e-07 3.05770045e-07 3.91356235e-07
2.14000000e+04 9.05597894e-40 8.94807965e-40 1.14492278e-39 9.05597894e-40 8.94807965e-40 1.14492278e-39 3.13616499e-07 3.09685347e-07 3.96378913e-07
2.15000000e+04 9.10726513e-40 8.99968415e-40 1.15094225e-39 9.10726513e-40 8.99968415e-40 1.15094225e-39 3.17687844e-07 3.13995741e-07 4.00708271e-07
2.16000000e+04 9.15871821e-40 9.05146730e-40 1.15697762e-39 9.15871821e-40 9.05146730e-40 1.15697762e-39 3.21555049e-07 3.17453389e-07 4.05031645e-07
2.17000000e+04 9.21033780e-40 9.10342840e-40 1.16302880e-39 9.21033780e-40 9.10342840e-40 1.16302880e-39 3.25522966e-07 3.21396800e-07 4.10151984e-07
2.18000000e+04 9.26212347e-40 9.15556679e-40 1.16909571e-39 9.26212347e-40 9.15556679e-40 1.16909571e-39 3.29180541e-07 3.25296211e-07 4.15182108e-07
2.19000000e+04 9.31407480e-40 9.20788179e-40 1.17517827e-39 9.31407480e-40 9.20788179e-40 1.17517827e-39 3.34087318e-07 3.29824474e-07 4.20615838e-07
2.20000000e+04 9.36619137e-40 9.26037271e-40 1.18127639e-39 9.36619137e-40 9.26037271e-40 1.18127639e-39 3.38012791e-07 3.33201210e-07 4.26365875e-07
2.21000000e+04 9.41847274e-40 9.31303889e-40 1.18739001e-39 9.41847274e-40 9.31303889e-40 1.18739001e-39 3.42134088e-07 3.38498769e-07 4.31148386e-07
2.22000000e+04 9.47091849e-40 9.36587963e-40 1.19351903e-39 9.47091849e-40 9.36587963e-40 1.19351903e-39 3.46041480e-07 3.42624273e-07 4.35282851e-07
2.23000000e+04 9.52352816e-40 9.41889426e-40 1.19966337e-39 9.52352816e-40 9.41889426e-40 1.19966337e-39 3.50817032e-07 3.46319253e-07 4.41315662e-07
2.24000000e+04 9.57630131e-40 9.47208209e-40 1.20582296e-39 9.57630131e-40 9.47208209e-40 1.20582296e-39 3.55239681e-07 3.50841906e-07 4.47066078e-07
2.25000000e+04 9.62923748e-40 9.52544244e-40 1.21199772e-39 9.62923748e-40 9.52544244e-40 1.21199772e-39 3.58921364e-07 3.54947806e-07 4.52652696e-07
2.26000000e+04 9.68233622e-40 9.57897463e-40 1.21818757e-39 9.68233622e-40 9.57897463e-40 1.21818757e-39 3.63506185e-07 3.58416748e-07 4.57212546e-07
2.27000000e+04 9.73559708e-40 9.63267796e-40 1.22439242e-39 9.73559708e-40 9.63267796e-40 1.22439242e-39 3.68550271e-07 3.64469402e-07 4.62984511e-07
2.28000000e+04 9.78901957e-40 9.68655176e-40 1.23061220e-39 9.78901957e-40 9.68655176e-40 1.23061220e-39 3.72529557e-07 3.67561660e-07 4.67764260e-07
2.29000000e+04 9.84260323e-40 9.74059534e-40 1.23684683e-39 9.84260323e-40 9.74059534e-40 1.23684683e-39 3.77363972e-07 3.72911890e-07 4.74227557e-07
2.30000000e+04 9.89634759e-40 9.79480802e-40 1.24309624e-39 9.89634759e-40 9.79480802e-40 1.24309624e-39 3.82063716e-07 3.77749498e-07 4.79148310e-07
2.31000000e+04 9.95025217e-40 9.84918910e-40 1.24936033e-39 9.95025217e-40 9.84918910e-40 1.24936033e-39 3.85743607e-07 3.82514314e-07 4.85282742e-07
2.32000000e+04 1.00043165e-39 9.90373791e-40 1.25563905e-39 1.00043165e-39 9.90373791e-40 1.25563905e-39 3.91153788e-07 3.87271140e-07 4.88049378e-07
2.33000000e+04 1.00585401e-39 9.95845375e-40 1.26193230e-39 1.00585401e-39 9.95845375e-40 1.26193230e-39 3.95665812e-07 3.90690675e-07 4.94831908e-07
2.34000000e+04 1.01129224e-39 1.00133359e-39 1.26824002e-39 1.01129224e-39 1.00133359e-39 1.26824002e-39 4.00589788e-07 3.96296987e-07 5.01412578e-07
2.35000000e+04 1.01674630e-39 1.00683838e-39 1.27456213e-39 1.01674630e-39 1.00683838e-39 1.27456213e-39 4.04515188e-07 4.00254598e-07 5.07617646e-07
2.36000000e+04 1.02221613e-39 1.01235966e-39 1.28089854e-39 1.02221613e-39 1.01235966e-39 1.28089854e-39 4.10036492e-07 4.04621300e-07 5.12051171e-07
2.37000000e+04 1.02770170e-39 1.01789738e-39 1.28724919e-39 1.02770170e-39 1.01789738e-39 1.28724919e-39 4.14135850e-07 4.11060946e-07 5.19320105e-07
2.38000000e+04 1.03320294e-39 1.02345145e-39 1.29361399e-39 1.03320294e-39 1.02345145e-39 1.29361399e-39 4.19019991e-07 4.13993840e-07 5.25254949e-07
2.39000000e+04 1.03871981e-39 1.02902182e-39 1.29999288e-39 1.03871981e-39 1.02902182e-39 1.29999288e-39 4.23975688e-07 4.19162534e-07 5.30586181e-07
2.40000000e+04 1.04425225e-39 1.03460841e-39 1.30638578e-39 1.04425225e-39 1.03460841e-39 1.30638578e-39 4.29698872e-07 4.25775542e-07 5.37528207e-07
2.41000000e+04 1.04980022e-39 1.04021116e-39 1.31279261e-39 1.04980022e-39 1.04021116e-39 1.31279261e-39 4.34618522e-07 4.30636354e-07 5.41804594e-07
2.42000000e+04 1.05536367e-39 1.04583000e-39 1.31921331e-39 1.05536367e-39 1.04583000e-39 1.31921331e-39 4.39172049e-07 4.35221849e-07 5.46913331e-07
2.43000000e+04 1.06094253e-39 1.05146485e-39 1.32564778e-39 1.06094253e-39 1.05146485e-39 1.32564778e-39 4.44730564e-07 4.38451997e-07 5.53752795e-07
2.44000000e+04 1.06653677e-39 1.05711566e-39 1.33209597e-39 1.06653677e-39 1.05711566e-39 1.33209597e-39 4.48544847e-07 4.43576351e-07 5.61319582e-07
2.45000000e+04 1.07214632e-39 1.06278235e-39 1.33855780e-39 1.07214632e-39 1.06278235e-39 1.33855780e-39 4.54426305e-07 4.50880397e-07 5.67590719e-07
2.46000000e+04 1.07777115e-39 1.06846486e-39 1.34503320e-39 1.07777115e-39 1.06846486e-39 1.34503320e-39 4.59390156e-07 4.55316344e-07 5.74313793e-07
2.47000000e+04 1.08341118e-39 1.07416312e-39 1.35152209e-39 1.08341118e-39 1.07416312e-39 1.35152209e-39 4.64949344e-07 4.60703918e-07 5.78447639e-07
2.48000000e+04 1.08906638e-39 1.07987705e-39 1.35802441e-39 1.08906638e-39 1.07987705e-39 1.35802441e-39 4.69607874e-07 4.66644689e-07 5.85096992e-07
2.49000000e+04 1.09473669e-39 1.08560660e-39 1.36454007e-39 1.09473669e-39 1.08560660e-39 1.36454007e-39 4.75978543e-07 4.70965091e-07 5.92745705e-07
2.50000000e+04 1.10042206e-39 1.09135170e-39 1.37106902e-39 1.10042206e-39 1.09135170e-39 1.37106902e-39 4.80697494e-07 4.77025638e-07 5.98308971e-07
2.51000000e+04 1.10612243e-39 1.09711228e-39 1.37761117e-39 1.10612243e-39 1.09711228e-39 1.37761117e-39 4.85219911e-07 4.82219971e-07 6.06075417e-07
2.52000000e+04 1.11183775e-39 1.10288826e-39 1.38416646e-39 1.11183775e-39 1.10288826e-39 1.38416646e-39 4.91215241e-07 4.88198047e-07 6.12818452e-07
2.53000000e+04 1.11756797e-39 1.10867959e-39 1.39073482e-39 1.11756797e-39 1.10867959e-39 1.39073482e-39 4.96959513e-07 4.93056055e-07 6.16941975e-07
2.54000000e+04 1.12331304e-39 1.11448620e-39 1.39731617e-39 1.12331304e-39 1.11448620e-39 1.39731617e-39 5.02912915e-07 4.98802063e-07 6.25000279e-07
2.55000000e+04 1.12907290e-39 1.12030802e-39 1.40391046e-39 1.12907290e-39 1.12030802e-39 1.40391046e-39 5.08581415e-07 5.02624738e-07 6.32747022e-07
2.56000000e+04 1.13484749e-39 1.12614499e-39 1.41051760e-39 1.13484749e-39 1.12614499e-39 1.41051760e-39 5.14317679e-07 5.09112843e-07 6.37588840e-07
2.57000000e+04 1.14063677e-39 1.13199703e-39 1.41713754e-39 1.14063677e-39 1.13199703e-39 1.41713754e-39 5.20173183e-07 5.15522762e-07 6.45429154e-07
2.58000000e+04 1.14644068e-39 1.13786408e-39 1.42377019e-39 1.14644068e-39 1.13786408e-39 1.42377019e-39 5.25004057e-07 5.20163497e-07 6.50720576e-07
2.59000000e+04 1.15225917e-39 1.14374608e-39 1.43041551e-39 1.15225917e-39 1.14374608e-39 1.43041551e-39 5.30729683e-07 5.27255938e-07 6.58656524e-07
2.60000000e+04 1.15809219e-39 1.14964296e-39 1.43707340e-39 1.15809219e-39 1.14964296e-39 1.43707340e-39 5.37249263e-07 5.32930094e-07 6.65934325e-07
2.61000000e+04 1.16393967e-39 1.15555465e-39 1.44374382e-39 1.16393967e-39 1.15555465e-39 1.44374382e-39 5.41579188e-07 5.38646316e-07 6.71930197e-07
2.62000000e+04 1.16980157e-39 1.16148109e-39 1.45042669e-39 1.16980157e-39 1.16148109e-39 1.45042669e-39 5.48387667e-07 5.44943427e-07 6.77924093e-07
2.63000000e+04 1.17567783e-39 1.16742222e-39 1.45712195e-39 1.17567783e-39 1.16742222e-39 1.45712195e-39 5.54877567e-07 5.49175312e-07 6.85171725e-07
2.64000000e+04 1.18156841e-39 1.17337796e-39 1.46382953e-39 1.18156841e-39 1.17337796e-39 1.46382953e-39 5.60170008e-07 5.56622830e-07 6.92941169e-07
2.65000000e+04 1.18747323e-39 1.17934825e-39 1.47054936e-39 1.18747323e-39 1.17934825e-39 1.47054936e-39 5.65989913e-07 5.62688716e-07 6.98867846e-07
2.66000000e+04 1.19339226e-39 1.18533304e-39 1.47728138e-39 1.19339226e-39 1.18533304e-39 1.47728138e-39 5.72819771e-07 5.67167912e-07 7.05827506e-07
2.67000000e+04 1.19932544e-39 1.19133224e-39 1.48402552e-39 1.19932544e-39 1.19133224e-39 1.48402552e-39 5.78163060e-07 5.73876250e-07 7.14058144e-07
2.68000000e+04 1.20527270e-39 1.19734581e-39 1.49078173e-39 1.20527270e-39 1.19734581e-39 1.49078173e-39 5.85308395e-07 5.81008947e-07 7.20434043e-07
2.69000000e+04 1.21123401e-39 1.20337367e-39 1.49754993e-39 1.21123401e-39 1.20337367e-39 1.49754993e-39 5.90790366e-07 5.87339188e-07 7.31150852e-07
2.70000000e+04 1.21720931e-39 1.20941576e-39 1.50433005e-39 1.21720931e-39 1.20941576e-39 1.50433005e-39 5.97534993e-07 5.92135440e-07 7.38004416e-07
2.71000000e+04 1.22319853e-39 1.21547202e-39 1.51112205e-39 1.22319853e-39 1.21547202e-39 1.51112205e-39 6.03151552e-07 5.98737012e-07 7.44041037e-07
2.72000000e+04 1.22920164e-39 1.22154238e-39 1.51792585e-39 1.22920164e-39 1.22154238e-39 1.51792585e-39 6.10324967e-07 6.05678592e-07 7.50114819e-07
2.73000000e+04 1.23521857e-39 1.22762678e-39 1.52474140e-39 1.23521857e-39 1.22762678e-39 1.52474140e-39 6.16173333e-07 6.10882086e-07 7.59707593e-07
2.74000000e+04 1.24124927e-39 1.23372516e-39 1.53156862e-39 1.24124927e-39 1.23372516e-39 1.53156862e-39 6.21199221e-07 6.17269241e-07 7.66552036e-07
2.75000000e+04 1.24729368e-39 1.23983745e-39 1.53840746e-39 1.24729368e-39 1.23983745e-39 1.53840746e-39 6.29274781e-07 6.23982070e-07 7.75802182e-07
2.76000000e+04 1.25335176e-39 1.24596360e-39 1.54525786e-39 1.25335176e-39 1.24596360e-39 1.54525786e-39 6.34947800e-07 6.31367007e-07 7.83509410e-07
2.77000000e+04 1.25942345e-39 1.25210353e-39 1.55211975e-39 1.25942345e-39 1.25210353e-39 1.55211975e-39 6.42132636e-07 6.37218590e-07 7.88005382e-07
2.78000000e+04 1.26550870e-39 1.25825719e-39 1.55899307e-39 1.26550870e-39 1.25825719e-39 1.55899307e-39 6.47649225e-07 6.43831778e-07 7.98338986e-07
2.79000000e+04 1.27160745e-39 1.26442451e-39 1.56587777e-39 1.27160745e-39 1.26442451e-39 1.56587777e-39 6.55580966e-07 6.50873575e-07 8.05195129e-07
2.80000000e+04 1.27771965e-39 1.27060543e-39 1.57277378e-39 1.27771965e-39 1.27060543e-39 1.57277378e-39 6.62140932e-07 6.58906298e-07 8.15187368e-07
2.81000000e+04 1.28384524e-39 1.27679990e-39 1.57968104e-39 1.28384524e-39 1.27679990e-39 1.57968104e-39 6.69080271e-07 6.64679862e-07 8.22563643e-07
2.82000000e+04 1.28998418e-39 1.28300785e-39 1.58659950e-39 1.28998418e-39 1.28300785e-39 1.58659950e-39 6.75917882e-07 6.71822887e-07 8.29045251e-07
2.83000000e+04 1.29613641e-39 1.28922921e-39 1.59352909e-39 1.29613641e-39 1.28922921e-39 1.59352909e-39 6.81960074e-07 6.79067378e-07 8.37363409e-07
2.84000000e+04 1.30230187e-39 1.29546393e-39 1.60046976e-39 1.30230187e-39 1.29546393e-39 1.60046976e-39 6.89441322e-07 6.86161766e-07 8.46178938e-07
2.85000000e+04 1.30848052e-39 1.30171195e-39 1.60742144e-39 1.30848052e-39 1.30171195e-39 1.60742144e-39 6.96601558e-07 6.92363582e-07 8.54390789e-07
2.86000000e+04 1.31467230e-39 1.30797320e-39 1.61438409e-39 1.31467230e-39 1.30797320e-39 1.61438409e-39 7.03776686e-07 6.98035188e-07 8.61767127e-07
2.87000000e+04 1.32087716e-39 1.31424763e-39 1.62135763e-39 1.32087716e-39 1.31424763e-39 1.62135763e-39 7.10854803e-07 7.04662850e-07 8.70753928e-07
2.88000000e+04 1.32709504e-39 1.32053518e-39 1.62834203e-39 1.32709504e-39 1.32053518e-39 1.62834203e-39 7.17799844e-07 7.13025834e-07 8.79164701e-07
2.89000000e+04 1.33332590e-39 1.32683579e-39 1.63533720e-39 1.33332590e-39 1.32683579e-39 1.63533720e-39 7.24751151e-07 7.19072952e-07 8.88924919e-07
2.90000000e+04 1.33956967e-39 1.33314939e-39 1.64234311e-39 1.33956967e-39 1.33314939e-39 1.64234311e-39 7.31965438e-07 7.26282662e-07 8.94306104e-07
2.91000000e+04 1.34582632e-39 1.33947593e-39 1.64935970e-39 1.34582632e-39 1.33947593e-39 1.64935970e-39 7.39195018e-07 7.34876540e-07 9.03480542e-07
2.92000000e+04 1.35209578e-39 1.34581534e-39 1.65638690e-39 1.35209578e-39 1.34581534e-39 1.65638690e-39 7.46003853e-07 7.41452037e-07 9.13871841e-07
2.93000000e+04 1.35837800e-39 1.35216758e-39 1.66342467e-39 1.35837800e-39 1.35216758e-39 1.66342467e-39 7.53824142e-07 7.49276923e-07 9.21626764e-07
2.94000000e+04 1.36467294e-39 1.35853259e-39 1.67047295e-39 1.36467294e-39 1.35853259e-39 1.67047295e-39 7.59400618e-07 7.54628569e-07 9.31840322e-07
2.95000000e+04 1.37098054e-39 1.36491029e-39 1.67753168e-39 1.37098054e-39 1.36491029e-39 1.67753168e-39 7.67220587e-07 7.61816095e-07 9.40702963e-07
2.96000000e+04 1.37730074e-39 1.37130064e-39 1.68460081e-39 1.37730074e-39 1.37130064e-39 1.68460081e-39 7.75703014e-07 7.69737484e-07 9.46266496e-07
2.97000000e+04 1.38363350e-39 1.37770358e-39 1.69168028e-39 1.38363350e-39 1.37770358e-39 1.69168028e-39 7.83114858e-07 7.79411343e-07 9.55709996e-07
2.98000000e+04 1.38997877e-39 1.38411905e-39 1.69877005e-39 1.38997877e-39 1.38411905e-39 1.69877005e-39 7.90456263e-07 7.87213713e-07 9.64217026e-07
2.99000000e+04 1.39633649e-39 1.39054700e-39 1.70587006e-39 1.39633649e-39 1.39054700e-39 1.70587006e-39 7.98049814e-07 7.94440092e-07 9.73371457e-07
3.00000000e+04 1.40270662e-39 1.39698736e-39 1.71298025e-39 1.40270662e-39 1.39698736e-39 1.71298025e-39 8.05294559e-07 8.00605908e-07 9.85002457e-07
3.01000000e+04 1.40908909e-39 1.40344008e-39 1.72010057e-39 1.40908909e-39 1.40344008e-39 1.72010057e-39 8.13607017e-07 8.10996494e-07 9.91836194e-07
3.02000000e+04 1.41548387e-39 1.40990511e-39 1.72723098e-39 1.41548387e-39 1.40990511e-39 1.72723098e-39 8.20646632e-07 8.18669939e-07 9.98413934e-07
3.03000000e+04 1.42189090e-39 1.41638238e-39 1.73437141e-39 1.42189090e-39 1.41638238e-39 1.73437141e-39 8.30055033e-07 8.24734661e-07 1.01021598e-06
3.04000000e+04 1.42831013e-39 1.42287185e-39 1.74152182e-39 1.42831013e-39 1.42287185e-39 1.74152182e-39 8.37207926e-07 8.32557993e-07 1.01858055e-06
3.05000000e+04 1.43474151e-39 1.42937345e-39 1.74868216e-39 1.43474151e-39 1.42937345e-39 1.74868216e-39 8.45217462e-07 8.40864644e-07 1.03016393e-06
3.06000000e+04 1.44118499e-39 1.43588713e-39 1.75585237e-39 1.44118499e-39 1.43588713e-39 1.75585237e-39 8.52843129e-07 8.50133809e-07 1.03760641e-06
3.07000000e+04 1.44764051e-39 1.44241284e-39 1.76303241e-39 1.44764051e-39 1.44241284e-39 1.76303241e-39 8.61646703e-07 8.57638460e-07 1.04629911e-06
3.08000000e+04 1.45410804e-39 1.44895052e-39 1.77022222e-39 1.45410804e-39 1.44895052e-39 1.77022222e-39 8.67812057e-07 8.65350810e-07 1.05886360e-06
3.09000000e+04 1.46058752e-39 1.45550012e-39 1.77742175e-39 1.46058752e-39 1.45550012e-39 1.77742175e-39 8.77099672e-07 8.74622405e-07 1.06783046e-06
3.10000000e+04 1.46707890e-39 1.46206158e-39 1.78463096e-39 1.46707890e-39 1.46206158e-39 1.78463096e-39 8.85046649e-07 8.79237132e-07 1.07664582e-06
3.11000000e+04 1.47358213e-39 1.46863485e-39 1.79184980e-39 1.47358213e-39 1.46863485e-39 1.79184980e-39 8.94093602e-07 8.87644510e-07 1.08248419e-06
3.12000000e+04 1.48009716e-39 1.47521988e-39 1.79907821e-39 1.48009716e-39 1.47521988e-39 1.79907821e-39 9.02692998e-07 8.96361861e-07 1.09554912e-06
3.13000000e+04 1.48662394e-39 1.48181660e-39 1.80631615e-39 1.48662394e-39 1.48181660e-39 1.80631615e-39 9.10736245e-07 9.07135406e-07 1.10509544e-06
3.14000000e+04 1.49316243e-39 1.48842498e-39 1.81356356e-39 1.49316243e-39 1.48842498e-39 1.81356356e-39 9.19468281e-07 9.14661096e-07 1.11559977e-06
3.15000000e+04 1.49971257e-39 1.49504495e-39 1.82082041e-39 1.49971257e-39 1.49504495e-39 1.82082041e-39 9.26539723e-07 9.24579581e-07 1.12617269e-06
3.16000000e+04 1.50627432e-39 1.50167646e-39 1.82808665e-39 1.50627432e-39 1.50167646e-39 1.82808665e-39 9.35264104e-07 9.30928406e-07 1.13135289e-06
3.17000000e+04 1.51284763e-39 1.50831946e-39 1.83536222e-39 1.51284763e-39 1.50831946e-39 1.83536222e-39 9.44431490e-07 9.38904590e-07 1.14438247e-06
3.18000000e+04 1.51943245e-39 1.51497390e-39 1.84264708e-39 1.51943245e-39 1.51497390e-39 1.84264708e-39 9.52870166e-07 9.47420190e-07 1.15501947e-06
3.19000000e+04 1.52602873e-39 1.52163973e-39 1.84994119e-39 1.52602873e-39 1.52163973e-39 1.84994119e-39 9.61834312e-07 9.55337957e-07 1.16478533e-06
3.20000000e+04 1.53263642e-39 1.52831689e-39 1.85724449e-39 1.53263642e-39 1.52831689e-39 1.85724449e-39 9.70484779e-07 9.67320519e-07 1.17623315e-06
3.21000000e+04 1.53925548e-39 1.53500533e-39 1.86455694e-39 1.53925548e-39 1.53500533e-39 1.86455694e-39 9.78149638e-07 9.75313041e-07 1.18394013e-06
3.22000000e+04 1.54588586e-39 1.54170501e-39 1.87187850e-39 1.54588586e-39 1.54170501e-39 1.87187850e-39 9.86744324e-07 9.85391595e-07 1.19656270e-06
3.23000000e+04 1.55252752e-39 1.54841587e-39 1.87920912e-39 1.55252752e-39 1.54841587e-39 1.87920912e-39 9.97049409e-07 9.92726611e-07 1.20614655e-06
3.24000000e+04 1.55918040e-39 1.55513785e-39 1.88654875e-39 1.55918040e-39 1.55513785e-39 1.88654875e-39 1.00591434e-06 1.00187918e-06 1.21682852e-06
3.25000000e+04 1.56584446e-39 1.56187092e-39 1.89389735e-39 1.56584446e-39 1.56187092e-39 1.89389735e-39 1.01403685e-06 1.01224460e-06 1.22467510e-06
3.26000000e+04 1.57251964e-39 1.56861502e-39 1.90125488e-39 1.57251964e-39 1.56861502e-39 1.90125488e-39 1.02314679e-06 1.02117471e-06 1.23847732e-06
3.27000000e+04 1.57920592e-39 1.57537010e-39 1.90862130e-39 1.57920592e-39 1.57537010e-39 1.90862130e-39 1.03310470e-06 1.02915466e-06 1.24807434e-06
3.28000000e+04 1.58590323e-39 1.58213612e-39 1.91599655e-39 1.58590323e-39 1.58213612e-39 1.91599655e-39 1.04236144e-06 1.03709981e-06 1.25940305e-06
3.29000000e+04 1.59261154e-39 1.58891301e-39 1.92338059e-39 1.59261154e-39 1.58891301e-39 1.92338059e-39 1.05119036e-06 1.04740666e-06 1.26850727e-06
3.30000000e+04 1.59933080e-39 1.59570074e-39 1.93077339e-39 1.59933080e-39 1.59570074e-39 1.93077339e-39 1.06062939e-06 1.05649434e-06 1.28049192e-06
3.31000000e+04 1.60606095e-39 1.60249925e-39 1.93817489e-39 1.60606095e-39 1.60249925e-39 1.93817489e-39 1.06944592e-06 1.06768145e-06 1.29186057e-06
3.32000000e+04 1.61280197e-39 1.60930850e-39 1.94558506e-39 1.61280197e-39 1.60930850e-39 1.94558506e-39 1.07907239e-06 1.07481427e-06 1.29921770e-06
3.33000000e+04 1.61955379e-39 1.61612843e-39 1.95300386e-39 1.61955379e-39 1.61612843e-39 1.95300386e-39 1.08889632e-06 1.08354014e-06 1.31302740e-06
3.34000000e+04 1.62631638e-39 1.62295901e-39 1.96043123e-39 1.62631638e-39 1.62295901e-39 1.96043123e-39 1.09821720e-06 1.09363962e-06 1.32436658e-06
3.35000000e+04 1.63308969e-39 1.62980018e-39 1.96786715e-39 1.63308969e-39 1.62980018e-39 1.96786715e-39 1.10708181e-06 1.10442611e-06 1.33450977e-06
3.36000000e+04 1.63987367e-39 1.63665189e-39 1.97531156e-39 1.63987367e-39 1.63665189e-39 1.97531156e-39 1.11658858e-06 1.11315799e-06 1.34509525e-06
3.37000000e+04 1.64666829e-39 1.64351410e-39 1.98276444e-39 1.64666829e-39 1.64351410e-39 1.98276444e-39 1.12745347e-06 1.12291019e-06 1.35495802e-06
3.38000000e+04 1.65347350e-39 1.65038676e-39 1.99022573e-39 1.65347350e-39 1.65038676e-39 1.99022573e-39 1.13718648e-06 1.13494575e-06 1.36673296e-06
3.39000000e+04 1.66028925e-39 1.65726983e-39 1.99769539e-39 1.66028925e-39 1.65726983e-39 1.99769539e-39 1.14410349e-06 1.13999549e-06 1.37445017e-06
3.40000000e+04 1.66711550e-39 1.66416326e-39 2.00517339e-39 1.66711550e-39 1.66416326e-39 2.00517339e-39 1.15427329e-06 1.15399688e-06 1.38759772e-06
3.41000000e+04 1.67395220e-39 1.67106699e-39 2.01265969e-39 1.67395220e-39 1.67106699e-39 2.01265969e-39 1.16455131e-06 1.16347022e-06 1.40047075e-06
3.42000000e+04 1.68079932e-39 1.67798099e-39 2.02015425e-39 1.68079932e-39 1.67798099e-39 2.02015425e-39 1.17465575e-06 1.17231389e-06 1.41191524e-06
3.43000000e+04 1.68765680e-39 1.68490522e-39 2.02765702e-39 1.68765680e-39 1.68490522e-39 2.02765702e-39 1.18652595e-06 1.18264674e-06 1.42518775e-06
3.44000000e+04 1.69452462e-39 1.69183962e-39 2.03516797e-39 1.69452462e-39 1.69183962e-39 2.03516797e-39 1.19612856e-06 1.19300897e-06 1.43725292e-06
3.45000000e+04 1.70140271e-39 1.69878414e-39 2.04268706e-39 1.70140271e-39 1.69878414e-39 2.04268706e-39 1.20647811e-06 1.20122647e-06 1.44792030e-06
3.46000000e+04 1.70829105e-39 1.70573876e-39 2.05021425e-39 1.70829105e-39 1.70573876e-39 2.05021425e-39 1.21658422e-06 1.21492844e-06 1.46000683e-06
3.47000000e+04 1.71518958e-39 1.71270341e-39 2.05774951e-39 1.71518958e-39 1.71270341e-39 2.05774951e-39 1.22625816e-06 1.22033548e-06 1.46855116e-06
3.48000000e+04 1.72209827e-39 1.71967807e-39 2.06529279e-39 1.72209827e-39 1.71967807e-39 2.06529279e-39 1.23690693e-06 1.23236860e-06 1.48218542e-06
3.49000000e+04 1.72901707e-39 1.72666267e-39 2.07284405e-39 1.72901707e-39 1.72666267e-39 2.07284405e-39 1.24481481e-06 1.24421413e-06 1.49429537e-06
3.50000000e+04 1.73594595e-39 1.73365718e-39 2.08040327e-39 1.73594595e-39 1.73365718e-39 2.08040327e-39 1.25769264e-06 1.25250591e-06 1.50646122e-06
3.51000000e+04 1.74288485e-39 1.74066156e-39 2.08797040e-39 1.74288485e-39 1.74066156e-39 2.08797040e-39 1.26666335e-06 1.26372641e-06 1.51944270e-06
3.52000000e+04 1.74983375e-39 1.74767576e-39 2.09554540e-39 1.74983375e-39 1.74767576e-39 2.09554540e-39 1.27748363e-06 1.27397603e-06 1.52759207e-06
3.53000000e+04 1.75679259e-39 1.75469974e-39 2.10312824e-39 1.75679259e-39 1.75469974e-39 2.10312824e-39 1.28898634e-06 1.28575594e-06 1.54188648e-06
3.54000000e+04 1.76376134e-39 1.76173346e-39 2.11071889e-39 1.76376134e-39 1.76173346e-39 2.11071889e-39 1.29794436e-06 1.29570511e-06 1.55178876e-06
3.55000000e+04 1.77073995e-39 1.76877686e-39 2.11831730e-39 1.77073995e-39 1.76877686e-39 2.11831730e-39 1.30762241e-06 1.30615703e-06 1.56450678e-06
3.56000000e+04 1.77772839e-39 1.77582993e-39 2.12592344e-39 1.77772839e-39 1.77582993e-39 2.12592344e-39 1.32155144e-06 1.31919294e-06 1.57847265e-06
3.57000000e+04 1.78472662e-39 1.78289259e-39 2.13353728e-39 1.78472662e-39 1.78289259e-39 2.13353728e-39 1.33070100e-06 1.32726064e-06 1.59179908e-06
3.58000000e+04 1.79173459e-39 1.78996483e-39 2.14115878e-39 1.79173459e-39 1.78996483e-39 2.14115878e-39 1.34147702e-06 1.33930960e-06 1.60359390e-06
3.59000000e+04 1.79875226e-39 1.79704660e-39 2.14878791e-39 1.79875226e-39 1.79704660e-39 2.14878791e-39 1.35410463e-06 1.35185472e-06 1.61659244e-06
3.60000000e+04 1.80577960e-39 1.80413784e-39 2.15642462e-39 1.80577960e-39 1.80413784e-39 2.15642462e-39 1.36361761e-06 1.35901513e-06 1.62582193e-06
3.61000000e+04 1.81281656e-39 1.81123853e-39 2.16406889e-39 1.81281656e-39 1.81123853e-39 2.16406889e-39 1.37590222e-06 1.37420275e-06 1.64266979e-06
3.62000000e+04 1.81986311e-39 1.81834863e-39 2.17172068e-39 1.81986311e-39 1.81834863e-39 2.17172068e-39 1.38713591e-06 1.38254910e-06 1.65290306e-06
3.63000000e+04 1.82691921e-39 1.82546809e-39 2.17937996e-39 1.82691921e-39 1.82546809e-39 2.17937996e-39 1.39676976e-06 1.39489272e-06 1.66186211e-06
3.64000000e+04 1.83398481e-39 1.83259686e-39 2.18704669e-39 1.83398481e-39 1.83259686e-39 2.18704669e-39 1.40945982e-06 1.40456950e-06 1.68048950e-06
3.65000000e+04 1.84105988e-39 1.83973492e-39 2.19472084e-39 1.84105988e-39 1.83973492e-39 2.19472084e-39 1.42053884e-06 1.41904149e-06 1.69327451e-06
3.66000000e+04 1.84814438e-39 1.84688223e-39 2.20240238e-39 1.84814438e-39 1.84688223e-39 2.20240238e-39 1.42927078e-06 1.42857078e-06 1.70393315e-06
3.67000000e+04 1.85523827e-39 1.85403873e-39 2.21009128e-39 1.85523827e-39 1.85403873e-39 2.21009128e-39 1.44273277e-06 1.44123347e-06 1.71864524e-06
3.68000000e+04 1.86234152e-39 1.86120440e-39 2.21778749e-39 1.86234152e-39 1.86120440e-39 2.21778749e-39 1.45339916e-06 1.45022283e-06 1.72577414e-06
3.69000000e+04 1.86945408e-39 1.86837919e-39 2.22549100e-39 1.86945408e-39 1.86837919e-39 2.22549100e-39 1.46558875e-06 1.46555244e-06 1.74591916e-06
3.70000000e+04 1.87657592e-39 1.87556307e-39 2.23320176e-39 1.87657592e-39 1.87556307e-39 2.23320176e-39 1.47732425e-06 1.47425874e-06 1.75572209e-06
3.71000000e+04 1.88370700e-39 1.88275599e-39 2.24091974e-39 1.88370700e-39 1.88275599e-39 2.24091974e-39 1.48640417e-06 1.48534459e-06 1.77080718e-06
3.72000000e+04 1.89084729e-39 1.88995792e-39 2.24864492e-39 1.89084729e-39 1.88995792e-39 2.24864492e-39 1.50153604e-06 1.49454076e-06 1.77755046e-06
3.73000000e+04 1.89799674e-39 1.89716882e-39 2.25637725e-39 1.89799674e-39 1.89716882e-39 2.25637725e-39 1.51340086e-06 1.51239077e-06 1.79878249e-06
3.74000000e+04 1.90515531e-39 1.90438865e-39 2.26411672e-39 1.90515531e-39 1.90438865e-39 2.26411672e-39 1.52454897e-06 1.52075186e-06 1.81210606e-06
3.75000000e+04 1.91232298e-39 1.91161738e-39 2.27186329e-39 1.91232298e-39 1.91161738e-39 2.27186329e-39 1.53709726e-06 1.53501342e-06 1.82475434e-06
3.76000000e+04 1.91949971e-39 1.91885496e-39 2.27961692e-39 1.91949971e-39 1.91885496e-39 2.27961692e-39 1.54856915e-06 1.54256531e-06 1.83837155e-06
3.77000000e+04 1.92668545e-39 1.92610137e-39 2.28737759e-39 1.92668545e-39 1.92610137e-39 2.28737759e-39 1.56024242e-06 1.55768937e-06 1.84785823e-06
3.78000000e+04 1.93388017e-39 1.93335655e-39 2.29514527e-39 1.93388017e-39 1.93335655e-39 2.29514527e-39 1.56992091e-06 1.56969215e-06 1.85917604e-06
3.79000000e+04 1.94108385e-39 1.94062048e-39 2.30291992e-39 1.94108385e-39 1.94062048e-39 2.30291992e-39 1.58374870e-06 1.58415289e-06 1.87564084e-06
3.80000000e+04 1.94829643e-39 1.94789312e-39 2.31070152e-39 1.94829643e-39 1.94789312e-39 2.31070152e-39 1.59608014e-06 1.59696144e-06 1.88637031e-06
3.81000000e+04 1.95551789e-39 1.95517443e-39 2.31849004e-39 1.95551789e-39 1.95517443e-39 2.31849004e-39 1.60770125e-06 1.60591785e-06 1.90395472e-06
3.82000000e+04 1.96274819e-39 1.96246438e-39 2.32628544e-39 1.96274819e-39 1.96246438e-39 2.32628544e-39 1.62073443e-06 1.61578070e-06 1.91412204e-06
3.83000000e+04 1.96998729e-39 1.96976292e-39 2.33408770e-39 1.96998729e-39 1.96976292e-39 2.33408770e-39 1.63437715e-06 1.62923966e-06 1.93626420e-06
3.84000000e+04 1.97723516e-39 1.97707004e-39 2.34189679e-39 1.97723516e-39 1.97707004e-39 2.34189679e-39 1.64429929e-06 1.64473083e-06 1.94610833e-06
3.85000000e+04 1.98449177e-39 1.98438568e-39 2.34971268e-39 1.98449177e-39 1.98438568e-39 2.34971268e-39 1.65839694e-06 1.65923573e-06 1.96461361e-06
3.86000000e+04 1.99175708e-39 1.99170981e-39 2.35753534e-39 1.99175708e-39 1.99170981e-39 2.35753534e-39 1.66992906e-06 1.66746604e-06 1.97605932e-06
3.87000000e+04 1.99903105e-39 1.99904241e-39 2.36536475e-39 1.99903105e-39 1.99904241e-39 2.36536475e-39 1.68280687e-06 1.68317451e-06 1.99092716e-06
3.88000000e+04 2.00631366e-39 2.00638342e-39 2.37320086e-39 2.00631366e-39 2.00638342e-39 2.37320086e-39 1.69696945e-06 1.69240296e-06 2.00315938e-06
3.89000000e+04 2.01360486e-39 2.01373283e-39 2.38104367e-39 2.01360486e-39 2.01373283e-39 2.38104367e-39 1.70892447e-06 1.70639768e-06 2.01871173e-06
3.90000000e+04 2.02090463e-39 2.02109059e-39 2.38889313e-39 2.02090463e-39 2.02109059e-39 2.38889313e-39 1.71996266e-06 1.72219369e-06 2.03427402e-06
3.91000000e+04 2.02821292e-39 2.02845668e-39 2.39674923e-39 2.02821292e-39 2.02845668e-39 2.39674923e-39 1.73338890e-06 1.73442768e-06 2.04717323e-06
3.92000000e+04 2.03552971e-39 2.03583105e-39 2.40461193e-39 2.03552971e-39 2.03583105e-39 2.40461193e-39 1.74792845e-06 1.74800727e-06 2.06287506e-06
3.93000000e+04 2.04285497e-39 2.04321367e-39 2.41248121e-39 2.04285497e-39 2.04321367e-39 2.41248121e-39 1.75953282e-06 1.75696386e-06 2.07524983e-06
3.94000000e+04 2.05018866e-39 2.05060451e-39 2.42035703e-39 2.05018866e-39 2.05060451e-39 2.42035703e-39 1.77370673e-06 1.77400365e-06 2.08843863e-06
3.95000000e+04 2.05753074e-39 2.05800354e-39 2.42823938e-39 2.05753074e-39 2.05800354e-39 2.42823938e-39 1.78441565e-06 1.78449525e-06 2.10501873e-06
3.96000000e+04 2.06488119e-39 2.06541073e-39 2.43612823e-39 2.06488119e-39 2.06541073e-39 2.43612823e-39 1.80044982e-06 1.80074238e-06 2.12171601e-06
3.97000000e+04 2.07223997e-39 2.07282603e-39 2.44402354e-39 2.07223997e-39 2.07282603e-39 2.44402354e-39 1.81338570e-06 1.81332943e-06 2.13338097e-06
3.98000000e+04 2.07960705e-39 2.08024942e-39 2.45192530e-39 2.07960705e-39 2.08024942e-39 2.45192530e-39 1.82720902e-06 1.82195377e-06 2.14984542e-06
3.99000000e+04 2.08698239e-39 2.08768086e-39 2.45983348e-39 2.08698239e-39 2.08768086e-39 2.45983348e-39 1.84042020e-06 1.83742592e-06 2.16950434e-06
4.00000000e+04 2.09436597e-39 2.09512033e-39 2.46774805e-39 2.09436597e-39 2.09512033e-39 2.46774805e-39 1.85400942e-06 1.85126515e-06 2.18502224e-06
4.01000000e+04 2.10175776e-39 2.10256779e-39 2.47566899e-39 2.10175776e-39 2.10256779e-39 2.47566899e-39 1.86411994e-06 1.86596080e-06 2.20036863e-06
4.02000000e+04 2.10915772e-39 2.11002321e-39 2.48359626e-39 2.10915772e-39 2.11002321e-39 2.48359626e-39 1.88163029e-06 1.88146589e-06 2.20955132e-06
4.03000000e+04 2.11656582e-39 2.11748656e-39 2.49152986e-39 2.11656582e-39 2.11748656e-39 2.49152986e-39 1.89471748e-06 1.89338059e-06 2.22176324e-06
4.04000000e+04 2.12398203e-39 2.12495780e-39 2.49946974e-39 2.12398203e-39 2.12495780e-39 2.49946974e-39 1.90786328e-06 1.90872426e-06 2.24445740e-06
4.05000000e+04 2.13140631e-39 2.13243690e-39 2.50741590e-39 2.13140631e-39 2.13243690e-39 2.50741590e-39 1.91977696e-06 1.92113239e-06 2.25578361e-06
4.06000000e+04 2.13883865e-39 2.13992384e-39 2.51536829e-39 2.13883865e-39 2.13992384e-39 2.51536829e-39 1.93507444e-06 1.93734538e-06 2.27124706e-06
4.07000000e+04 2.14627900e-39 2.14741858e-39 2.52332690e-39 2.14627900e-39 2.14741858e-39 2.52332690e-39 1.94837424e-06 1.95116516e-06 2.29126156e-06
4.08000000e+04 2.15372733e-39 2.15492109e-39 2.53129171e-39 2.15372733e-39 2.15492109e-39 2.53129171e-39 1.96412486e-06 1.96248054e-06 2.30613252e-06
4.09000000e+04 2.16118363e-39 2.16243135e-39 2.53926268e-39 2.16118363e-39 2.16243135e-39 2.53926268e-39 1.97561326e-06 1.97769885e-06 2.32057647e-06
4.10000000e+04 2.16864785e-39 2.16994931e-39 2.54723980e-39 2.16864785e-39 2.16994931e-39 2.54723980e-39 1.99220362e-06 1.98782733e-06 2.33996562e-06
4.11000000e+04 2.17611996e-39 2.17747496e-39 2.55522304e-39 2.17611996e-39 2.17747496e-39 2.55522304e-39 2.00596618e-06 1.99952573e-06 2.35316815e-06
4.12000000e+04 2.18359994e-39 2.18500826e-39 2.56321238e-39 2.18359994e-39 2.18500826e-39 2.56321238e-39 2.01953710e-06 2.02100973e-06 2.37101899e-06
4.13000000e+04 2.19108776e-39 2.19254918e-39 2.57120779e-39 2.19108776e-39 2.19254918e-39 2.57120779e-39 2.03251391e-06 2.03221199e-06 2.38799813e-06
4.14000000e+04 2.19858338e-39 2.20009769e-39 2.57920926e-39 2.19858338e-39 2.20009769e-39 2.57920926e-39 2.04898269e-06 2.04709089e-06 2.40062689e-06
4.15000000e+04 2.20608678e-39 2.20765376e-39 2.58721675e-39 2.20608678e-39 2.20765376e-39 2.58721675e-39 2.06368612e-06 2.06496919e-06 2.41682667e-06
4.16000000e+04 2.21359793e-39 2.21521737e-39 2.59523025e-39 2.21359793e-39 2.21521737e-39 2.59523025e-39 2.07652349e-06 2.07930033e-06 2.43347767e-06
4.17000000e+04 2.22111680e-39 2.22278848e-39 2.60324973e-39 2.22111680e-39 2.22278848e-39 2.60324973e-39 2.09286357e-06 2.09276526e-06 2.44671661e-06
4.18000000e+04 2.22864336e-39 2.23036706e-39 2.61127518e-39 2.22864336e-39 2.23036706e-39 2.61127518e-39 2.10783047e-06 2.10744749e-06 2.46827953e-06
4.19000000e+04 2.23617758e-39 2.23795310e-39 2.61930656e-39 2.23617758e-39 2.23795310e-39 2.61930656e-39 2.11998557e-06 2.12429828e-06 2.48120436e-06
4.20000000e+04 2.24371944e-39 2.24554655e-39 2.62734386e-39 2.24371944e-39 2.24554655e-39 2.62734386e-39 2.13709285e-06 2.13484263e-06 2.50255515e-06
4.21000000e+04 2.25126890e-39 2.25314739e-39 2.63538705e-39 2.25126890e-39 2.25314739e-39 2.63538705e-39 2.15145765e-06 2.15425190e-06 2.51806928e-06
4.22000000e+04 2.25882594e-39 2.26075560e-39 2.64343612e-39 2.25882594e-39 2.26075560e-39 2.64343612e-39 2.16356443e-06 2.16701708e-06 2.53622652e-06
4.23000000e+04 2.26639053e-39 2.26837114e-39 2.65149103e-39 2.26639053e-39 2.26837114e-39 2.65149103e-39 2.18236595e-06 2.18235909e-06 2.55291959e-06
4.24000000e+04 2.27396264e-39 2.27599398e-39 2.65955178e-39 2.27396264e-39 2.27599398e-39 2.65955178e-39 2.19712575e-06 2.19358855e-06 2.56663640e-06
4.25000000e+04 2.28154225e-39 2.28362411e-39 2.66761834e-39 2.28154225e-39 2.28362411e-39 2.66761834e-39 2.21102100e-06 2.21244854e-06 2.58427212e-06
4.26000000e+04 2.28912932e-39 2.29126149e-39 2.67569068e-39 2.28912932e-39 2.29126149e-39 2.67569068e-39 2.22657193e-06 2.22991881e-06 2.60163426e-06
4.27000000e+04 2.29672383e-39 2.29890609e-39 2.68376879e-39 2.29672383e-39 2.29890609e-39 2.68376879e-39 2.23909463e-06 2.24320656e-06 2.61676635e-06
4.28000000e+04 2.30432575e-39 2.30655789e-39 2.69185264e-39 2.30432575e-39 2.30655789e-39 2.69185264e-39 2.25673699e-06 2.25803154e-06 2.63181567e-06
4.29000000e+04 2.31193506e-39 2.31421686e-39 2.69994222e-39 2.31193506e-39 2.31421686e-39 2.69994222e-39 2.27197770e-06 2.27558047e-06 2.65252232e-06
4.30000000e+04 2.31955173e-39 2.32188298e-39 2.70803751e-39 2.31955173e-39 2.32188298e-39 2.70803751e-39 2.28687846e-06 2.28515453e-06 2.67246396e-06
4.31000000e+04 2.32717573e-39 2.32955622e-39 2.71613848e-39 2.32717573e-39 2.32955622e-39 2.71613848e-39 2.30386532e-06 2.30508494e-06 2.68416511e-06
4.32000000e+04 2.33480704e-39 2.33723654e-39 2.72424511e-39 2.33480704e-39 2.33723654e-39 2.72424511e-39 2.32027223e-06 2.31533022e-06 2.70519048e-06
4.33000000e+04 2.34244562e-39 2.34492394e-39 2.73235739e-39 2.34244562e-39 2.34492394e-39 2.73235739e-39 2.33491729e-06 2.33836426e-06 2.72248811e-06
4.34000000e+04 2.35009146e-39 2.35261837e-39 2.74047529e-39 2.35009146e-39 2.35261837e-39 2.74047529e-39 2.34807435e-06 2.35404835e-06 2.73892499e-06
4.35000000e+04 2.35774453e-39 2.36031982e-39 2.74859880e-39 2.35774453e-39 2.36031982e-39 2.74859880e-39 2.36243970e-06 2.36909948e-06 2.74961538e-06
4.36000000e+04 2.36540480e-39 2.36802825e-39 2.75672789e-39 2.36540480e-39 2.36802825e-39 2.75672789e-39 2.38242527e-06 2.37801572e-06 2.76946676e-06
4.37000000e+04 2.37307224e-39 2.37574365e-39 2.76486255e-39 2.37307224e-39 2.37574365e-39 2.76486255e-39 2.39897287e-06 2.39771694e-06 2.79472232e-06
4.38000000e+04 2.38074684e-39 2.38346599e-39 2.77300275e-39 2.38074684e-39 2.38346599e-39 2.77300275e-39 2.41507678e-06 2.40913154e-06 2.80705013e-06
4.39000000e+04 2.38842856e-39 2.39119524e-39 2.78114849e-39 2.38842856e-39 2.39119524e-39 2.78114849e-39 2.43004458e-06 2.43228647e-06 2.82357593e-06
4.40000000e+04 2.39611738e-39 2.39893138e-39 2.78929973e-39 2.39611738e-39 2.39893138e-39 2.78929973e-39 2.44585293e-06 2.44190526e-06 2.84526463e-06
4.41000000e+04 2.40381328e-39 2.40667438e-39 2.79745646e-39 2.40381328e-39 2.40667438e-39 2.79745646e-39 2.46181170e-06 2.46523195e-06 2.86648322e-06
4.42000000e+04 2.41151622e-39 2.41442422e-39 2.80561866e-39 2.41151622e-39 2.41442422e-39 2.80561866e-39 2.47955344e-06 2.47921134e-06 2.87821973e-06
4.43000000e+04 2.41922619e-39 2.42218088e-39 2.81378631e-39 2.41922619e-39 2.42218088e-39 2.81378631e-39 2.49662503e-06 2.49930189e-06 2.89866319e-06
4.44000000e+04 2.42694316e-39 2.42994432e-39 2.82195940e-39 2.42694316e-39 2.42994432e-39 2.82195940e-39 2.51222177e-06 2.51132742e-06 2.91639663e-06
4.45000000e+04 2.43466711e-39 2.43771453e-39 2.83013791e-39 2.43466711e-39 2.43771453e-39 2.83013791e-39 2.52919101e-06 2.53160193e-06 2.93717036e-06
4.46000000e+04 2.44239801e-39 2.44549149e-39 2.83832181e-39 2.44239801e-39 2.44549149e-39 2.83832181e-39 2.54199174e-06 2.54631117e-06 2.95866840e-06
4.47000000e+04 2.45013584e-39 2.45327516e-39 2.84651109e-39 2.45013584e-39 2.45327516e-39 2.84651109e-39 2.56171549e-06 2.56332142e-06 2.96870851e-06
4.48000000e+04 2.45788058e-39 2.46106552e-39 2.85470574e-39 2.45788058e-39 2.46106552e-39 2.85470574e-39 2.57969160e-06 2.57579218e-06 2.98744335e-06
4.49000000e+04 2.46563219e-39 2.46886256e-39 2.86290573e-39 2.46563219e-39 2.46886256e-39 2.86290573e-39 2.59225556e-06 2.59298211e-06 3.00929126e-06
4.50000000e+04 2.47339066e-39 2.47666624e-39 2.87111104e-39 2.47339066e-39 2.47666624e-39 2.87111104e-39 2.61102610e-06 2.61331295e-06 3.02173248e-06
4.51000000e+04 2.48115596e-39 2.48447655e-39 2.87932167e-39 2.48115596e-39 2.48447655e-39 2.87932167e-39 2.62918282e-06 2.63301903e-06 3.05180294e-06
4.52000000e+04 2.48892808e-39 2.49229346e-39 2.88753759e-39 2.48892808e-39 2.49229346e-39 2.88753759e-39 2.64589185e-06 2.64925613e-06 3.06920402e-06
4.53000000e+04 2.49670698e-39 2.50011695e-39 2.89575878e-39 2.49670698e-39 2.50011695e-39 2.89575878e-39 2.66307239e-06 2.66596703e-06 3.08344866e-06
4.54000000e+04 2.50449264e-39 2.50794700e-39 2.90398523e-39 2.50449264e-39 2.50794700e-39 2.90398523e-39 2.67853796e-06 2.68114721e-06 3.10802946e-06
4.55000000e+04 2.51228504e-39 2.51578358e-39 2.91221693e-39 2.51228504e-39 2.51578358e-39 2.91221693e-39 2.69886099e-06 2.70020561e-06 3.12850290e-06
4.56000000e+04 2.52008417e-39 2.52362667e-39 2.92045385e-39 2.52008417e-39 2.52362667e-39 2.92045385e-39 2.71490714e-06 2.71482724e-06 3.13952510e-06
4.57000000e+04 2.52788998e-39 2.53147624e-39 2.92869597e-39 2.52788998e-39 2.53147624e-39 2.92869597e-39 2.73141383e-06 2.73456317e-06 3.15923529e-06
4.58000000e+04 2.53570247e-39 2.53933229e-39 2.93694329e-39 2.53570247e-39 2.53933229e-39 2.93694329e-39 2.74625389e-06 2.74927185e-06 3.17739815e-06
4.59000000e+04 2.54352161e-39 2.54719478e-39 2.94519579e-39 2.54352161e-39 2.54719478e-39 2.94519579e-39 2.76768204e-06 2.76599452e-06 3.19934555e-06
4.60000000e+04 2.55134738e-39 2.55506369e-39 2.95345344e-39 2.55134738e-39 2.55506369e-39 2.95345344e-39 2.78468694e-06 2.78455436e-06 3.21484167e-06
4.61000000e+04 2.55917976e-39 2.56293901e-39 2.96171624e-39 2.55917976e-39 2.56293901e-39 2.96171624e-39 2.80103368e-06 2.80113953e-06 3.24164122e-06
4.62000000e+04 2.56701871e-39 2.57082070e-39 2.96998416e-39 2.56701871e-39 2.57082070e-39 2.96998416e-39 2.81701045e-06 2.81645567e-06 3.25743004e-06
4.63000000e+04 2.57486423e-39 2.57870875e-39 2.97825720e-39 2.57486423e-39 2.57870875e-39 2.97825720e-39 2.83692478e-06 2.84231419e-06 3.27415316e-06
4.64000000e+04 2.58271630e-39 2.58660314e-39 2.98653533e-39 2.58271630e-39 2.58660314e-39 2.98653533e-39 2.85661372e-06 2.86110555e-06 3.29575958e-06
4.65000000e+04 2.59057488e-39 2.59450384e-39 2.99481854e-39 2.59057488e-39 2.59450384e-39 2.99481854e-39 2.87186330e-06 2.86977687e-06 3.32347098e-06
4.66000000e+04 2.59843995e-39 2.60241084e-39 3.00310681e-39 2.59843995e-39 2.60241084e-39 3.00310681e-39 2.89008891e-06 2.89713026e-06 3.33748586e-06
4.67000000e+04 2.60631151e-39 2.61032412e-39 3.01140014e-39 2.60631151e-39 2.61032412e-39 3.01140014e-39 2.90793982e-06 2.90976301e-06 3.35695239e-06
4.68000000e+04 2.61418951e-39 2.61824364e-39 3.01969849e-39 2.61418951e-39 2.61824364e-39 3.01969849e-39 2.92543858e-06 2.92432143e-06 3.38250902e-06
4.69000000e+04 2.62207396e-39 2.62616940e-39 3.02800187e-39 2.62207396e-39 2.62616940e-39 3.02800187e-39 2.94489923e-06 2.95149015e-06 3.39792880e-06
4.70000000e+04 2.62996481e-39 2.63410138e-39 3.03631025e-39 2.62996481e-39 2.63410138e-39 3.03631025e-39 2.96183495e-06 2.96944356e-06 3.41810031e-06
4.71000000e+04 2.63786206e-39 2.64203954e-39 3.04462362e-39 2.63786206e-39 2.64203954e-39 3.04462362e-39 2.98262206e-06 2.98697234e-06 3.44078090e-06
4.72000000e+04 2.64576568e-39 2.64998388e-39 3.05294197e-39 2.64576568e-39 2.64998388e-39 3.05294197e-39 3.00042033e-06 3.00729582e-06 3.46069362e-06
4.73000000e+04 2.65367565e-39 2.65793436e-39 3.06126527e-39 2.65367565e-39 2.65793436e-39 3.06126527e-39 3.01731207e-06 3.02485536e-06 3.48042398e-06
4.74000000e+04 2.66159196e-39 2.66589098e-39 3.06959352e-39 2.66159196e-39 2.66589098e-39 3.06959352e-39 3.03827483e-06 3.04040112e-06 3.50323030e-06
4.75000000e+04 2.66951457e-39 2.67385372e-39 3.07792670e-39 2.66951457e-39 2.67385372e-39 3.07792670e-39 3.05664792e-06 3.06188827e-06 3.51462387e-06
4.76000000e+04 2.67744347e-39 2.68182254e-39 3.08626480e-39 2.67744347e-39 2.68182254e-39 3.08626480e-39 3.07721814e-06 3.07963233e-06 3.54646533e-06
4.77000000e+04 2.68537865e-39 2.68979744e-39 3.09460779e-39 2.68537865e-39 2.68979744e-39 3.09460779e-39 3.09407696e-06 3.10110689e-06 3.56335544e-06
4.78000000e+04 2.69332007e-39 2.69777839e-39 3.10295568e-39 2.69332007e-39 2.69777839e-39 3.10295568e-39 3.11482190e-06 3.11455214e-06 3.58227497e-06
4.79000000e+04 2.70126773e-39 2.70576538e-39 3.11130844e-39 2.70126773e-39 2.70576538e-39 3.11130844e-39 3.13354450e-06 3.13497974e-06 3.60800847e-06
4.80000000e+04 2.70922160e-39 2.71375838e-39 3.11966606e-39 2.70922160e-39 2.71375838e-39 3.11966606e-39 3.14994614e-06 3.15178436e-06 3.62818565e-06
4.81000000e+04 2.71718166e-39 2.72175738e-39 3.12802853e-39 2.71718166e-39 2.72175738e-39 3.12802853e-39 3.17189764e-06 3.17332215e-06 3.64135859e-06
4.82000000e+04 2.72514789e-39 2.72976236e-39 3.13639583e-39 2.72514789e-39 2.72976236e-39 3.13639583e-39 3.18761614e-06 3.19624300e-06 3.66484884e-06
4.83000000e+04 2.73312028e-39 2.73777330e-39 3.14476794e-39 2.73312028e-39 2.73777330e-39 3.14476794e-39 3.20940487e-06 3.21049269e-06 3.68093915e-06
4.84000000e+04 2.74109880e-39 2.74579017e-39 3.15314487e-39 2.74109880e-39 2.74579017e-39 3.15314487e-39 3.22570190e-06 3.23292116e-06 3.70495890e-06
4.85000000e+04 2.74908343e-39 2.75381297e-39 3.16152658e-39 2.74908343e-39 2.75381297e-39 3.16152658e-39 3.24806952e-06 3.24277197e-06 3.73336384e-06
4.86000000e+04 2.75707417e-39 2.76184167e-39 3.16991308e-39 2.75707417e-39 2.76184167e-39 3.16991308e-39 3.26572606e-06 3.27464396e-06 3.74400837e-06
4.87000000e+04 2.76507098e-39 2.76987626e-39 3.17830434e-39 2.76507098e-39 2.76987626e-39 3.17830434e-39 3.28888572e-06 3.29412199e-06 3.76731291e-06
4.88000000e+04 2.77307384e-39 2.77791671e-39 3.18670035e-39 2.77307384e-39 2.77791671e-39 3.18670035e-39 3.30586756e-06 3.30770031e-06 3.80129057e-06
4.89000000e+04 2.78108275e-39 2.78596302e-39 3.19510111e-39 2.78108275e-39 2.78596302e-39 3.19510111e-39 3.32734714e-06 3.33085085e-06 3.81408014e-06
4.90000000e+04 2.78909769e-39 2.79401515e-39 3.20350659e-39 2.78909769e-39 2.79401515e-39 3.20350659e-39 3.34585335e-06 3.35055472e-06 3.83278501e-06
4.91000000e+04 2.79711862e-39 2.80207310e-39 3.21191679e-39 2.79711862e-39 2.80207310e-39 3.21191679e-39 3.36369893e-06 3.36690570e-06 3.86527413e-06
4.92000000e+04 2.80514554e-39 2.81013684e-39 3.22033168e-39 2.80514554e-39 2.81013684e-39 3.22033168e-39 3.38817910e-06 3.39351149e-06 3.88768563e-06
4.93000000e+04 2.81317843e-39 2.81820637e-39 3.22875127e-39 2.81317843e-39 2.81820637e-39 3.22875127e-39 3.40533730e-06 3.41257634e-06 3.89649804e-06
4.94000000e+04 2.82121727e-39 2.82628165e-39 3.23717553e-39 2.82121727e-39 2.82628165e-39 3.23717553e-39 3.42373327e-06 3.43034229e-06 3.93325894e-06
4.95000000e+04 2.82926204e-39 2.83436268e-39 3.24560446e-39 2.82926204e-39 2.83436268e-39 3.24560446e-39 3.44549664e-06 3.44821695e-06 3.94564657e-06
4.96000000e+04 2.83731272e-39 2.84244943e-39 3.25403804e-39 2.83731272e-39 2.84244943e-39 3.25403804e-39 3.46675178e-06 3.47269456e-06 3.96526732e-06
4.97000000e+04 2.84536930e-39 2.85054190e-39 3.26247626e-39 2.84536930e-39 2.85054190e-39 3.26247626e-39 3.48908462e-06 3.48925632e-06 3.99855746e-06
4.98000000e+04 2.85343176e-39 2.85864005e-39 3.27091911e-39 2.85343176e-39 2.85864005e-39 3.27091911e-39 3.50723234e-06 3.51166020e-06 4.01566094e-06
4.99000000e+04 2.86150008e-39 2.86674389e-39 3.27936657e-39 2.86150008e-39 2.86674389e-39 3.27936657e-39 3.52801276e-06 3.52509201e-06 4.03653383e-06
5.00000000e+04 2.86957425e-39 2.87485338e-39 3.28781864e-39 2.86957425e-39 2.87485338e-39 3.28781864e-39 3.55023183e-06 3.55069800e-06 4.05663210e-06
