# Te [K]  Qff_DL [cm^5]  Qff_PL [cm^5]  Qff_KW [cm^5] int_DL  int_PL  int_KD abserr_int_DL  abserr_int_PL  abserr_int_KW
3.00000000e+02 2.22529087e-40 5.56039597e-40 1.07710892e-39 2.22529087e-40 5.56039597e-40 1.07710892e-39 1.26738496e-10 3.16609500e-10 6.13113585e-10
4.00000000e+02 1.94242336e-40 5.64650848e-40 1.08461460e-39 1.94242336e-40 5.64650848e-40 1.08461460e-39 1.70824735e-10 4.92112993e-10 9.13785201e-10
5.00000000e+02 1.83408102e-40 5.73273821e-40 1.09211549e-39 1.83408102e-40 5.73273821e-40 1.09211549e-39 2.26452435e-10 6.91882120e-10 1.30604910e-09
6.00000000e+02 1.82329639e-40 5.81905650e-40 1.09961192e-39 1.82329639e-40 5.81905650e-40 1.09961192e-39 2.96036499e-10 9.45418111e-10 1.73021842e-09
7.00000000e+02 1.87021307e-40 5.90543705e-40 1.10710425e-39 1.87021307e-40 5.90543705e-40 1.10710425e-39 3.83320845e-10 1.19283255e-09 2.22842960e-09
8.00000000e+02 1.95251560e-40 5.99185576e-40 1.11459287e-39 1.95251560e-40 5.99185576e-40 1.11459287e-39 4.88905839e-10 1.48473993e-09 2.77964360e-09
9.00000000e+02 2.05707042e-40 6.07829073e-40 1.12207819e-39 2.05707042e-40 6.07829073e-40 1.12207819e-39 6.10754444e-10 1.79767567e-09 3.27820100e-09
1.00000000e+03 2.17585252e-40 6.16472205e-40 1.12956062e-39 2.17585252e-40 6.16472205e-40 1.12956062e-39 7.59685585e-10 2.14442460e-09 3.87838791e-09
1.10000000e+03 2.30380791e-40 6.25113177e-40 1.13704059e-39 2.30380791e-40 6.25113177e-40 1.13704059e-39 9.29856933e-10 2.49200619e-09 4.54709853e-09
1.20000000e+03 2.43767272e-40 6.33750371e-40 1.14451855e-39 2.43767272e-40 6.33750371e-40 1.14451855e-39 1.11736224e-09 2.89692177e-09 5.17396478e-09
1.30000000e+03 2.57529432e-40 6.42382341e-40 1.15199495e-39 2.57529432e-40 6.42382341e-40 1.15199495e-39 1.33547030e-09 3.31879591e-09 5.90450562e-09
1.40000000e+03 2.71522757e-40 6.51007798e-40 1.15947024e-39 2.71522757e-40 6.51007798e-40 1.15947024e-39 1.56554083e-09 3.75707238e-09 6.63891800e-09
1.50000000e+03 2.85648786e-40 6.59625597e-40 1.16694488e-39 2.85648786e-40 6.59625597e-40 1.16694488e-39 1.82501265e-09 4.22258113e-09 7.42030959e-09
1.60000000e+03 2.99839617e-40 6.68234733e-40 1.17441933e-39 2.99839617e-40 6.68234733e-40 1.17441933e-39 2.12375081e-09 4.71010494e-09 8.31515879e-09
1.70000000e+03 3.14047970e-40 6.76834327e-40 1.18189405e-39 3.14047970e-40 6.76834327e-40 1.18189405e-39 2.43106957e-09 5.22835558e-09 9.06802287e-09
1.80000000e+03 3.28240693e-40 6.85423616e-40 1.18936950e-39 3.28240693e-40 6.85423616e-40 1.18936950e-39 2.76488447e-09 5.76412117e-09 1.00490509e-08
1.90000000e+03 3.42394437e-40 6.94001947e-40 1.19684614e-39 3.42394437e-40 6.94001947e-40 1.19684614e-39 3.13640472e-09 6.34976222e-09 1.08651656e-08
2.00000000e+03 3.56492738e-40 7.02568768e-40 1.20432442e-39 3.56492738e-40 7.02568768e-40 1.20432442e-39 3.51749027e-09 6.92894664e-09 1.19132119e-08
2.10000000e+03 3.70524015e-40 7.11123617e-40 1.21180481e-39 3.70524015e-40 7.11123617e-40 1.21180481e-39 3.94058932e-09 7.54223553e-09 1.28981343e-08
2.20000000e+03 3.84480185e-40 7.19666119e-40 1.21928775e-39 3.84480185e-40 7.19666119e-40 1.21928775e-39 4.37601584e-09 8.20948236e-09 1.38633800e-08
2.30000000e+03 3.98355688e-40 7.28195978e-40 1.22677370e-39 3.98355688e-40 7.28195978e-40 1.22677370e-39 4.86239813e-09 8.84505137e-09 1.49245476e-08
2.40000000e+03 4.12146799e-40 7.36712969e-40 1.23426308e-39 4.12146799e-40 7.36712969e-40 1.23426308e-39 5.34924047e-09 9.58259611e-09 1.60226117e-08
2.50000000e+03 4.25851134e-40 7.45216933e-40 1.24175635e-39 4.25851134e-40 7.45216933e-40 1.24175635e-39 5.87590654e-09 1.02567368e-08 1.71206500e-08
2.60000000e+03 4.39467297e-40 7.53707772e-40 1.24925392e-39 4.39467297e-40 7.53707772e-40 1.24925392e-39 6.43991622e-09 1.10234288e-08 1.82619402e-08
2.70000000e+03 4.52994622e-40 7.62185444e-40 1.25675624e-39 4.52994622e-40 7.62185444e-40 1.25675624e-39 7.03356098e-09 1.17937410e-08 1.94996476e-08
2.80000000e+03 4.66432981e-40 7.70649956e-40 1.26426371e-39 4.66432981e-40 7.70649956e-40 1.26426371e-39 7.62667538e-09 1.26255323e-08 2.07104197e-08
2.90000000e+03 4.79782652e-40 7.79101363e-40 1.27177675e-39 4.79782652e-40 7.79101363e-40 1.27177675e-39 8.27365181e-09 1.34460840e-08 2.19686002e-08
3.00000000e+03 4.93044211e-40 7.87539760e-40 1.27929577e-39 4.93044211e-40 7.87539760e-40 1.27929577e-39 8.95105675e-09 1.42988158e-08 2.32395373e-08
3.10000000e+03 5.06218460e-40 7.95965282e-40 1.28682116e-39 5.06218460e-40 7.95965282e-40 1.28682116e-39 9.66303211e-09 1.51728987e-08 2.45804406e-08
3.20000000e+03 5.19306365e-40 8.04378099e-40 1.29435333e-39 5.19306365e-40 8.04378099e-40 1.29435333e-39 1.03759910e-08 1.61021776e-08 2.56876743e-08
3.30000000e+03 5.32309019e-40 8.12778411e-40 1.30189265e-39 5.32309019e-40 8.12778411e-40 1.30189265e-39 1.11229906e-08 1.70001894e-08 2.72721310e-08
3.40000000e+03 5.45227607e-40 8.21166448e-40 1.30943950e-39 5.45227607e-40 8.21166448e-40 1.30943950e-39 1.19603008e-08 1.79670892e-08 2.85210539e-08
3.50000000e+03 5.58063381e-40 8.29542462e-40 1.31699427e-39 5.58063381e-40 8.29542462e-40 1.31699427e-39 1.27838685e-08 1.89935507e-08 3.00662819e-08
3.60000000e+03 5.70817645e-40 8.37906733e-40 1.32455730e-39 5.70817645e-40 8.37906733e-40 1.32455730e-39 1.36326008e-08 1.99898151e-08 3.15392975e-08
3.70000000e+03 5.83491735e-40 8.46259559e-40 1.33212896e-39 5.83491735e-40 8.46259559e-40 1.33212896e-39 1.45025047e-08 2.10717576e-08 3.31481163e-08
3.80000000e+03 5.96087016e-40 8.54601257e-40 1.33970960e-39 5.96087016e-40 8.54601257e-40 1.33970960e-39 1.54553201e-08 2.21252529e-08 3.45868560e-08
3.90000000e+03 6.08604866e-40 8.62932158e-40 1.34729955e-39 6.08604866e-40 8.62932158e-40 1.34729955e-39 1.63786794e-08 2.32505556e-08 3.62847575e-08
4.00000000e+03 6.21046675e-40 8.71252612e-40 1.35489917e-39 6.21046675e-40 8.71252612e-40 1.35489917e-39 1.73623492e-08 2.43725645e-08 3.77587832e-08
4.10000000e+03 6.33413838e-40 8.79562979e-40 1.36250876e-39 6.33413838e-40 8.79562979e-40 1.36250876e-39 1.83640182e-08 2.55345707e-08 3.94224630e-08
4.20000000e+03 6.45707749e-40 8.87863629e-40 1.37012866e-39 6.45707749e-40 8.87863629e-40 1.37012866e-39 1.94025942e-08 2.66916366e-08 4.10591382e-08
4.30000000e+03 6.57929802e-40 8.96154944e-40 1.37775918e-39 6.57929802e-40 8.96154944e-40 1.37775918e-39 2.05183711e-08 2.79057496e-08 4.29353611e-08
4.40000000e+03 6.70081388e-40 9.04437314e-40 1.38540062e-39 6.70081388e-40 9.04437314e-40 1.38540062e-39 2.16059858e-08 2.91971070e-08 4.45753863e-08
4.50000000e+03 6.82163888e-40 9.12711136e-40 1.39305329e-39 6.82163888e-40 9.12711136e-40 1.39305329e-39 2.27470188e-08 3.04633762e-08 4.64102967e-08
4.60000000e+03 6.94178678e-40 9.20976810e-40 1.40071747e-39 6.94178678e-40 9.20976810e-40 1.40071747e-39 2.39111907e-08 3.17129476e-08 4.83352121e-08
4.70000000e+03 7.06127124e-40 9.29234746e-40 1.40839346e-39 7.06127124e-40 9.29234746e-40 1.40839346e-39 2.51817642e-08 3.31304053e-08 5.01671043e-08
4.80000000e+03 7.18010581e-40 9.37485354e-40 1.41608152e-39 7.18010581e-40 9.37485354e-40 1.41608152e-39 2.64123938e-08 3.44543127e-08 5.20368108e-08
4.90000000e+03 7.29830394e-40 9.45729048e-40 1.42378193e-39 7.29830394e-40 9.45729048e-40 1.42378193e-39 2.76899666e-08 3.58758149e-08 5.38083558e-08
5.00000000e+03 7.41587895e-40 9.53966245e-40 1.43149496e-39 7.41587895e-40 9.53966245e-40 1.43149496e-39 2.89432125e-08 3.72817288e-08 5.60001202e-08
5.10000000e+03 7.53284405e-40 9.62197362e-40 1.43922087e-39 7.53284405e-40 9.62197362e-40 1.43922087e-39 3.03195658e-08 3.87079040e-08 5.77602392e-08
5.20000000e+03 7.64921230e-40 9.70422817e-40 1.44695991e-39 7.64921230e-40 9.70422817e-40 1.44695991e-39 3.17194159e-08 4.02407894e-08 5.99848549e-08
5.30000000e+03 7.76499664e-40 9.78643030e-40 1.45471231e-39 7.76499664e-40 9.78643030e-40 1.45471231e-39 3.31463003e-08 4.17752133e-08 6.19876333e-08
5.40000000e+03 7.88020987e-40 9.86858418e-40 1.46247833e-39 7.88020987e-40 9.86858418e-40 1.46247833e-39 3.45777146e-08 4.32933382e-08 6.42302178e-08
5.50000000e+03 7.99486464e-40 9.95069397e-40 1.47025819e-39 7.99486464e-40 9.95069397e-40 1.47025819e-39 3.60313122e-08 4.49194820e-08 6.61837374e-08
5.60000000e+03 8.10897346e-40 1.00327638e-39 1.47805213e-39 8.10897346e-40 1.00327638e-39 1.47805213e-39 3.75916299e-08 4.64665836e-08 6.84640694e-08
5.70000000e+03 8.22254869e-40 1.01147979e-39 1.48586035e-39 8.22254869e-40 1.01147979e-39 1.48586035e-39 3.91544156e-08 4.81171908e-08 7.06034897e-08
5.80000000e+03 8.33560255e-40 1.01968003e-39 1.49368309e-39 8.33560255e-40 1.01968003e-39 1.49368309e-39 4.07367272e-08 4.97877551e-08 7.28960672e-08
5.90000000e+03 8.44814709e-40 1.02787751e-39 1.50152053e-39 8.44814709e-40 1.02787751e-39 1.50152053e-39 4.23558373e-08 5.14741695e-08 7.51554782e-08
6.00000000e+03 8.56019422e-40 1.03607263e-39 1.50937290e-39 8.56019422e-40 1.03607263e-39 1.50937290e-39 4.40237326e-08 5.31890888e-08 7.75528319e-08
6.10000000e+03 8.67175568e-40 1.04426581e-39 1.51724038e-39 8.67175568e-40 1.04426581e-39 1.51724038e-39 4.57019864e-08 5.49966009e-08 7.98444334e-08
6.20000000e+03 8.78284308e-40 1.05245742e-39 1.52512317e-39 8.78284308e-40 1.05245742e-39 1.52512317e-39 4.74092170e-08 5.67941217e-08 8.23066418e-08
6.30000000e+03 8.89346785e-40 1.06064788e-39 1.53302144e-39 8.89346785e-40 1.06064788e-39 1.53302144e-39 4.91748791e-08 5.86036078e-08 8.48099313e-08
6.40000000e+03 9.00364127e-40 1.06883756e-39 1.54093540e-39 9.00364127e-40 1.06883756e-39 1.54093540e-39 5.09829047e-08 6.05392212e-08 8.70512223e-08
6.50000000e+03 9.11337446e-40 1.07702686e-39 1.54886519e-39 9.11337446e-40 1.07702686e-39 1.54886519e-39 5.28175509e-08 6.23236553e-08 8.97502972e-08
6.60000000e+03 9.22267838e-40 1.08521616e-39 1.55681101e-39 9.22267838e-40 1.08521616e-39 1.55681101e-39 5.47085340e-08 6.42904551e-08 9.22284376e-08
6.70000000e+03 9.33156384e-40 1.09340583e-39 1.56477301e-39 9.33156384e-40 1.09340583e-39 1.56477301e-39 5.65758546e-08 6.63334989e-08 9.48610370e-08
6.80000000e+03 9.44004147e-40 1.10159624e-39 1.57275135e-39 9.44004147e-40 1.10159624e-39 1.57275135e-39 5.85617241e-08 6.81882713e-08 9.73681861e-08
6.90000000e+03 9.54812177e-40 1.10978777e-39 1.58074619e-39 9.54812177e-40 1.10978777e-39 1.58074619e-39 6.05169547e-08 7.02687809e-08 1.00254654e-07
7.00000000e+03 9.65581505e-40 1.11798076e-39 1.58875768e-39 9.65581505e-40 1.11798076e-39 1.58875768e-39 6.25800893e-08 7.24360962e-08 1.02739298e-07
7.10000000e+03 9.76313149e-40 1.12617559e-39 1.59678595e-39 9.76313149e-40 1.12617559e-39 1.59678595e-39 6.46487716e-08 7.45052707e-08 1.05676737e-07
7.20000000e+03 9.87008109e-40 1.13437261e-39 1.60483116e-39 9.87008109e-40 1.13437261e-39 1.60483116e-39 6.67203658e-08 7.66055458e-08 1.08361350e-07
7.30000000e+03 9.97667371e-40 1.14257215e-39 1.61289344e-39 9.97667371e-40 1.14257215e-39 1.61289344e-39 6.88653708e-08 7.88791178e-08 1.11123641e-07
7.40000000e+03 1.00829190e-39 1.15077456e-39 1.62097291e-39 1.00829190e-39 1.15077456e-39 1.62097291e-39 7.10335875e-08 8.10131285e-08 1.14175250e-07
7.50000000e+03 1.01888266e-39 1.15898017e-39 1.62906971e-39 1.01888266e-39 1.15898017e-39 1.62906971e-39 7.31995795e-08 8.32357241e-08 1.16997608e-07
7.60000000e+03 1.02944058e-39 1.16718932e-39 1.63718395e-39 1.02944058e-39 1.16718932e-39 1.63718395e-39 7.53301635e-08 8.54941539e-08 1.19823076e-07
7.70000000e+03 1.03996659e-39 1.17540233e-39 1.64531576e-39 1.03996659e-39 1.17540233e-39 1.64531576e-39 7.76947245e-08 8.78104807e-08 1.22833141e-07
7.80000000e+03 1.05046158e-39 1.18361952e-39 1.65346525e-39 1.05046158e-39 1.18361952e-39 1.65346525e-39 8.00773093e-08 9.01740050e-08 1.25872523e-07
7.90000000e+03 1.06092647e-39 1.19184121e-39 1.66163252e-39 1.06092647e-39 1.19184121e-39 1.66163252e-39 8.24068350e-08 9.26301606e-08 1.29107066e-07
8.00000000e+03 1.07136212e-39 1.20006769e-39 1.66981769e-39 1.07136212e-39 1.20006769e-39 1.66981769e-39 8.47145606e-08 9.49232850e-08 1.32150317e-07
8.10000000e+03 1.08176939e-39 1.20829928e-39 1.67802085e-39 1.08176939e-39 1.20829928e-39 1.67802085e-39 8.71646814e-08 9.74533563e-08 1.35125736e-07
8.20000000e+03 1.09214914e-39 1.21653628e-39 1.68624210e-39 1.09214914e-39 1.21653628e-39 1.68624210e-39 8.96503950e-08 9.99466537e-08 1.38334207e-07
8.30000000e+03 1.10250219e-39 1.22477896e-39 1.69448154e-39 1.10250219e-39 1.22477896e-39 1.69448154e-39 9.21981053e-08 1.02463931e-07 1.41738353e-07
8.40000000e+03 1.11282937e-39 1.23302763e-39 1.70273925e-39 1.11282937e-39 1.23302763e-39 1.70273925e-39 9.47503633e-08 1.04993968e-07 1.44677866e-07
8.50000000e+03 1.12313148e-39 1.24128256e-39 1.71101532e-39 1.12313148e-39 1.24128256e-39 1.71101532e-39 9.73049168e-08 1.07586035e-07 1.48170186e-07
8.60000000e+03 1.13340930e-39 1.24954403e-39 1.71930983e-39 1.13340930e-39 1.24954403e-39 1.71930983e-39 9.99728765e-08 1.10298506e-07 1.51426806e-07
8.70000000e+03 1.14366362e-39 1.25781231e-39 1.72762287e-39 1.14366362e-39 1.25781231e-39 1.72762287e-39 1.02598539e-07 1.12963826e-07 1.54936704e-07
8.80000000e+03 1.15389519e-39 1.26608766e-39 1.73595450e-39 1.15389519e-39 1.26608766e-39 1.73595450e-39 1.05312290e-07 1.15588941e-07 1.58568536e-07
8.90000000e+03 1.16410477e-39 1.27437034e-39 1.74430480e-39 1.16410477e-39 1.27437034e-39 1.74430480e-39 1.08130624e-07 1.18288431e-07 1.61843676e-07
9.00000000e+03 1.17429309e-39 1.28266062e-39 1.75267383e-39 1.17429309e-39 1.28266062e-39 1.75267383e-39 1.10977732e-07 1.21143755e-07 1.65464576e-07
9.10000000e+03 1.18446086e-39 1.29095873e-39 1.76106167e-39 1.18446086e-39 1.29095873e-39 1.76106167e-39 1.13743670e-07 1.23968370e-07 1.69161570e-07
9.20000000e+03 1.19460880e-39 1.29926492e-39 1.76946836e-39 1.19460880e-39 1.29926492e-39 1.76946836e-39 1.16573146e-07 1.26788619e-07 1.72602535e-07
9.30000000e+03 1.20473761e-39 1.30757944e-39 1.77789398e-39 1.20473761e-39 1.30757944e-39 1.77789398e-39 1.19447346e-07 1.29668530e-07 1.76111962e-07
9.40000000e+03 1.21484796e-39 1.31590251e-39 1.78633858e-39 1.21484796e-39 1.31590251e-39 1.78633858e-39 1.22546691e-07 1.32515577e-07 1.79856369e-07
9.50000000e+03 1.22494052e-39 1.32423437e-39 1.79480221e-39 1.22494052e-39 1.32423437e-39 1.79480221e-39 1.25523541e-07 1.35636702e-07 1.83839896e-07
9.60000000e+03 1.23501594e-39 1.33257523e-39 1.80328491e-39 1.23501594e-39 1.33257523e-39 1.80328491e-39 1.28497328e-07 1.38690901e-07 1.87741987e-07
9.70000000e+03 1.24507489e-39 1.34092532e-39 1.81178674e-39 1.24507489e-39 1.34092532e-39 1.81178674e-39 1.31425418e-07 1.41668221e-07 1.91576906e-07
9.80000000e+03 1.25511797e-39 1.34928486e-39 1.82030774e-39 1.25511797e-39 1.34928486e-39 1.82030774e-39 1.34651344e-07 1.44775934e-07 1.95171917e-07
9.90000000e+03 1.26514583e-39 1.35765405e-39 1.82884795e-39 1.26514583e-39 1.35765405e-39 1.82884795e-39 1.37938805e-07 1.47682226e-07 1.99210351e-07
1.00000000e+04 1.27515905e-39 1.36603309e-39 1.83740740e-39 1.27515905e-39 1.36603309e-39 1.83740740e-39 1.41051106e-07 1.51077465e-07 2.02996304e-07
1.01000000e+04 1.28515824e-39 1.37442219e-39 1.84598614e-39 1.28515824e-39 1.37442219e-39 1.84598614e-39 1.44376339e-07 1.54165520e-07 2.07012442e-07
1.02000000e+04 1.29514399e-39 1.38282155e-39 1.85458419e-39 1.29514399e-39 1.38282155e-39 1.85458419e-39 1.47482840e-07 1.57628125e-07 2.11362057e-07
1.03000000e+04 1.30511687e-39 1.39123135e-39 1.86320158e-39 1.30511687e-39 1.39123135e-39 1.86320158e-39 1.51002018e-07 1.60704225e-07 2.15157824e-07
1.04000000e+04 1.31507743e-39 1.39965177e-39 1.87183835e-39 1.31507743e-39 1.39965177e-39 1.87183835e-39 1.54282452e-07 1.64147138e-07 2.19534676e-07
1.05000000e+04 1.32502624e-39 1.40808301e-39 1.88049451e-39 1.32502624e-39 1.40808301e-39 1.88049451e-39 1.57736118e-07 1.67688136e-07 2.23787366e-07
1.06000000e+04 1.33496382e-39 1.41652524e-39 1.88917009e-39 1.33496382e-39 1.41652524e-39 1.88917009e-39 1.61200867e-07 1.71052311e-07 2.28067629e-07
1.07000000e+04 1.34489072e-39 1.42497863e-39 1.89786511e-39 1.34489072e-39 1.42497863e-39 1.89786511e-39 1.64574548e-07 1.74391140e-07 2.32321532e-07
1.08000000e+04 1.35480744e-39 1.43344335e-39 1.90657959e-39 1.35480744e-39 1.43344335e-39 1.90657959e-39 1.68101145e-07 1.77889712e-07 2.36802520e-07
1.09000000e+04 1.36471451e-39 1.44191957e-39 1.91531353e-39 1.36471451e-39 1.44191957e-39 1.91531353e-39 1.71838467e-07 1.81390336e-07 2.40904851e-07
1.10000000e+04 1.37461241e-39 1.45040744e-39 1.92406696e-39 1.37461241e-39 1.45040744e-39 1.92406696e-39 1.75452452e-07 1.85194372e-07 2.45697356e-07
1.11000000e+04 1.38450163e-39 1.45890712e-39 1.93283988e-39 1.38450163e-39 1.45890712e-39 1.93283988e-39 1.79202966e-07 1.88570715e-07 2.49843038e-07
1.12000000e+04 1.39438266e-39 1.46741877e-39 1.94163230e-39 1.39438266e-39 1.46741877e-39 1.94163230e-39 1.82837631e-07 1.92257962e-07 2.54570789e-07
1.13000000e+04 1.40425597e-39 1.47594254e-39 1.95044424e-39 1.40425597e-39 1.47594254e-39 1.95044424e-39 1.86609510e-07 1.96125122e-07 2.58879471e-07
1.14000000e+04 1.41412200e-39 1.48447856e-39 1.95927568e-39 1.41412200e-39 1.48447856e-39 1.95927568e-39 1.90444606e-07 1.99817959e-07 2.63594814e-07
1.15000000e+04 1.42398122e-39 1.49302697e-39 1.96812664e-39 1.42398122e-39 1.49302697e-39 1.96812664e-39 1.94348742e-07 2.03777180e-07 2.68469795e-07
1.16000000e+04 1.43383407e-39 1.50158792e-39 1.97699711e-39 1.43383407e-39 1.50158792e-39 1.97699711e-39 1.98266138e-07 2.07145821e-07 2.73309467e-07
1.17000000e+04 1.44368097e-39 1.51016154e-39 1.98588709e-39 1.44368097e-39 1.51016154e-39 1.98588709e-39 2.02231122e-07 2.11459022e-07 2.77831171e-07
1.18000000e+04 1.45352234e-39 1.51874796e-39 1.99479659e-39 1.45352234e-39 1.51874796e-39 1.99479659e-39 2.06191834e-07 2.15391731e-07 2.82951414e-07
1.19000000e+04 1.46335861e-39 1.52734729e-39 2.00372558e-39 1.46335861e-39 1.52734729e-39 2.00372558e-39 2.10234142e-07 2.19033073e-07 2.87839477e-07
1.20000000e+04 1.47319018e-39 1.53595967e-39 2.01267407e-39 1.47319018e-39 1.53595967e-39 2.01267407e-39 2.14225712e-07 2.23467646e-07 2.92467633e-07
1.21000000e+04 1.48301745e-39 1.54458521e-39 2.02164204e-39 1.48301745e-39 1.54458521e-39 2.02164204e-39 2.18440160e-07 2.27227713e-07 2.97664907e-07
1.22000000e+04 1.49284079e-39 1.55322402e-39 2.03062949e-39 1.49284079e-39 1.55322402e-39 2.03062949e-39 2.22553852e-07 2.31283372e-07 3.02233781e-07
1.23000000e+04 1.50266061e-39 1.56187622e-39 2.03963640e-39 1.50266061e-39 1.56187622e-39 2.03963640e-39 2.26761285e-07 2.35480459e-07 3.07838710e-07
1.24000000e+04 1.51247726e-39 1.57054192e-39 2.04866275e-39 1.51247726e-39 1.57054192e-39 2.04866275e-39 2.31148909e-07 2.39809681e-07 3.12544166e-07
1.25000000e+04 1.52229111e-39 1.57922121e-39 2.05770853e-39 1.52229111e-39 1.57922121e-39 2.05770853e-39 2.35344063e-07 2.43980737e-07 3.18286173e-07
1.26000000e+04 1.53210252e-39 1.58791421e-39 2.06677372e-39 1.53210252e-39 1.58791421e-39 2.06677372e-39 2.39775528e-07 2.48209148e-07 3.23388555e-07
1.27000000e+04 1.54191183e-39 1.59662100e-39 2.07585830e-39 1.54191183e-39 1.59662100e-39 2.07585830e-39 2.44229605e-07 2.52855695e-07 3.28600914e-07
1.28000000e+04 1.55171940e-39 1.60534169e-39 2.08496226e-39 1.55171940e-39 1.60534169e-39 2.08496226e-39 2.48457553e-07 2.57048913e-07 3.34071625e-07
1.29000000e+04 1.56152554e-39 1.61407636e-39 2.09408555e-39 1.56152554e-39 1.61407636e-39 2.09408555e-39 2.53198538e-07 2.61662237e-07 3.39386950e-07
1.30000000e+04 1.57133060e-39 1.62282511e-39 2.10322817e-39 1.57133060e-39 1.62282511e-39 2.10322817e-39 2.57793664e-07 2.66076424e-07 3.44943440e-07
1.31000000e+04 1.58113489e-39 1.63158801e-39 2.11239009e-39 1.58113489e-39 1.63158801e-39 2.11239009e-39 2.62222426e-07 2.70703819e-07 3.50011710e-07
1.32000000e+04 1.59093872e-39 1.64036516e-39 2.12157127e-39 1.59093872e-39 1.64036516e-39 2.12157127e-39 2.66990951e-07 2.74973310e-07 3.56099513e-07
1.33000000e+04 1.60074239e-39 1.64915663e-39 2.13077169e-39 1.60074239e-39 1.64915663e-39 2.13077169e-39 2.71562794e-07 2.79758249e-07 3.61421300e-07
1.34000000e+04 1.61054622e-39 1.65796249e-39 2.13999132e-39 1.61054622e-39 1.65796249e-39 2.13999132e-39 2.76459025e-07 2.84618399e-07 3.67116686e-07
1.35000000e+04 1.62035048e-39 1.66678283e-39 2.14923013e-39 1.62035048e-39 1.66678283e-39 2.14923013e-39 2.81314509e-07 2.89226277e-07 3.72721376e-07
1.36000000e+04 1.63015548e-39 1.67561771e-39 2.15848808e-39 1.63015548e-39 1.67561771e-39 2.15848808e-39 2.86070425e-07 2.93909996e-07 3.78744761e-07
1.37000000e+04 1.63996147e-39 1.68446719e-39 2.16776514e-39 1.63996147e-39 1.68446719e-39 2.16776514e-39 2.90890590e-07 2.98862182e-07 3.84599968e-07
1.38000000e+04 1.64976875e-39 1.69333136e-39 2.17706128e-39 1.64976875e-39 1.69333136e-39 2.17706128e-39 2.95745687e-07 3.03637529e-07 3.90558763e-07
1.39000000e+04 1.65957757e-39 1.70221027e-39 2.18637646e-39 1.65957757e-39 1.70221027e-39 2.18637646e-39 3.00836086e-07 3.08286960e-07 3.96042566e-07
1.40000000e+04 1.66938819e-39 1.71110397e-39 2.19571063e-39 1.66938819e-39 1.71110397e-39 2.19571063e-39 3.05970359e-07 3.13728075e-07 4.02548222e-07
1.41000000e+04 1.67920088e-39 1.72001253e-39 2.20506377e-39 1.67920088e-39 1.72001253e-39 2.20506377e-39 3.10736226e-07 3.18180296e-07 4.08094465e-07
1.42000000e+04 1.68901588e-39 1.72893601e-39 2.21443582e-39 1.68901588e-39 1.72893601e-39 2.21443582e-39 3.16221908e-07 3.23571477e-07 4.14667348e-07
1.43000000e+04 1.69883344e-39 1.73787445e-39 2.22382675e-39 1.69883344e-39 1.73787445e-39 2.22382675e-39 3.21335196e-07 3.28510912e-07 4.20812509e-07
1.44000000e+04 1.70865378e-39 1.74682790e-39 2.23323652e-39 1.70865378e-39 1.74682790e-39 2.23323652e-39 3.26783573e-07 3.34092277e-07 4.27106245e-07
1.45000000e+04 1.71847715e-39 1.75579642e-39 2.24266508e-39 1.71847715e-39 1.75579642e-39 2.24266508e-39 3.31867871e-07 3.39060999e-07 4.33096858e-07
1.46000000e+04 1.72830377e-39 1.76478005e-39 2.25211239e-39 1.72830377e-39 1.76478005e-39 2.25211239e-39 3.37307112e-07 3.44582065e-07 4.39278302e-07
1.47000000e+04 1.73813386e-39 1.77377883e-39 2.26157840e-39 1.73813386e-39 1.77377883e-39 2.26157840e-39 3.42853234e-07 3.49669916e-07 4.46022402e-07
1.48000000e+04 1.74796764e-39 1.78279281e-39 2.27106306e-39 1.74796764e-39 1.78279281e-39 2.27106306e-39 3.48279596e-07 3.54729405e-07 4.52503579e-07
1.49000000e+04 1.75780532e-39 1.79182201e-39 2.28056633e-39 1.75780532e-39 1.79182201e-39 2.28056633e-39 3.53755429e-07 3.60397680e-07 4.58781195e-07
1.50000000e+04 1.76764711e-39 1.80086648e-39 2.29008816e-39 1.76764711e-39 1.80086648e-39 2.29008816e-39 3.59267537e-07 3.65766072e-07 4.64978844e-07
1.51000000e+04 1.77749319e-39 1.80992626e-39 2.29962849e-39 1.77749319e-39 1.80992626e-39 2.29962849e-39 3.64789926e-07 3.71470397e-07 4.71578639e-07
1.52000000e+04 1.78734378e-39 1.81900137e-39 2.30918728e-39 1.78734378e-39 1.81900137e-39 2.30918728e-39 3.70544204e-07 3.77166692e-07 4.78970377e-07
1.53000000e+04 1.79719907e-39 1.82809184e-39 2.31876448e-39 1.79719907e-39 1.82809184e-39 2.31876448e-39 3.76212431e-07 3.82729652e-07 4.84793204e-07
1.54000000e+04 1.80705923e-39 1.83719771e-39 2.32836003e-39 1.80705923e-39 1.83719771e-39 2.32836003e-39 3.82123359e-07 3.88504577e-07 4.92140666e-07
1.55000000e+04 1.81692445e-39 1.84631900e-39 2.33797388e-39 1.81692445e-39 1.84631900e-39 2.33797388e-39 3.87601437e-07 3.94067263e-07 4.98851312e-07
1.56000000e+04 1.82679491e-39 1.85545573e-39 2.34760597e-39 1.82679491e-39 1.85545573e-39 2.34760597e-39 3.93980228e-07 3.99505349e-07 5.06152540e-07
1.57000000e+04 1.83667078e-39 1.86460792e-39 2.35725625e-39 1.83667078e-39 1.86460792e-39 2.35725625e-39 3.99488183e-07 4.05802496e-07 5.12697761e-07
1.58000000e+04 1.84655223e-39 1.87377560e-39 2.36692467e-39 1.84655223e-39 1.87377560e-39 2.36692467e-39 4.05879410e-07 4.11515891e-07 5.19736966e-07
1.59000000e+04 1.85643942e-39 1.88295878e-39 2.37661116e-39 1.85643942e-39 1.88295878e-39 2.37661116e-39 4.11808220e-07 4.17567540e-07 5.26955459e-07
1.60000000e+04 1.86633252e-39 1.89215748e-39 2.38631568e-39 1.86633252e-39 1.89215748e-39 2.38631568e-39 4.17667579e-07 4.23509422e-07 5.34139927e-07
1.61000000e+04 1.87623167e-39 1.90137171e-39 2.39603815e-39 1.87623167e-39 1.90137171e-39 2.39603815e-39 4.23879188e-07 4.29753419e-07 5.41302611e-07
1.62000000e+04 1.88613704e-39 1.91060150e-39 2.40577853e-39 1.88613704e-39 1.91060150e-39 2.40577853e-39 4.30298032e-07 4.35692939e-07 5.48586161e-07
1.63000000e+04 1.89604876e-39 1.91984684e-39 2.41553675e-39 1.89604876e-39 1.91984684e-39 2.41553675e-39 4.36662463e-07 4.42155150e-07 5.56310433e-07
1.64000000e+04 1.90596698e-39 1.92910774e-39 2.42531275e-39 1.90596698e-39 1.92910774e-39 2.42531275e-39 4.42812210e-07 4.48151803e-07 5.63247779e-07
1.65000000e+04 1.91589184e-39 1.93838423e-39 2.43510647e-39 1.91589184e-39 1.93838423e-39 2.43510647e-39 4.49225345e-07 4.54000254e-07 5.70735588e-07
1.66000000e+04 1.92582347e-39 1.94767629e-39 2.44491785e-39 1.92582347e-39 1.94767629e-39 2.44491785e-39 4.55741366e-07 4.61079115e-07 5.78177660e-07
1.67000000e+04 1.93576202e-39 1.95698394e-39 2.45474683e-39 1.93576202e-39 1.95698394e-39 2.45474683e-39 4.62405418e-07 4.66715671e-07 5.85544561e-07
1.68000000e+04 1.94570760e-39 1.96630718e-39 2.46459334e-39 1.94570760e-39 1.96630718e-39 2.46459334e-39 4.68578538e-07 4.73515577e-07 5.93908202e-07
1.69000000e+04 1.95566035e-39 1.97564601e-39 2.47445733e-39 1.95566035e-39 1.97564601e-39 2.47445733e-39 4.75137823e-07 4.80321936e-07 6.01158842e-07
1.70000000e+04 1.96562038e-39 1.98500042e-39 2.48433872e-39 1.96562038e-39 1.98500042e-39 2.48433872e-39 4.82076008e-07 4.86772875e-07 6.08896827e-07
1.71000000e+04 1.97558780e-39 1.99437043e-39 2.49423745e-39 1.97558780e-39 1.99437043e-39 2.49423745e-39 4.88702475e-07 4.93548884e-07 6.17190844e-07
1.72000000e+04 1.98556275e-39 2.00375602e-39 2.50415346e-39 1.98556275e-39 2.00375602e-39 2.50415346e-39 4.95393992e-07 5.00167429e-07 6.24468967e-07
1.73000000e+04 1.99554532e-39 2.01315719e-39 2.51408668e-39 1.99554532e-39 2.01315719e-39 2.51408668e-39 5.02376857e-07 5.06862848e-07 6.32293163e-07
1.74000000e+04 2.00553563e-39 2.02257393e-39 2.52403704e-39 2.00553563e-39 2.02257393e-39 2.52403704e-39 5.09121601e-07 5.13560597e-07 6.40758929e-07
1.75000000e+04 2.01553378e-39 2.03200624e-39 2.53400448e-39 2.01553378e-39 2.03200624e-39 2.53400448e-39 5.16470734e-07 5.20292703e-07 6.48546094e-07
1.76000000e+04 2.02553986e-39 2.04145410e-39 2.54398893e-39 2.02553986e-39 2.04145410e-39 2.54398893e-39 5.23105439e-07 5.27129734e-07 6.56218259e-07
1.77000000e+04 2.03555399e-39 2.05091751e-39 2.55399032e-39 2.03555399e-39 2.05091751e-39 2.55399032e-39 5.30175774e-07 5.34326493e-07 6.64939236e-07
1.78000000e+04 2.04557625e-39 2.06039646e-39 2.56400859e-39 2.04557625e-39 2.06039646e-39 2.56400859e-39 5.37685347e-07 5.41080567e-07 6.73947467e-07
1.79000000e+04 2.05560674e-39 2.06989093e-39 2.57404366e-39 2.05560674e-39 2.06989093e-39 2.57404366e-39 5.44884749e-07 5.47994597e-07 6.81660833e-07
1.80000000e+04 2.06564555e-39 2.07940091e-39 2.58409546e-39 2.06564555e-39 2.07940091e-39 2.58409546e-39 5.52015616e-07 5.55638008e-07 6.90709782e-07
1.81000000e+04 2.07569276e-39 2.08892638e-39 2.59416393e-39 2.07569276e-39 2.08892638e-39 2.59416393e-39 5.59398068e-07 5.62780990e-07 6.98275237e-07
1.82000000e+04 2.08574845e-39 2.09846732e-39 2.60424900e-39 2.08574845e-39 2.09846732e-39 2.60424900e-39 5.66604728e-07 5.69789117e-07 7.07638883e-07
1.83000000e+04 2.09581272e-39 2.10802373e-39 2.61435059e-39 2.09581272e-39 2.10802373e-39 2.61435059e-39 5.74096160e-07 5.77522291e-07 7.16333266e-07
1.84000000e+04 2.10588563e-39 2.11759557e-39 2.62446864e-39 2.10588563e-39 2.11759557e-39 2.62446864e-39 5.81718215e-07 5.84651898e-07 7.25012126e-07
1.85000000e+04 2.11596727e-39 2.12718284e-39 2.63460307e-39 2.11596727e-39 2.12718284e-39 2.63460307e-39 5.89315122e-07 5.92461291e-07 7.33369270e-07
1.86000000e+04 2.12605769e-39 2.13678550e-39 2.64475381e-39 2.12605769e-39 2.13678550e-39 2.64475381e-39 5.96605540e-07 5.99843664e-07 7.42111930e-07
1.87000000e+04 2.13615699e-39 2.14640354e-39 2.65492079e-39 2.13615699e-39 2.14640354e-39 2.65492079e-39 6.04009467e-07 6.07429651e-07 7.51273658e-07
1.88000000e+04 2.14626522e-39 2.15603693e-39 2.66510393e-39 2.14626522e-39 2.15603693e-39 2.66510393e-39 6.12197584e-07 6.14813298e-07 7.60156955e-07
1.89000000e+04 2.15638244e-39 2.16568564e-39 2.67530317e-39 2.15638244e-39 2.16568564e-39 2.67530317e-39 6.20017162e-07 6.22641757e-07 7.68527400e-07
1.90000000e+04 2.16650873e-39 2.17534966e-39 2.68551844e-39 2.16650873e-39 2.17534966e-39 2.68551844e-39 6.27765088e-07 6.30600012e-07 7.78298930e-07
1.91000000e+04 2.17664414e-39 2.18502896e-39 2.69574965e-39 2.17664414e-39 2.18502896e-39 2.69574965e-39 6.35829456e-07 6.37822699e-07 7.87569488e-07
1.92000000e+04 2.18678873e-39 2.19472350e-39 2.70599673e-39 2.18678873e-39 2.19472350e-39 2.70599673e-39 6.43744852e-07 6.46291509e-07 7.96308512e-07
1.93000000e+04 2.19694256e-39 2.20443327e-39 2.71625961e-39 2.19694256e-39 2.20443327e-39 2.71625961e-39 6.51589843e-07 6.53753324e-07 8.06063666e-07
1.94000000e+04 2.20710567e-39 2.21415822e-39 2.72653822e-39 2.20710567e-39 2.21415822e-39 2.72653822e-39 6.59820460e-07 6.62192003e-07 8.14955385e-07
1.95000000e+04 2.21727813e-39 2.22389833e-39 2.73683249e-39 2.21727813e-39 2.22389833e-39 2.73683249e-39 6.68134647e-07 6.70135517e-07 8.24595713e-07
1.96000000e+04 2.22745998e-39 2.23365357e-39 2.74714232e-39 2.22745998e-39 2.23365357e-39 2.74714232e-39 6.76445039e-07 6.78138711e-07 8.34250946e-07
1.97000000e+04 2.23765126e-39 2.24342391e-39 2.75746766e-39 2.23765126e-39 2.24342391e-39 2.75746766e-39 6.84450892e-07 6.86410531e-07 8.43492496e-07
1.98000000e+04 2.24785203e-39 2.25320931e-39 2.76780843e-39 2.24785203e-39 2.25320931e-39 2.76780843e-39 6.93189835e-07 6.94813396e-07 8.52684019e-07
1.99000000e+04 2.25806233e-39 2.26300974e-39 2.77816455e-39 2.25806233e-39 2.26300974e-39 2.77816455e-39 7.01007531e-07 7.03052178e-07 8.61819672e-07
2.00000000e+04 2.26828219e-39 2.27282516e-39 2.78853595e-39 2.26828219e-39 2.27282516e-39 2.78853595e-39 7.09623900e-07 7.11109644e-07 8.72171141e-07
2.01000000e+04 2.27851166e-39 2.28265554e-39 2.79892254e-39 2.27851166e-39 2.28265554e-39 2.79892254e-39 7.18199659e-07 7.19633465e-07 8.82483850e-07
2.02000000e+04 2.28875077e-39 2.29250085e-39 2.80932426e-39 2.28875077e-39 2.29250085e-39 2.80932426e-39 7.26894718e-07 7.28182203e-07 8.92733535e-07
2.03000000e+04 2.29899955e-39 2.30236103e-39 2.81974102e-39 2.29899955e-39 2.30236103e-39 2.81974102e-39 7.35501443e-07 7.36848070e-07 9.01891931e-07
2.04000000e+04 2.30925805e-39 2.31223607e-39 2.83017276e-39 2.30925805e-39 2.31223607e-39 2.83017276e-39 7.44623202e-07 7.44929762e-07 9.12521376e-07
2.05000000e+04 2.31952629e-39 2.32212591e-39 2.84061939e-39 2.31952629e-39 2.32212591e-39 2.84061939e-39 7.53489491e-07 7.54271830e-07 9.22503754e-07
2.06000000e+04 2.32980431e-39 2.33203052e-39 2.85108084e-39 2.32980431e-39 2.33203052e-39 2.85108084e-39 7.62015832e-07 7.62960152e-07 9.32118456e-07
2.07000000e+04 2.34009212e-39 2.34194985e-39 2.86155703e-39 2.34009212e-39 2.34194985e-39 2.86155703e-39 7.70925347e-07 7.71741654e-07 9.43093120e-07
2.08000000e+04 2.35038976e-39 2.35188388e-39 2.87204789e-39 2.35038976e-39 2.35188388e-39 2.87204789e-39 7.79984834e-07 7.80681685e-07 9.53029584e-07
2.09000000e+04 2.36069725e-39 2.36183255e-39 2.88255333e-39 2.36069725e-39 2.36183255e-39 2.88255333e-39 7.89347895e-07 7.89448342e-07 9.63993258e-07
2.10000000e+04 2.37101461e-39 2.37179582e-39 2.89307328e-39 2.37101461e-39 2.37179582e-39 2.89307328e-39 7.98421404e-07 7.98305459e-07 9.73859464e-07
2.11000000e+04 2.38134187e-39 2.38177365e-39 2.90360766e-39 2.38134187e-39 2.38177365e-39 2.90360766e-39 8.07632050e-07 8.07639734e-07 9.84254009e-07
2.12000000e+04 2.39167904e-39 2.39176600e-39 2.91415640e-39 2.39167904e-39 2.39176600e-39 2.91415640e-39 8.16949213e-07 8.16335440e-07 9.95152058e-07
2.13000000e+04 2.40202614e-39 2.40177282e-39 2.92471942e-39 2.40202614e-39 2.40177282e-39 2.92471942e-39 8.26258291e-07 8.26270634e-07 1.00543388e-06
2.14000000e+04 2.41238319e-39 2.41179406e-39 2.93529663e-39 2.41238319e-39 2.41179406e-39 2.93529663e-39 8.35905208e-07 8.35478311e-07 1.01667455e-06
2.15000000e+04 2.42275021e-39 2.42182969e-39 2.94588797e-39 2.42275021e-39 2.42182969e-39 2.94588797e-39 8.44838429e-07 8.44722434e-07 1.02759059e-06
2.16000000e+04 2.43312720e-39 2.43187965e-39 2.95649335e-39 2.43312720e-39 2.43187965e-39 2.95649335e-39 8.54941958e-07 8.54029548e-07 1.03790419e-06
2.17000000e+04 2.44351418e-39 2.44194390e-39 2.96711269e-39 2.44351418e-39 2.44194390e-39 2.96711269e-39 8.64571159e-07 8.63946584e-07 1.04964082e-06
2.18000000e+04 2.45391116e-39 2.45202239e-39 2.97774592e-39 2.45391116e-39 2.45202239e-39 2.97774592e-39 8.74104815e-07 8.73245578e-07 1.06063607e-06
2.19000000e+04 2.46431814e-39 2.46211507e-39 2.98839296e-39 2.46431814e-39 2.46211507e-39 2.98839296e-39 8.83041127e-07 8.82670631e-07 1.07067677e-06
2.20000000e+04 2.47473515e-39 2.47222190e-39 2.99905373e-39 2.47473515e-39 2.47222190e-39 2.99905373e-39 8.93279665e-07 8.92939597e-07 1.08299059e-06
2.21000000e+04 2.48516217e-39 2.48234282e-39 3.00972816e-39 2.48516217e-39 2.48234282e-39 3.00972816e-39 9.03474502e-07 9.02035999e-07 1.09443701e-06
2.22000000e+04 2.49559922e-39 2.49247779e-39 3.02041616e-39 2.49559922e-39 2.49247779e-39 3.02041616e-39 9.13691217e-07 9.12070131e-07 1.10485966e-06
2.23000000e+04 2.50604630e-39 2.50262676e-39 3.03111766e-39 2.50604630e-39 2.50262676e-39 3.03111766e-39 9.23561785e-07 9.22372172e-07 1.11668414e-06
2.24000000e+04 2.51650342e-39 2.51278967e-39 3.04183257e-39 2.51650342e-39 2.51278967e-39 3.04183257e-39 9.33615315e-07 9.32037476e-07 1.12771340e-06
2.25000000e+04 2.52697057e-39 2.52296648e-39 3.05256082e-39 2.52697057e-39 2.52296648e-39 3.05256082e-39 9.43743718e-07 9.41911119e-07 1.14000597e-06
2.26000000e+04 2.53744776e-39 2.53315713e-39 3.06330234e-39 2.53744776e-39 2.53315713e-39 3.06330234e-39 9.53723200e-07 9.52484443e-07 1.15139115e-06
2.27000000e+04 2.54793498e-39 2.54336158e-39 3.07405704e-39 2.54793498e-39 2.54336158e-39 3.07405704e-39 9.63887449e-07 9.62748437e-07 1.16287034e-06
2.28000000e+04 2.55843223e-39 2.55357976e-39 3.08482484e-39 2.55843223e-39 2.55357976e-39 3.08482484e-39 9.74229888e-07 9.72284790e-07 1.17512765e-06
2.29000000e+04 2.56893951e-39 2.56381163e-39 3.09560567e-39 2.56893951e-39 2.56381163e-39 3.09560567e-39 9.85176359e-07 9.83256624e-07 1.18576156e-06
2.30000000e+04 2.57945681e-39 2.57405714e-39 3.10639944e-39 2.57945681e-39 2.57405714e-39 3.10639944e-39 9.95704379e-07 9.93401077e-07 1.19914409e-06
2.31000000e+04 2.58998413e-39 2.58431622e-39 3.11720609e-39 2.58998413e-39 2.58431622e-39 3.11720609e-39 1.00597450e-06 1.00426354e-06 1.21075982e-06
2.32000000e+04 2.60052146e-39 2.59458884e-39 3.12802552e-39 2.60052146e-39 2.59458884e-39 3.12802552e-39 1.01692626e-06 1.01445039e-06 1.22277489e-06
2.33000000e+04 2.61106880e-39 2.60487492e-39 3.13885767e-39 2.61106880e-39 2.60487492e-39 3.13885767e-39 1.02747842e-06 1.02540110e-06 1.23464510e-06
2.34000000e+04 2.62162613e-39 2.61517442e-39 3.14970245e-39 2.62162613e-39 2.61517442e-39 3.14970245e-39 1.03833714e-06 1.03563135e-06 1.24773067e-06
2.35000000e+04 2.63219344e-39 2.62548729e-39 3.16055979e-39 2.63219344e-39 2.62548729e-39 3.16055979e-39 1.04942853e-06 1.04686564e-06 1.25999182e-06
2.36000000e+04 2.64277072e-39 2.63581346e-39 3.17142961e-39 2.64277072e-39 2.63581346e-39 3.17142961e-39 1.06042253e-06 1.05725146e-06 1.27182380e-06
2.37000000e+04 2.65335797e-39 2.64615289e-39 3.18231182e-39 2.65335797e-39 2.64615289e-39 3.18231182e-39 1.07076508e-06 1.06852143e-06 1.28463285e-06
2.38000000e+04 2.66395517e-39 2.65650551e-39 3.19320636e-39 2.66395517e-39 2.65650551e-39 3.19320636e-39 1.08258229e-06 1.07881546e-06 1.29763391e-06
2.39000000e+04 2.67456230e-39 2.66687127e-39 3.20411314e-39 2.67456230e-39 2.66687127e-39 3.20411314e-39 1.09318896e-06 1.09055622e-06 1.30974528e-06
2.40000000e+04 2.68517935e-39 2.67725012e-39 3.21503208e-39 2.68517935e-39 2.67725012e-39 3.21503208e-39 1.10504614e-06 1.10103327e-06 1.32311488e-06
2.41000000e+04 2.69580631e-39 2.68764199e-39 3.22596311e-39 2.69580631e-39 2.68764199e-39 3.22596311e-39 1.11628206e-06 1.11260583e-06 1.33518420e-06
2.42000000e+04 2.70644316e-39 2.69804683e-39 3.23690615e-39 2.70644316e-39 2.69804683e-39 3.23690615e-39 1.12763240e-06 1.12426396e-06 1.34844818e-06
2.43000000e+04 2.71708987e-39 2.70846458e-39 3.24786113e-39 2.71708987e-39 2.70846458e-39 3.24786113e-39 1.13852171e-06 1.13521430e-06 1.36171055e-06
2.44000000e+04 2.72774644e-39 2.71889518e-39 3.25882795e-39 2.72774644e-39 2.71889518e-39 3.25882795e-39 1.15072589e-06 1.14699122e-06 1.37338937e-06
2.45000000e+04 2.73841284e-39 2.72933858e-39 3.26980655e-39 2.73841284e-39 2.72933858e-39 3.26980655e-39 1.16232493e-06 1.15849103e-06 1.38789026e-06
2.46000000e+04 2.74908906e-39 2.73979471e-39 3.28079685e-39 2.74908906e-39 2.73979471e-39 3.28079685e-39 1.17379869e-06 1.16999938e-06 1.40109928e-06
2.47000000e+04 2.75977507e-39 2.75026353e-39 3.29179877e-39 2.75977507e-39 2.75026353e-39 3.29179877e-39 1.18559338e-06 1.18123939e-06 1.41386533e-06
2.48000000e+04 2.77047085e-39 2.76074496e-39 3.30281223e-39 2.77047085e-39 2.76074496e-39 3.30281223e-39 1.19699988e-06 1.19329706e-06 1.42729645e-06
2.49000000e+04 2.78117639e-39 2.77123896e-39 3.31383716e-39 2.78117639e-39 2.77123896e-39 3.31383716e-39 1.20898697e-06 1.20509720e-06 1.44019638e-06
2.50000000e+04 2.79189165e-39 2.78174545e-39 3.32487348e-39 2.79189165e-39 2.78174545e-39 3.32487348e-39 1.22148071e-06 1.21696050e-06 1.45401586e-06
2.51000000e+04 2.80261661e-39 2.79226439e-39 3.33592110e-39 2.80261661e-39 2.79226439e-39 3.33592110e-39 1.23341828e-06 1.22895316e-06 1.46735348e-06
2.52000000e+04 2.81335126e-39 2.80279571e-39 3.34697996e-39 2.81335126e-39 2.80279571e-39 3.34697996e-39 1.24520929e-06 1.24034399e-06 1.48150546e-06
2.53000000e+04 2.82409555e-39 2.81333935e-39 3.35804998e-39 2.82409555e-39 2.81333935e-39 3.35804998e-39 1.25728761e-06 1.25269450e-06 1.49525993e-06
2.54000000e+04 2.83484948e-39 2.82389525e-39 3.36913108e-39 2.83484948e-39 2.82389525e-39 3.36913108e-39 1.26986155e-06 1.26521923e-06 1.50956431e-06
2.55000000e+04 2.84561301e-39 2.83446335e-39 3.38022318e-39 2.84561301e-39 2.83446335e-39 3.38022318e-39 1.28207260e-06 1.27754541e-06 1.52315342e-06
2.56000000e+04 2.85638611e-39 2.84504360e-39 3.39132621e-39 2.85638611e-39 2.84504360e-39 3.39132621e-39 1.29454515e-06 1.28936469e-06 1.53744438e-06
2.57000000e+04 2.86716877e-39 2.85563592e-39 3.40244009e-39 2.86716877e-39 2.85563592e-39 3.40244009e-39 1.30655736e-06 1.30138878e-06 1.55105077e-06
2.58000000e+04 2.87796094e-39 2.86624027e-39 3.41356474e-39 2.87796094e-39 2.86624027e-39 3.41356474e-39 1.32004826e-06 1.31407000e-06 1.56380513e-06
2.59000000e+04 2.88876260e-39 2.87685657e-39 3.42470009e-39 2.88876260e-39 2.87685657e-39 3.42470009e-39 1.33227935e-06 1.32702959e-06 1.57905286e-06
2.60000000e+04 2.89957372e-39 2.88748477e-39 3.43584606e-39 2.89957372e-39 2.88748477e-39 3.43584606e-39 1.34459728e-06 1.33948849e-06 1.59362694e-06
2.61000000e+04 2.91039428e-39 2.89812481e-39 3.44700258e-39 2.91039428e-39 2.89812481e-39 3.44700258e-39 1.35789479e-06 1.35201603e-06 1.60805722e-06
2.62000000e+04 2.92122424e-39 2.90877662e-39 3.45816957e-39 2.92122424e-39 2.90877662e-39 3.45816957e-39 1.37074332e-06 1.36520263e-06 1.62261907e-06
2.63000000e+04 2.93206356e-39 2.91944014e-39 3.46934695e-39 2.93206356e-39 2.91944014e-39 3.46934695e-39 1.38414373e-06 1.37729336e-06 1.63759131e-06
2.64000000e+04 2.94291222e-39 2.93011532e-39 3.48053464e-39 2.94291222e-39 2.93011532e-39 3.48053464e-39 1.39654856e-06 1.39087787e-06 1.65125391e-06
2.65000000e+04 2.95377019e-39 2.94080209e-39 3.49173258e-39 2.95377019e-39 2.94080209e-39 3.49173258e-39 1.41035960e-06 1.40362349e-06 1.66655758e-06
2.66000000e+04 2.96463744e-39 2.95150038e-39 3.50294069e-39 2.96463744e-39 2.95150038e-39 3.50294069e-39 1.42333203e-06 1.41698679e-06 1.68124271e-06
2.67000000e+04 2.97551392e-39 2.96221014e-39 3.51415889e-39 2.97551392e-39 2.96221014e-39 3.51415889e-39 1.43598400e-06 1.43030412e-06 1.69682890e-06
2.68000000e+04 2.98639961e-39 2.97293130e-39 3.52538711e-39 2.98639961e-39 2.97293130e-39 3.52538711e-39 1.44951927e-06 1.44331845e-06 1.71084261e-06
2.69000000e+04 2.99729447e-39 2.98366381e-39 3.53662527e-39 2.99729447e-39 2.98366381e-39 3.53662527e-39 1.46281566e-06 1.45673072e-06 1.72602240e-06
2.70000000e+04 3.00819847e-39 2.99440759e-39 3.54787330e-39 3.00819847e-39 2.99440759e-39 3.54787330e-39 1.47690735e-06 1.46975220e-06 1.74202746e-06
2.71000000e+04 3.01911157e-39 3.00516259e-39 3.55913112e-39 3.01911157e-39 3.00516259e-39 3.55913112e-39 1.49082736e-06 1.48298298e-06 1.75631055e-06
2.72000000e+04 3.03003373e-39 3.01592874e-39 3.57039866e-39 3.03003373e-39 3.01592874e-39 3.57039866e-39 1.50424141e-06 1.49712973e-06 1.77280775e-06
2.73000000e+04 3.04096493e-39 3.02670599e-39 3.58167584e-39 3.04096493e-39 3.02670599e-39 3.58167584e-39 1.51814957e-06 1.51038512e-06 1.78722941e-06
2.74000000e+04 3.05190512e-39 3.03749426e-39 3.59296260e-39 3.05190512e-39 3.03749426e-39 3.59296260e-39 1.53204190e-06 1.52419747e-06 1.80314982e-06
2.75000000e+04 3.06285427e-39 3.04829350e-39 3.60425885e-39 3.06285427e-39 3.04829350e-39 3.60425885e-39 1.54589511e-06 1.53858382e-06 1.81830747e-06
2.76000000e+04 3.07381234e-39 3.05910365e-39 3.61556452e-39 3.07381234e-39 3.05910365e-39 3.61556452e-39 1.56000815e-06 1.55256690e-06 1.83352340e-06
2.77000000e+04 3.08477929e-39 3.06992463e-39 3.62687954e-39 3.08477929e-39 3.06992463e-39 3.62687954e-39 1.57378585e-06 1.56649449e-06 1.84943488e-06
2.78000000e+04 3.09575508e-39 3.08075639e-39 3.63820384e-39 3.09575508e-39 3.08075639e-39 3.63820384e-39 1.58815771e-06 1.57936335e-06 1.86660368e-06
2.79000000e+04 3.10673969e-39 3.09159887e-39 3.64953734e-39 3.10673969e-39 3.09159887e-39 3.64953734e-39 1.60246086e-06 1.59370966e-06 1.88096408e-06
2.80000000e+04 3.11773305e-39 3.10245200e-39 3.66087998e-39 3.11773305e-39 3.10245200e-39 3.66087998e-39 1.61641475e-06 1.60733397e-06 1.89830474e-06
2.81000000e+04 3.12873515e-39 3.11331571e-39 3.67223166e-39 3.12873515e-39 3.11331571e-39 3.67223166e-39 1.63088124e-06 1.62262615e-06 1.91448363e-06
2.82000000e+04 3.13974594e-39 3.12418996e-39 3.68359234e-39 3.13974594e-39 3.12418996e-39 3.68359234e-39 1.64468587e-06 1.63743065e-06 1.93043676e-06
2.83000000e+04 3.15076537e-39 3.13507467e-39 3.69496192e-39 3.15076537e-39 3.13507467e-39 3.69496192e-39 1.65934933e-06 1.65181580e-06 1.94620529e-06
2.84000000e+04 3.16179341e-39 3.14596978e-39 3.70634034e-39 3.16179341e-39 3.14596978e-39 3.70634034e-39 1.67488203e-06 1.66600035e-06 1.96242164e-06
2.85000000e+04 3.17283003e-39 3.15687522e-39 3.71772753e-39 3.17283003e-39 3.15687522e-39 3.71772753e-39 1.68928513e-06 1.68047108e-06 1.97819385e-06
2.86000000e+04 3.18387516e-39 3.16779094e-39 3.72912342e-39 3.18387516e-39 3.16779094e-39 3.72912342e-39 1.70394445e-06 1.69520944e-06 1.99610644e-06
2.87000000e+04 3.19492879e-39 3.17871687e-39 3.74052793e-39 3.19492879e-39 3.17871687e-39 3.74052793e-39 1.71934190e-06 1.71061766e-06 2.01134541e-06
2.88000000e+04 3.20599086e-39 3.18965295e-39 3.75194099e-39 3.20599086e-39 3.18965295e-39 3.75194099e-39 1.73402035e-06 1.72549234e-06 2.02821768e-06
2.89000000e+04 3.21706133e-39 3.20059911e-39 3.76336254e-39 3.21706133e-39 3.20059911e-39 3.76336254e-39 1.74859188e-06 1.73986865e-06 2.04649682e-06
2.90000000e+04 3.22814017e-39 3.21155529e-39 3.77479249e-39 3.22814017e-39 3.21155529e-39 3.77479249e-39 1.76368448e-06 1.75471379e-06 2.06268141e-06
2.91000000e+04 3.23922733e-39 3.22252144e-39 3.78623078e-39 3.23922733e-39 3.22252144e-39 3.78623078e-39 1.77980820e-06 1.77055910e-06 2.07948923e-06
2.92000000e+04 3.25032276e-39 3.23349748e-39 3.79767734e-39 3.25032276e-39 3.23349748e-39 3.79767734e-39 1.79469056e-06 1.78495648e-06 2.09497969e-06
2.93000000e+04 3.26142643e-39 3.24448335e-39 3.80913210e-39 3.26142643e-39 3.24448335e-39 3.80913210e-39 1.81045094e-06 1.80011700e-06 2.11354622e-06
2.94000000e+04 3.27253828e-39 3.25547899e-39 3.82059498e-39 3.27253828e-39 3.25547899e-39 3.82059498e-39 1.82561331e-06 1.81615379e-06 2.13003819e-06
2.95000000e+04 3.28365829e-39 3.26648434e-39 3.83206592e-39 3.28365829e-39 3.26648434e-39 3.83206592e-39 1.84074859e-06 1.83126532e-06 2.14853241e-06
2.96000000e+04 3.29478640e-39 3.27749933e-39 3.84354485e-39 3.29478640e-39 3.27749933e-39 3.84354485e-39 1.85668395e-06 1.84685566e-06 2.16633782e-06
2.97000000e+04 3.30592258e-39 3.28852390e-39 3.85503169e-39 3.30592258e-39 3.28852390e-39 3.85503169e-39 1.87275161e-06 1.86239430e-06 2.18294519e-06
2.98000000e+04 3.31706677e-39 3.29955799e-39 3.86652639e-39 3.31706677e-39 3.29955799e-39 3.86652639e-39 1.88717376e-06 1.87865400e-06 2.20143779e-06
2.99000000e+04 3.32821893e-39 3.31060153e-39 3.87802886e-39 3.32821893e-39 3.31060153e-39 3.87802886e-39 1.90454036e-06 1.89404586e-06 2.21866679e-06
3.00000000e+04 3.33937902e-39 3.32165447e-39 3.88953904e-39 3.33937902e-39 3.32165447e-39 3.88953904e-39 1.92038132e-06 1.91044215e-06 2.23696322e-06
3.01000000e+04 3.35054700e-39 3.33271674e-39 3.90105686e-39 3.35054700e-39 3.33271674e-39 3.90105686e-39 1.93644688e-06 1.92612659e-06 2.25446036e-06
3.02000000e+04 3.36172282e-39 3.34378827e-39 3.91258225e-39 3.36172282e-39 3.34378827e-39 3.91258225e-39 1.95222471e-06 1.94081056e-06 2.27240125e-06
3.03000000e+04 3.37290643e-39 3.35486901e-39 3.92411515e-39 3.37290643e-39 3.35486901e-39 3.92411515e-39 1.96905351e-06 1.95802888e-06 2.29043581e-06
3.04000000e+04 3.38409780e-39 3.36595889e-39 3.93565548e-39 3.38409780e-39 3.36595889e-39 3.93565548e-39 1.98517761e-06 1.97458808e-06 2.30796547e-06
3.05000000e+04 3.39529687e-39 3.37705785e-39 3.94720317e-39 3.39529687e-39 3.37705785e-39 3.94720317e-39 2.00177441e-06 1.99018127e-06 2.32665087e-06
3.06000000e+04 3.40650359e-39 3.38816583e-39 3.95875817e-39 3.40650359e-39 3.38816583e-39 3.95875817e-39 2.01769888e-06 2.00745993e-06 2.34526924e-06
3.07000000e+04 3.41771794e-39 3.39928276e-39 3.97032039e-39 3.41771794e-39 3.39928276e-39 3.97032039e-39 2.03464571e-06 2.02314898e-06 2.36355705e-06
3.08000000e+04 3.42893985e-39 3.41040858e-39 3.98188978e-39 3.42893985e-39 3.41040858e-39 3.98188978e-39 2.05114844e-06 2.03883476e-06 2.38124361e-06
3.09000000e+04 3.44016929e-39 3.42154323e-39 3.99346627e-39 3.44016929e-39 3.42154323e-39 3.99346627e-39 2.06828247e-06 2.05712673e-06 2.39870755e-06
3.10000000e+04 3.45140620e-39 3.43268665e-39 4.00504978e-39 3.45140620e-39 3.43268665e-39 4.00504978e-39 2.08475598e-06 2.07379466e-06 2.41880430e-06
3.11000000e+04 3.46265054e-39 3.44383878e-39 4.01664026e-39 3.46265054e-39 3.44383878e-39 4.01664026e-39 2.10121812e-06 2.09027016e-06 2.43819888e-06
3.12000000e+04 3.47390227e-39 3.45499955e-39 4.02823764e-39 3.47390227e-39 3.45499955e-39 4.02823764e-39 2.11833708e-06 2.10676071e-06 2.45609316e-06
3.13000000e+04 3.48516134e-39 3.46616890e-39 4.03984184e-39 3.48516134e-39 3.46616890e-39 4.03984184e-39 2.13544941e-06 2.12364511e-06 2.47582464e-06
3.14000000e+04 3.49642770e-39 3.47734677e-39 4.05145281e-39 3.49642770e-39 3.47734677e-39 4.05145281e-39 2.15333968e-06 2.14041011e-06 2.49419601e-06
3.15000000e+04 3.50770131e-39 3.48853310e-39 4.06307048e-39 3.50770131e-39 3.48853310e-39 4.06307048e-39 2.17010571e-06 2.15812554e-06 2.51384976e-06
3.16000000e+04 3.51898211e-39 3.49972782e-39 4.07469477e-39 3.51898211e-39 3.49972782e-39 4.07469477e-39 2.18671111e-06 2.17545240e-06 2.53348577e-06
3.17000000e+04 3.53027007e-39 3.51093088e-39 4.08632564e-39 3.53027007e-39 3.51093088e-39 4.08632564e-39 2.20463184e-06 2.19314931e-06 2.55147369e-06
3.18000000e+04 3.54156514e-39 3.52214221e-39 4.09796300e-39 3.54156514e-39 3.52214221e-39 4.09796300e-39 2.22247461e-06 2.21016342e-06 2.57162043e-06
3.19000000e+04 3.55286726e-39 3.53336176e-39 4.10960680e-39 3.55286726e-39 3.53336176e-39 4.10960680e-39 2.24041737e-06 2.22729639e-06 2.59079823e-06
3.20000000e+04 3.56417640e-39 3.54458945e-39 4.12125698e-39 3.56417640e-39 3.54458945e-39 4.12125698e-39 2.25748259e-06 2.24586461e-06 2.61032080e-06
3.21000000e+04 3.57549250e-39 3.55582523e-39 4.13291346e-39 3.57549250e-39 3.55582523e-39 4.13291346e-39 2.27508344e-06 2.26339835e-06 2.63077734e-06
3.22000000e+04 3.58681552e-39 3.56706905e-39 4.14457618e-39 3.58681552e-39 3.56706905e-39 4.14457618e-39 2.29321871e-06 2.28128177e-06 2.65021844e-06
3.23000000e+04 3.59814540e-39 3.57832082e-39 4.15624508e-39 3.59814540e-39 3.57832082e-39 4.15624508e-39 2.31075090e-06 2.29862473e-06 2.66945010e-06
3.24000000e+04 3.60948212e-39 3.58958051e-39 4.16792009e-39 3.60948212e-39 3.58958051e-39 4.16792009e-39 2.32945685e-06 2.31693246e-06 2.68954115e-06
3.25000000e+04 3.62082560e-39 3.60084804e-39 4.17960116e-39 3.62082560e-39 3.60084804e-39 4.17960116e-39 2.34804723e-06 2.33473303e-06 2.70779266e-06
3.26000000e+04 3.63217582e-39 3.61212335e-39 4.19128821e-39 3.63217582e-39 3.61212335e-39 4.19128821e-39 2.36629519e-06 2.35325701e-06 2.72916194e-06
3.27000000e+04 3.64353272e-39 3.62340639e-39 4.20298119e-39 3.64353272e-39 3.62340639e-39 4.20298119e-39 2.38445774e-06 2.37121425e-06 2.75046859e-06
3.28000000e+04 3.65489625e-39 3.63469709e-39 4.21468003e-39 3.65489625e-39 3.63469709e-39 4.21468003e-39 2.40250805e-06 2.38842886e-06 2.76996980e-06
3.29000000e+04 3.66626637e-39 3.64599540e-39 4.22638466e-39 3.66626637e-39 3.64599540e-39 4.22638466e-39 2.42078453e-06 2.40771061e-06 2.79027907e-06
3.30000000e+04 3.67764302e-39 3.65730124e-39 4.23809503e-39 3.67764302e-39 3.65730124e-39 4.23809503e-39 2.43980517e-06 2.42634043e-06 2.81133469e-06
3.31000000e+04 3.68902617e-39 3.66861458e-39 4.24981108e-39 3.68902617e-39 3.66861458e-39 4.24981108e-39 2.45796801e-06 2.44536765e-06 2.83081913e-06
3.32000000e+04 3.70041576e-39 3.67993533e-39 4.26153273e-39 3.70041576e-39 3.67993533e-39 4.26153273e-39 2.47768564e-06 2.46379332e-06 2.85165103e-06
3.33000000e+04 3.71181174e-39 3.69126345e-39 4.27325994e-39 3.71181174e-39 3.69126345e-39 4.27325994e-39 2.49657248e-06 2.48170198e-06 2.87267548e-06
3.34000000e+04 3.72321408e-39 3.70259887e-39 4.28499263e-39 3.72321408e-39 3.70259887e-39 4.28499263e-39 2.51540584e-06 2.50138289e-06 2.89482111e-06
3.35000000e+04 3.73462271e-39 3.71394153e-39 4.29673075e-39 3.73462271e-39 3.71394153e-39 4.29673075e-39 2.53461765e-06 2.51982596e-06 2.91524707e-06
3.36000000e+04 3.74603760e-39 3.72529138e-39 4.30847424e-39 3.74603760e-39 3.72529138e-39 4.30847424e-39 2.55340823e-06 2.53831918e-06 2.93588395e-06
3.37000000e+04 3.75745869e-39 3.73664836e-39 4.32022302e-39 3.75745869e-39 3.73664836e-39 4.32022302e-39 2.57218192e-06 2.55766456e-06 2.95705804e-06
3.38000000e+04 3.76888593e-39 3.74801240e-39 4.33197706e-39 3.76888593e-39 3.74801240e-39 4.33197706e-39 2.59177995e-06 2.57696819e-06 2.97801590e-06
3.39000000e+04 3.78031929e-39 3.75938344e-39 4.34373627e-39 3.78031929e-39 3.75938344e-39 4.34373627e-39 2.61157681e-06 2.59694250e-06 3.00041710e-06
3.40000000e+04 3.79175871e-39 3.77076144e-39 4.35550061e-39 3.79175871e-39 3.77076144e-39 4.35550061e-39 2.63069311e-06 2.61635843e-06 3.02137620e-06
3.41000000e+04 3.80320414e-39 3.78214632e-39 4.36727001e-39 3.80320414e-39 3.78214632e-39 4.36727001e-39 2.64976916e-06 2.63536095e-06 3.04372383e-06
3.42000000e+04 3.81465553e-39 3.79353803e-39 4.37904441e-39 3.81465553e-39 3.79353803e-39 4.37904441e-39 2.67051120e-06 2.65504333e-06 3.06481130e-06
3.43000000e+04 3.82611284e-39 3.80493652e-39 4.39082376e-39 3.82611284e-39 3.80493652e-39 4.39082376e-39 2.69007208e-06 2.67498577e-06 3.08580761e-06
3.44000000e+04 3.83757603e-39 3.81634172e-39 4.40260798e-39 3.83757603e-39 3.81634172e-39 4.40260798e-39 2.70965711e-06 2.69464697e-06 3.10713852e-06
3.45000000e+04 3.84904503e-39 3.82775357e-39 4.41439704e-39 3.84904503e-39 3.82775357e-39 4.41439704e-39 2.72956958e-06 2.71362992e-06 3.13055845e-06
3.46000000e+04 3.86051981e-39 3.83917202e-39 4.42619086e-39 3.86051981e-39 3.83917202e-39 4.42619086e-39 2.74971670e-06 2.73433588e-06 3.15093808e-06
3.47000000e+04 3.87200032e-39 3.85059701e-39 4.43798938e-39 3.87200032e-39 3.85059701e-39 4.43798938e-39 2.77029330e-06 2.75391168e-06 3.17313872e-06
3.48000000e+04 3.88348651e-39 3.86202848e-39 4.44979256e-39 3.88348651e-39 3.86202848e-39 4.44979256e-39 2.79054001e-06 2.77450086e-06 3.19501328e-06
3.49000000e+04 3.89497832e-39 3.87346638e-39 4.46160032e-39 3.89497832e-39 3.87346638e-39 4.46160032e-39 2.81086094e-06 2.79492384e-06 3.21860974e-06
3.50000000e+04 3.90647573e-39 3.88491064e-39 4.47341262e-39 3.90647573e-39 3.88491064e-39 4.47341262e-39 2.83060042e-06 2.81475937e-06 3.24132392e-06
3.51000000e+04 3.91797866e-39 3.89636121e-39 4.48522939e-39 3.91797866e-39 3.89636121e-39 4.48522939e-39 2.85157713e-06 2.83577533e-06 3.26292576e-06
3.52000000e+04 3.92948709e-39 3.90781803e-39 4.49705058e-39 3.92948709e-39 3.90781803e-39 4.49705058e-39 2.87224792e-06 2.85581830e-06 3.28596549e-06
3.53000000e+04 3.94100095e-39 3.91928105e-39 4.50887613e-39 3.94100095e-39 3.91928105e-39 4.50887613e-39 2.89285199e-06 2.87716550e-06 3.30847202e-06
3.54000000e+04 3.95252021e-39 3.93075020e-39 4.52070598e-39 3.95252021e-39 3.93075020e-39 4.52070598e-39 2.91329567e-06 2.89744432e-06 3.33118910e-06
3.55000000e+04 3.96404482e-39 3.94222543e-39 4.53254008e-39 3.96404482e-39 3.94222543e-39 4.53254008e-39 2.93437104e-06 2.91835915e-06 3.35334769e-06
3.56000000e+04 3.97557472e-39 3.95370669e-39 4.54437837e-39 3.97557472e-39 3.95370669e-39 4.54437837e-39 2.95494052e-06 2.93821579e-06 3.37699822e-06
3.57000000e+04 3.98710987e-39 3.96519392e-39 4.55622079e-39 3.98710987e-39 3.96519392e-39 4.55622079e-39 2.97680130e-06 2.96025308e-06 3.40098865e-06
3.58000000e+04 3.99865023e-39 3.97668705e-39 4.56806728e-39 3.99865023e-39 3.97668705e-39 4.56806728e-39 2.99668634e-06 2.98064758e-06 3.42478261e-06
3.59000000e+04 4.01019574e-39 3.98818605e-39 4.57991780e-39 4.01019574e-39 3.98818605e-39 4.57991780e-39 3.01845450e-06 3.00207933e-06 3.44664389e-06
3.60000000e+04 4.02174636e-39 3.99969084e-39 4.59177228e-39 4.02174636e-39 3.99969084e-39 4.59177228e-39 3.03938331e-06 3.02316762e-06 3.46969558e-06
3.61000000e+04 4.03330205e-39 4.01120137e-39 4.60363068e-39 4.03330205e-39 4.01120137e-39 4.60363068e-39 3.06140449e-06 3.04505602e-06 3.49376726e-06
3.62000000e+04 4.04486274e-39 4.02271759e-39 4.61549292e-39 4.04486274e-39 4.02271759e-39 4.61549292e-39 3.08300767e-06 3.06678635e-06 3.51742972e-06
3.63000000e+04 4.05642841e-39 4.03423945e-39 4.62735897e-39 4.05642841e-39 4.03423945e-39 4.62735897e-39 3.10428585e-06 3.08798099e-06 3.54026958e-06
3.64000000e+04 4.06799899e-39 4.04576688e-39 4.63922876e-39 4.06799899e-39 4.04576688e-39 4.63922876e-39 3.12542614e-06 3.10940612e-06 3.56546858e-06
3.65000000e+04 4.07957445e-39 4.05729983e-39 4.65110223e-39 4.07957445e-39 4.05729983e-39 4.65110223e-39 3.14782049e-06 3.13001152e-06 3.58933574e-06
3.66000000e+04 4.09115473e-39 4.06883825e-39 4.66297935e-39 4.09115473e-39 4.06883825e-39 4.66297935e-39 3.17051912e-06 3.15275329e-06 3.61293833e-06
3.67000000e+04 4.10273980e-39 4.08038208e-39 4.67486005e-39 4.10273980e-39 4.08038208e-39 4.67486005e-39 3.19205149e-06 3.17482558e-06 3.63804953e-06
3.68000000e+04 4.11432959e-39 4.09193127e-39 4.68674427e-39 4.11432959e-39 4.09193127e-39 4.68674427e-39 3.21482706e-06 3.19717553e-06 3.65916585e-06
3.69000000e+04 4.12592408e-39 4.10348576e-39 4.69863197e-39 4.12592408e-39 4.10348576e-39 4.69863197e-39 3.23662729e-06 3.21892715e-06 3.68442879e-06
3.70000000e+04 4.13752320e-39 4.11504550e-39 4.71052308e-39 4.13752320e-39 4.11504550e-39 4.71052308e-39 3.25935155e-06 3.24025072e-06 3.70962559e-06
3.71000000e+04 4.14912691e-39 4.12661044e-39 4.72241757e-39 4.14912691e-39 4.12661044e-39 4.72241757e-39 3.28024694e-06 3.26367074e-06 3.73377552e-06
3.72000000e+04 4.16073517e-39 4.13818051e-39 4.73431537e-39 4.16073517e-39 4.13818051e-39 4.73431537e-39 3.30401115e-06 3.28539542e-06 3.75886808e-06
3.73000000e+04 4.17234793e-39 4.14975567e-39 4.74621643e-39 4.17234793e-39 4.14975567e-39 4.74621643e-39 3.32633201e-06 3.30880976e-06 3.78244457e-06
3.74000000e+04 4.18396514e-39 4.16133586e-39 4.75812070e-39 4.18396514e-39 4.16133586e-39 4.75812070e-39 3.34928152e-06 3.33001640e-06 3.80888624e-06
3.75000000e+04 4.19558676e-39 4.17292103e-39 4.77002813e-39 4.19558676e-39 4.17292103e-39 4.77002813e-39 3.37189763e-06 3.35399220e-06 3.83391547e-06
3.76000000e+04 4.20721274e-39 4.18451113e-39 4.78193866e-39 4.20721274e-39 4.18451113e-39 4.78193866e-39 3.39526121e-06 3.37525861e-06 3.85690455e-06
3.77000000e+04 4.21884303e-39 4.19610609e-39 4.79385224e-39 4.21884303e-39 4.19610609e-39 4.79385224e-39 3.41687558e-06 3.39695155e-06 3.88380119e-06
3.78000000e+04 4.23047759e-39 4.20770588e-39 4.80576882e-39 4.23047759e-39 4.20770588e-39 4.80576882e-39 3.44088421e-06 3.42156363e-06 3.90879321e-06
3.79000000e+04 4.24211638e-39 4.21931043e-39 4.81768836e-39 4.24211638e-39 4.21931043e-39 4.81768836e-39 3.46431598e-06 3.44502089e-06 3.93264397e-06
3.80000000e+04 4.25375934e-39 4.23091970e-39 4.82961079e-39 4.25375934e-39 4.23091970e-39 4.82961079e-39 3.48538801e-06 3.46671518e-06 3.95981925e-06
3.81000000e+04 4.26540643e-39 4.24253363e-39 4.84153607e-39 4.26540643e-39 4.24253363e-39 4.84153607e-39 3.51047622e-06 3.49052585e-06 3.98265423e-06
3.82000000e+04 4.27705761e-39 4.25415217e-39 4.85346414e-39 4.27705761e-39 4.25415217e-39 4.85346414e-39 3.53360004e-06 3.51371976e-06 4.01049223e-06
3.83000000e+04 4.28871283e-39 4.26577526e-39 4.86539497e-39 4.28871283e-39 4.26577526e-39 4.86539497e-39 3.55704926e-06 3.53762626e-06 4.03577053e-06
3.84000000e+04 4.30037204e-39 4.27740286e-39 4.87732848e-39 4.30037204e-39 4.27740286e-39 4.87732848e-39 3.58161753e-06 3.56148046e-06 4.06176117e-06
3.85000000e+04 4.31203520e-39 4.28903491e-39 4.88926465e-39 4.31203520e-39 4.28903491e-39 4.88926465e-39 3.60509351e-06 3.58463512e-06 4.08701963e-06
3.86000000e+04 4.32370227e-39 4.30067136e-39 4.90120341e-39 4.32370227e-39 4.30067136e-39 4.90120341e-39 3.62823044e-06 3.60918324e-06 4.11365203e-06
3.87000000e+04 4.33537319e-39 4.31231216e-39 4.91314471e-39 4.33537319e-39 4.31231216e-39 4.91314471e-39 3.65235714e-06 3.63133606e-06 4.13863626e-06
3.88000000e+04 4.34704792e-39 4.32395726e-39 4.92508851e-39 4.34704792e-39 4.32395726e-39 4.92508851e-39 3.67698711e-06 3.65583523e-06 4.16481756e-06
3.89000000e+04 4.35872643e-39 4.33560661e-39 4.93703476e-39 4.35872643e-39 4.33560661e-39 4.93703476e-39 3.70142449e-06 3.68044034e-06 4.19264022e-06
3.90000000e+04 4.37040865e-39 4.34726015e-39 4.94898341e-39 4.37040865e-39 4.34726015e-39 4.94898341e-39 3.72558247e-06 3.70439493e-06 4.21886499e-06
3.91000000e+04 4.38209456e-39 4.35891784e-39 4.96093441e-39 4.38209456e-39 4.35891784e-39 4.96093441e-39 3.74823580e-06 3.73026256e-06 4.24536404e-06
3.92000000e+04 4.39378410e-39 4.37057963e-39 4.97288770e-39 4.39378410e-39 4.37057963e-39 4.97288770e-39 3.77399334e-06 3.75449757e-06 4.26919716e-06
3.93000000e+04 4.40547722e-39 4.38224545e-39 4.98484325e-39 4.40547722e-39 4.38224545e-39 4.98484325e-39 3.79784702e-06 3.77725043e-06 4.29844473e-06
3.94000000e+04 4.41717390e-39 4.39391528e-39 4.99680101e-39 4.41717390e-39 4.39391528e-39 4.99680101e-39 3.82373890e-06 3.80325476e-06 4.32510146e-06
3.95000000e+04 4.42887407e-39 4.40558904e-39 5.00876092e-39 4.42887407e-39 4.40558904e-39 5.00876092e-39 3.84637943e-06 3.82717909e-06 4.35063440e-06
3.96000000e+04 4.44057770e-39 4.41726670e-39 5.02072294e-39 4.44057770e-39 4.41726670e-39 5.02072294e-39 3.87299169e-06 3.85271384e-06 4.37903521e-06
3.97000000e+04 4.45228474e-39 4.42894821e-39 5.03268702e-39 4.45228474e-39 4.42894821e-39 5.03268702e-39 3.89791589e-06 3.87757516e-06 4.40522380e-06
3.98000000e+04 4.46399514e-39 4.44063351e-39 5.04465312e-39 4.46399514e-39 4.44063351e-39 5.04465312e-39 3.92316920e-06 3.90232394e-06 4.43307804e-06
3.99000000e+04 4.47570888e-39 4.45232255e-39 5.05662118e-39 4.47570888e-39 4.45232255e-39 5.05662118e-39 3.94707560e-06 3.92626937e-06 4.45822912e-06
4.00000000e+04 4.48742589e-39 4.46401529e-39 5.06859117e-39 4.48742589e-39 4.46401529e-39 5.06859117e-39 3.97314277e-06 3.95148611e-06 4.48671708e-06
4.01000000e+04 4.49914613e-39 4.47571168e-39 5.08056302e-39 4.49914613e-39 4.47571168e-39 5.08056302e-39 3.99747022e-06 3.97698085e-06 4.51299335e-06
4.02000000e+04 4.51086957e-39 4.48741167e-39 5.09253671e-39 4.51086957e-39 4.48741167e-39 5.09253671e-39 4.02437075e-06 4.00311824e-06 4.54048777e-06
4.03000000e+04 4.52259616e-39 4.49911520e-39 5.10451217e-39 4.52259616e-39 4.49911520e-39 5.10451217e-39 4.04897165e-06 4.02782731e-06 4.56818220e-06
4.04000000e+04 4.53432586e-39 4.51082224e-39 5.11648937e-39 4.53432586e-39 4.51082224e-39 5.11648937e-39 4.07435768e-06 4.05399587e-06 4.59651758e-06
4.05000000e+04 4.54605861e-39 4.52253273e-39 5.12846826e-39 4.54605861e-39 4.52253273e-39 5.12846826e-39 4.10116867e-06 4.08003621e-06 4.62411595e-06
4.06000000e+04 4.55779439e-39 4.53424662e-39 5.14044880e-39 4.55779439e-39 4.53424662e-39 5.14044880e-39 4.12701612e-06 4.10506987e-06 4.65313670e-06
4.07000000e+04 4.56953314e-39 4.54596387e-39 5.15243093e-39 4.56953314e-39 4.54596387e-39 5.15243093e-39 4.15138162e-06 4.13109208e-06 4.68085321e-06
4.08000000e+04 4.58127483e-39 4.55768443e-39 5.16441461e-39 4.58127483e-39 4.55768443e-39 5.16441461e-39 4.17808498e-06 4.15741543e-06 4.70857638e-06
4.09000000e+04 4.59301940e-39 4.56940826e-39 5.17639980e-39 4.59301940e-39 4.56940826e-39 5.17639980e-39 4.20423615e-06 4.18024998e-06 4.73676461e-06
4.10000000e+04 4.60476682e-39 4.58113529e-39 5.18838646e-39 4.60476682e-39 4.58113529e-39 5.18838646e-39 4.23128338e-06 4.20846606e-06 4.76753674e-06
4.11000000e+04 4.61651705e-39 4.59286549e-39 5.20037453e-39 4.61651705e-39 4.59286549e-39 5.20037453e-39 4.25693204e-06 4.23456914e-06 4.79588622e-06
4.12000000e+04 4.62827004e-39 4.60459881e-39 5.21236398e-39 4.62827004e-39 4.60459881e-39 5.21236398e-39 4.28409694e-06 4.26030949e-06 4.82400605e-06
4.13000000e+04 4.64002575e-39 4.61633520e-39 5.22435476e-39 4.64002575e-39 4.61633520e-39 5.22435476e-39 4.30903556e-06 4.28785303e-06 4.85216539e-06
4.14000000e+04 4.65178414e-39 4.62807462e-39 5.23634683e-39 4.65178414e-39 4.62807462e-39 5.23634683e-39 4.33667607e-06 4.31379698e-06 4.87983315e-06
4.15000000e+04 4.66354517e-39 4.63981702e-39 5.24834014e-39 4.66354517e-39 4.63981702e-39 5.24834014e-39 4.36306227e-06 4.34033694e-06 4.90896102e-06
4.16000000e+04 4.67530879e-39 4.65156235e-39 5.26033464e-39 4.67530879e-39 4.65156235e-39 5.26033464e-39 4.39086998e-06 4.36591087e-06 4.93856326e-06
4.17000000e+04 4.68707496e-39 4.66331057e-39 5.27233031e-39 4.68707496e-39 4.66331057e-39 5.27233031e-39 4.41611829e-06 4.39489583e-06 4.96750842e-06
4.18000000e+04 4.69884365e-39 4.67506163e-39 5.28432708e-39 4.69884365e-39 4.67506163e-39 5.28432708e-39 4.44371731e-06 4.42064001e-06 4.99557108e-06
4.19000000e+04 4.71061480e-39 4.68681548e-39 5.29632493e-39 4.71061480e-39 4.68681548e-39 5.29632493e-39 4.47064744e-06 4.44829536e-06 5.02618078e-06
4.20000000e+04 4.72238838e-39 4.69857208e-39 5.30832380e-39 4.72238838e-39 4.69857208e-39 5.30832380e-39 4.49905502e-06 4.47555538e-06 5.05615622e-06
4.21000000e+04 4.73416434e-39 4.71033139e-39 5.32032366e-39 4.73416434e-39 4.71033139e-39 5.32032366e-39 4.52654447e-06 4.50167287e-06 5.08572815e-06
4.22000000e+04 4.74594265e-39 4.72209335e-39 5.33232446e-39 4.74594265e-39 4.72209335e-39 5.33232446e-39 4.55296251e-06 4.53065105e-06 5.11589212e-06
4.23000000e+04 4.75772327e-39 4.73385793e-39 5.34432616e-39 4.75772327e-39 4.73385793e-39 5.34432616e-39 4.58005415e-06 4.55584836e-06 5.14445680e-06
4.24000000e+04 4.76950615e-39 4.74562507e-39 5.35632872e-39 4.76950615e-39 4.74562507e-39 5.35632872e-39 4.60872084e-06 4.58595515e-06 5.17396823e-06
4.25000000e+04 4.78129125e-39 4.75739474e-39 5.36833210e-39 4.78129125e-39 4.75739474e-39 5.36833210e-39 4.63658917e-06 4.61354622e-06 5.20589656e-06
4.26000000e+04 4.79307853e-39 4.76916688e-39 5.38033625e-39 4.79307853e-39 4.76916688e-39 5.38033625e-39 4.66353256e-06 4.64012093e-06 5.23614949e-06
4.27000000e+04 4.80486795e-39 4.78094146e-39 5.39234114e-39 4.80486795e-39 4.78094146e-39 5.39234114e-39 4.69224273e-06 4.66926027e-06 5.26490083e-06
4.28000000e+04 4.81665948e-39 4.79271843e-39 5.40434671e-39 4.81665948e-39 4.79271843e-39 5.40434671e-39 4.72006872e-06 4.69589457e-06 5.29382168e-06
4.29000000e+04 4.82845306e-39 4.80449775e-39 5.41635295e-39 4.82845306e-39 4.80449775e-39 5.41635295e-39 4.74680784e-06 4.72432657e-06 5.32641001e-06
4.30000000e+04 4.84024867e-39 4.81627937e-39 5.42835979e-39 4.84024867e-39 4.81627937e-39 5.42835979e-39 4.77627036e-06 4.75321065e-06 5.35654373e-06
4.31000000e+04 4.85204625e-39 4.82806324e-39 5.44036720e-39 4.85204625e-39 4.82806324e-39 5.44036720e-39 4.80434382e-06 4.78091218e-06 5.38578527e-06
4.32000000e+04 4.86384578e-39 4.83984933e-39 5.45237514e-39 4.86384578e-39 4.83984933e-39 5.45237514e-39 4.83296617e-06 4.80826205e-06 5.41782793e-06
4.33000000e+04 4.87564720e-39 4.85163759e-39 5.46438358e-39 4.87564720e-39 4.85163759e-39 5.46438358e-39 4.86120945e-06 4.83824889e-06 5.44855889e-06
4.34000000e+04 4.88745049e-39 4.86342798e-39 5.47639246e-39 4.88745049e-39 4.86342798e-39 5.47639246e-39 4.88911452e-06 4.86455632e-06 5.47985999e-06
4.35000000e+04 4.89925560e-39 4.87522046e-39 5.48840176e-39 4.89925560e-39 4.87522046e-39 5.48840176e-39 4.91867340e-06 4.89482748e-06 5.50859543e-06
4.36000000e+04 4.91106249e-39 4.88701497e-39 5.50041142e-39 4.91106249e-39 4.88701497e-39 5.50041142e-39 4.94603775e-06 4.92368822e-06 5.54181467e-06
4.37000000e+04 4.92287112e-39 4.89881149e-39 5.51242142e-39 4.92287112e-39 4.89881149e-39 5.51242142e-39 4.97764356e-06 4.95313281e-06 5.57215749e-06
4.38000000e+04 4.93468146e-39 4.91060996e-39 5.52443171e-39 4.93468146e-39 4.91060996e-39 5.52443171e-39 5.00467097e-06 4.98239000e-06 5.60454698e-06
4.39000000e+04 4.94649346e-39 4.92241035e-39 5.53644226e-39 4.94649346e-39 4.92241035e-39 5.53644226e-39 5.03581255e-06 5.01098129e-06 5.63353176e-06
4.40000000e+04 4.95830709e-39 4.93421261e-39 5.54845302e-39 4.95830709e-39 4.93421261e-39 5.54845302e-39 5.06478146e-06 5.03997496e-06 5.66572019e-06
4.41000000e+04 4.97012230e-39 4.94601670e-39 5.56046395e-39 4.97012230e-39 4.94601670e-39 5.56046395e-39 5.09347175e-06 5.07006672e-06 5.69912343e-06
4.42000000e+04 4.98193907e-39 4.95782257e-39 5.57247503e-39 4.98193907e-39 4.95782257e-39 5.57247503e-39 5.12372151e-06 5.09744015e-06 5.73030289e-06
4.43000000e+04 4.99375734e-39 4.96963020e-39 5.58448620e-39 4.99375734e-39 4.96963020e-39 5.58448620e-39 5.15380663e-06 5.12835886e-06 5.76038075e-06
4.44000000e+04 5.00557709e-39 4.98143953e-39 5.59649744e-39 5.00557709e-39 4.98143953e-39 5.59649744e-39 5.18182364e-06 5.15779547e-06 5.79243466e-06
4.45000000e+04 5.01739826e-39 4.99325052e-39 5.60850870e-39 5.01739826e-39 4.99325052e-39 5.60850870e-39 5.21274545e-06 5.18794481e-06 5.82587588e-06
4.46000000e+04 5.02922084e-39 5.00506314e-39 5.62051995e-39 5.02922084e-39 5.00506314e-39 5.62051995e-39 5.24253241e-06 5.21618581e-06 5.85707798e-06
4.47000000e+04 5.04104477e-39 5.01687733e-39 5.63253114e-39 5.04104477e-39 5.01687733e-39 5.63253114e-39 5.27280253e-06 5.24675543e-06 5.88990624e-06
4.48000000e+04 5.05287002e-39 5.02869307e-39 5.64454225e-39 5.05287002e-39 5.02869307e-39 5.64454225e-39 5.30106578e-06 5.27796318e-06 5.92083977e-06
4.49000000e+04 5.06469656e-39 5.04051031e-39 5.65655323e-39 5.06469656e-39 5.04051031e-39 5.65655323e-39 5.33337382e-06 5.30782378e-06 5.95616000e-06
4.50000000e+04 5.07652434e-39 5.05232901e-39 5.66856405e-39 5.07652434e-39 5.05232901e-39 5.66856405e-39 5.36366400e-06 5.33713019e-06 5.98908836e-06
4.51000000e+04 5.08835333e-39 5.06414913e-39 5.68057467e-39 5.08835333e-39 5.06414913e-39 5.68057467e-39 5.39400474e-06 5.36629702e-06 6.01882054e-06
4.52000000e+04 5.10018349e-39 5.07597063e-39 5.69258506e-39 5.10018349e-39 5.07597063e-39 5.69258506e-39 5.42166730e-06 5.39769502e-06 6.05079687e-06
4.53000000e+04 5.11201478e-39 5.08779347e-39 5.70459517e-39 5.11201478e-39 5.08779347e-39 5.70459517e-39 5.45557347e-06 5.42907164e-06 6.08585295e-06
4.54000000e+04 5.12384716e-39 5.09961760e-39 5.71660498e-39 5.12384716e-39 5.09961760e-39 5.71660498e-39 5.48442645e-06 5.45640491e-06 6.11989657e-06
4.55000000e+04 5.13568061e-39 5.11144300e-39 5.72861444e-39 5.13568061e-39 5.11144300e-39 5.72861444e-39 5.51637689e-06 5.49009034e-06 6.15110900e-06
4.56000000e+04 5.14751508e-39 5.12326962e-39 5.74062352e-39 5.14751508e-39 5.12326962e-39 5.74062352e-39 5.54779299e-06 5.52068334e-06 6.18585259e-06
4.57000000e+04 5.15935054e-39 5.13509742e-39 5.75263219e-39 5.15935054e-39 5.13509742e-39 5.75263219e-39 5.57847547e-06 5.55160555e-06 6.21786776e-06
4.58000000e+04 5.17118694e-39 5.14692636e-39 5.76464041e-39 5.17118694e-39 5.14692636e-39 5.76464041e-39 5.61011424e-06 5.58223437e-06 6.25406569e-06
4.59000000e+04 5.18302426e-39 5.15875641e-39 5.77664814e-39 5.18302426e-39 5.15875641e-39 5.77664814e-39 5.64109043e-06 5.61493194e-06 6.28718731e-06
4.60000000e+04 5.19486246e-39 5.17058751e-39 5.78865535e-39 5.19486246e-39 5.17058751e-39 5.78865535e-39 5.67120892e-06 5.64584626e-06 6.31850675e-06
4.61000000e+04 5.20670150e-39 5.18241965e-39 5.80066200e-39 5.20670150e-39 5.18241965e-39 5.80066200e-39 5.70306238e-06 5.67449541e-06 6.35352831e-06
4.62000000e+04 5.21854135e-39 5.19425277e-39 5.81266807e-39 5.21854135e-39 5.19425277e-39 5.81266807e-39 5.73594831e-06 5.70843315e-06 6.38899721e-06
4.63000000e+04 5.23038196e-39 5.20608685e-39 5.82467350e-39 5.23038196e-39 5.20608685e-39 5.82467350e-39 5.76719352e-06 5.73977738e-06 6.42166275e-06
4.64000000e+04 5.24222331e-39 5.21792183e-39 5.83667828e-39 5.24222331e-39 5.21792183e-39 5.83667828e-39 5.79908075e-06 5.77101921e-06 6.45705638e-06
4.65000000e+04 5.25406536e-39 5.22975769e-39 5.84868237e-39 5.25406536e-39 5.22975769e-39 5.84868237e-39 5.82976063e-06 5.80414891e-06 6.49016471e-06
4.66000000e+04 5.26590807e-39 5.24159438e-39 5.86068572e-39 5.26590807e-39 5.24159438e-39 5.86068572e-39 5.86078540e-06 5.83334508e-06 6.52448133e-06
4.67000000e+04 5.27775141e-39 5.25343187e-39 5.87268832e-39 5.27775141e-39 5.25343187e-39 5.87268832e-39 5.89503681e-06 5.86755696e-06 6.55754934e-06
4.68000000e+04 5.28959534e-39 5.26527012e-39 5.88469012e-39 5.28959534e-39 5.26527012e-39 5.88469012e-39 5.92607222e-06 5.89913308e-06 6.59463929e-06
4.69000000e+04 5.30143983e-39 5.27710909e-39 5.89669109e-39 5.30143983e-39 5.27710909e-39 5.89669109e-39 5.95985323e-06 5.93215080e-06 6.62888064e-06
4.70000000e+04 5.31328485e-39 5.28894875e-39 5.90869120e-39 5.31328485e-39 5.28894875e-39 5.90869120e-39 5.99245171e-06 5.96503648e-06 6.66242558e-06
4.71000000e+04 5.32513036e-39 5.30078906e-39 5.92069041e-39 5.32513036e-39 5.30078906e-39 5.92069041e-39 6.02297630e-06 5.99667890e-06 6.69838233e-06
4.72000000e+04 5.33697631e-39 5.31262998e-39 5.93268869e-39 5.33697631e-39 5.31262998e-39 5.93268869e-39 6.05617068e-06 6.02911974e-06 6.73062625e-06
4.73000000e+04 5.34882269e-39 5.32447148e-39 5.94468602e-39 5.34882269e-39 5.32447148e-39 5.94468602e-39 6.08842497e-06 6.06230459e-06 6.76833161e-06
4.74000000e+04 5.36066946e-39 5.33631351e-39 5.95668235e-39 5.36066946e-39 5.33631351e-39 5.95668235e-39 6.12217844e-06 6.09445292e-06 6.80187935e-06
4.75000000e+04 5.37251658e-39 5.34815605e-39 5.96867765e-39 5.37251658e-39 5.34815605e-39 5.96867765e-39 6.15346306e-06 6.12749007e-06 6.83830474e-06
4.76000000e+04 5.38436401e-39 5.35999905e-39 5.98067190e-39 5.38436401e-39 5.35999905e-39 5.98067190e-39 6.18883484e-06 6.15967071e-06 6.87208551e-06
4.77000000e+04 5.39621173e-39 5.37184249e-39 5.99266505e-39 5.39621173e-39 5.37184249e-39 5.99266505e-39 6.22228192e-06 6.19226823e-06 6.90983768e-06
4.78000000e+04 5.40805971e-39 5.38368632e-39 6.00465709e-39 5.40805971e-39 5.38368632e-39 6.00465709e-39 6.25423862e-06 6.22577397e-06 6.94505432e-06
4.79000000e+04 5.41990789e-39 5.39553051e-39 6.01664796e-39 5.41990789e-39 5.39553051e-39 6.01664796e-39 6.28727231e-06 6.25963982e-06 6.98073097e-06
4.80000000e+04 5.43175626e-39 5.40737502e-39 6.02863766e-39 5.43175626e-39 5.40737502e-39 6.02863766e-39 6.32133965e-06 6.29419266e-06 7.01309842e-06
4.81000000e+04 5.44360479e-39 5.41921982e-39 6.04062613e-39 5.44360479e-39 5.41921982e-39 6.04062613e-39 6.35460674e-06 6.32748590e-06 7.05236162e-06
4.82000000e+04 5.45545343e-39 5.43106488e-39 6.05261336e-39 5.45545343e-39 5.43106488e-39 6.05261336e-39 6.38822623e-06 6.36025777e-06 7.08920687e-06
4.83000000e+04 5.46730215e-39 5.44291015e-39 6.06459930e-39 5.46730215e-39 5.44291015e-39 6.06459930e-39 6.42145856e-06 6.39352979e-06 7.12053381e-06
4.84000000e+04 5.47915092e-39 5.45475561e-39 6.07658394e-39 5.47915092e-39 5.45475561e-39 6.07658394e-39 6.45769294e-06 6.42789752e-06 7.16038944e-06
4.85000000e+04 5.49099972e-39 5.46660121e-39 6.08856723e-39 5.49099972e-39 5.46660121e-39 6.08856723e-39 6.49040412e-06 6.45958014e-06 7.19512584e-06
4.86000000e+04 5.50284849e-39 5.47844693e-39 6.10054915e-39 5.50284849e-39 5.47844693e-39 6.10054915e-39 6.52481746e-06 6.49674328e-06 7.23356495e-06
4.87000000e+04 5.51469723e-39 5.49029273e-39 6.11252967e-39 5.51469723e-39 5.49029273e-39 6.11252967e-39 6.55860168e-06 6.52916808e-06 7.26825656e-06
4.88000000e+04 5.52654588e-39 5.50213857e-39 6.12450875e-39 5.52654588e-39 5.50213857e-39 6.12450875e-39 6.59360069e-06 6.56470822e-06 7.30676892e-06
4.89000000e+04 5.53839442e-39 5.51398443e-39 6.13648637e-39 5.53839442e-39 5.51398443e-39 6.13648637e-39 6.62755144e-06 6.59717172e-06 7.34447367e-06
4.90000000e+04 5.55024282e-39 5.52583026e-39 6.14846250e-39 5.55024282e-39 5.52583026e-39 6.14846250e-39 6.66315344e-06 6.63197061e-06 7.37727985e-06
4.91000000e+04 5.56209105e-39 5.53767604e-39 6.16043710e-39 5.56209105e-39 5.53767604e-39 6.16043710e-39 6.69723491e-06 6.66781241e-06 7.41745879e-06
4.92000000e+04 5.57393906e-39 5.54952172e-39 6.17241016e-39 5.57393906e-39 5.54952172e-39 6.17241016e-39 6.73155046e-06 6.70100338e-06 7.45581546e-06
4.93000000e+04 5.58578684e-39 5.56136729e-39 6.18438162e-39 5.58578684e-39 5.56136729e-39 6.18438162e-39 6.76735651e-06 6.73740524e-06 7.48986925e-06
4.94000000e+04 5.59763435e-39 5.57321269e-39 6.19635148e-39 5.59763435e-39 5.57321269e-39 6.19635148e-39 6.80177004e-06 6.77053241e-06 7.52882006e-06
4.95000000e+04 5.60948156e-39 5.58505791e-39 6.20831970e-39 5.60948156e-39 5.58505791e-39 6.20831970e-39 6.83543803e-06 6.80591745e-06 7.56575234e-06
4.96000000e+04 5.62132844e-39 5.59690290e-39 6.22028624e-39 5.62132844e-39 5.59690290e-39 6.22028624e-39 6.87144427e-06 6.84282454e-06 7.60414501e-06
4.97000000e+04 5.63317495e-39 5.60874764e-39 6.23225109e-39 5.63317495e-39 5.60874764e-39 6.23225109e-39 6.90733659e-06 6.87655470e-06 7.64237530e-06
4.98000000e+04 5.64502106e-39 5.62059209e-39 6.24421420e-39 5.64502106e-39 5.62059209e-39 6.24421420e-39 6.94169204e-06 6.91234872e-06 7.67928665e-06
4.99000000e+04 5.65686676e-39 5.63243622e-39 6.25617555e-39 5.65686676e-39 5.63243622e-39 6.25617555e-39 6.97924064e-06 6.94774002e-06 7.71731815e-06
5.00000000e+04 5.66871199e-39 5.64427999e-39 6.26813514e-39 5.66871199e-39 5.64427999e-39 6.26813514e-39 7.01278690e-06 6.98421668e-06 7.75266097e-06
