#-------------------------------------
#Species file for Arp
#-------------------------------------
NAME = Arp

#-------------------------------------
#Molecular mass [kg/mol]
MOLAR_MASS = 39.9475e-3 

#-------------------------------------
#Number of atoms 
NB_ATOMS = 1

#-------------------------------------
#Chemical elements (symbols and quantities)
ELEM_NAME = em Ar
ELEM_QUANT = -1 1

#--------------------------------------
#Formation energy [J/mol]
EF = 1520194.9750055380d0

#--------------------------------------
#Ionization potential 
IP = 27.62967d0  

#--------------------------------------
#Electric charge
CHARGE = 1

#--------------------------------------
#Nuclear charge (or atomic number)
NUCLEAR_CHARGE = 18

#--------------------------------------
#Thermal model for internal energy (e.g. RR, HO, EL, RR_HO,...)
#RR = Rigid-rotor
#HO = Harmomic oscillator
#EL = Electronic energy computed based on a Boltzmann distribution of electronic levels 
#NONE = pure State-to-State approach for internal energy levels
MODEL = EL

#--------------------------------------
#Energy levels [eV] (for State-to-State approach)
NB_ELEC_LEVELS=  416
0.40000000E+01 0.00000000E+00
0.20000000E+01 0.17749368E+00
0.20000000E+01 0.13479753E+02
0.80000000E+01 0.16406502E+02
0.60000000E+01 0.16425576E+02
0.40000000E+01 0.16444114E+02
0.20000000E+01 0.16457378E+02
0.60000000E+01 0.16643854E+02
0.40000000E+01 0.16748529E+02
0.20000000E+01 0.16812472E+02
0.40000000E+01 0.17140027E+02
0.20000000E+01 0.17265833E+02
0.10000000E+02 0.17628856E+02
0.80000000E+01 0.17694665E+02
0.60000000E+01 0.17743091E+02
0.40000000E+01 0.17775792E+02
0.20000000E+01 0.17941751E+02
0.40000000E+01 0.18060640E+02
0.20000000E+01 0.18253952E+02
0.40000000E+01 0.18288055E+02
0.60000000E+01 0.18334281E+02
0.40000000E+01 0.18426549E+02
0.60000000E+01 0.18454114E+02
0.80000000E+01 0.18495869E+02
0.60000000E+01 0.18615942E+02
0.40000000E+01 0.18656521E+02
0.60000000E+01 0.18732439E+02
0.10000000E+02 0.19116069E+02
0.80000000E+01 0.19118862E+02
0.60000000E+01 0.19222902E+02
0.40000000E+01 0.19261084E+02
0.20000000E+01 0.19305345E+02
0.80000000E+01 0.19494534E+02
0.60000000E+01 0.19549012E+02
0.40000000E+01 0.19610308E+02
0.20000000E+01 0.19642582E+02
0.60000000E+01 0.19680049E+02
0.40000000E+01 0.19762261E+02
0.20000000E+01 0.19801086E+02
0.40000000E+01 0.19867157E+02
0.40000000E+01 0.19967499E+02
0.20000000E+01 0.19972538E+02
0.60000000E+01 0.20246565E+02
0.80000000E+01 0.20272227E+02
0.20000000E+01 0.20743546E+02
0.60000000E+01 0.21127033E+02
0.80000000E+01 0.21143075E+02
0.40000000E+01 0.21351800E+02
0.60000000E+01 0.21366891E+02
0.20000000E+01 0.21426489E+02
0.40000000E+01 0.21428146E+02
0.40000000E+01 0.21492402E+02
0.60000000E+01 0.21498050E+02
0.40000000E+01 0.21624070E+02
0.20000000E+01 0.21675043E+02
0.60000000E+01 0.22266598E+02
0.40000000E+01 0.22308705E+02
0.60000000E+01 0.22514804E+02
0.40000000E+01 0.22592663E+02
0.20000000E+01 0.22683065E+02
0.40000000E+01 0.22700377E+02
0.80000000E+01 0.22772879E+02
0.60000000E+01 0.22787979E+02
0.20000000E+01 0.22802510E+02
0.40000000E+01 0.22811358E+02
0.20000000E+01 0.22824639E+02
0.20000000E+01 0.22836871E+02
0.10000000E+02 0.22948648E+02
0.80000000E+01 0.23014545E+02
0.60000000E+01 0.23070290E+02
0.20000000E+01 0.23082303E+02
0.40000000E+01 0.23103285E+02
0.40000000E+01 0.23119378E+02
0.80000000E+01 0.23162238E+02
0.60000000E+01 0.23171536E+02
0.60000000E+01 0.23258114E+02
0.60000000E+01 0.23404027E+02
0.40000000E+01 0.23438089E+02
0.80000000E+01 0.23484470E+02
0.20000000E+01 0.23487286E+02
0.60000000E+01 0.23514204E+02
0.20000000E+01 0.23548893E+02
0.40000000E+01 0.23570177E+02
0.20000000E+01 0.23581324E+02
0.40000000E+01 0.23619909E+02
0.60000000E+01 0.23620387E+02
0.40000000E+01 0.23630425E+02
0.20000000E+01 0.23647880E+02
0.20000000E+01 0.23673880E+02
0.40000000E+01 0.23682522E+02
0.40000000E+01 0.23702009E+02
0.40000000E+01 0.23801814E+02
0.20000000E+01 0.23846314E+02
0.60000000E+01 0.23874015E+02
0.40000000E+01 0.23893250E+02
0.10000000E+02 0.24152155E+02
0.80000000E+01 0.24154872E+02
0.60000000E+01 0.24159728E+02
0.80000000E+01 0.24162424E+02
0.40000000E+01 0.24176492E+02
0.60000000E+01 0.24180787E+02
0.12000000E+02 0.24192249E+02
0.10000000E+02 0.24192835E+02
0.20000000E+01 0.24211814E+02
0.40000000E+01 0.24213826E+02
0.60000000E+01 0.24284131E+02
0.40000000E+01 0.24284394E+02
0.40000000E+01 0.24310384E+02
0.60000000E+01 0.24312054E+02
0.10000000E+02 0.24313723E+02
0.80000000E+01 0.24315669E+02
0.80000000E+01 0.24338734E+02
0.60000000E+01 0.24340031E+02
0.80000000E+01 0.24378017E+02
0.60000000E+01 0.24379397E+02
0.80000000E+01 0.24622641E+02
0.10000000E+02 0.24623776E+02
0.60000000E+01 0.24649622E+02
0.40000000E+01 0.24690028E+02
0.20000000E+01 0.24728230E+02
0.40000000E+01 0.24737978E+02
0.60000000E+01 0.24757145E+02
0.80000000E+01 0.24781885E+02
0.60000000E+01 0.24791840E+02
0.40000000E+01 0.24794611E+02
0.40000000E+01 0.24800843E+02
0.20000000E+01 0.24810530E+02
0.80000000E+01 0.24814065E+02
0.40000000E+01 0.24815648E+02
0.60000000E+01 0.24825971E+02
0.10000000E+02 0.24845578E+02
0.20000000E+01 0.24847231E+02
0.20000000E+01 0.24874177E+02
0.80000000E+01 0.24906018E+02
0.20000000E+01 0.24924589E+02
0.40000000E+01 0.24963634E+02
0.60000000E+01 0.24964419E+02
0.80000000E+01 0.24996318E+02
0.40000000E+01 0.25010183E+02
0.60000000E+01 0.25017762E+02
0.60000000E+01 0.25063301E+02
0.60000000E+01 0.25064142E+02
0.40000000E+01 0.25076257E+02
0.20000000E+01 0.25096953E+02
0.80000000E+01 0.25098109E+02
0.40000000E+01 0.25102730E+02
0.60000000E+01 0.25112305E+02
0.40000000E+01 0.25169760E+02
0.60000000E+01 0.25187546E+02
0.80000000E+01 0.25193288E+02
0.40000000E+01 0.25211571E+02
0.60000000E+01 0.25231017E+02
0.20000000E+01 0.25242483E+02
0.40000000E+01 0.25259414E+02
0.20000000E+01 0.25266331E+02
0.40000000E+01 0.25282631E+02
0.40000000E+01 0.25306881E+02
0.60000000E+01 0.25309398E+02
0.40000000E+01 0.25344515E+02
0.20000000E+01 0.25356634E+02
0.60000000E+01 0.25365389E+02
0.20000000E+01 0.25408013E+02
0.10000000E+02 0.25409055E+02
0.80000000E+01 0.25410701E+02
0.60000000E+01 0.25413989E+02
0.80000000E+01 0.25416286E+02
0.40000000E+01 0.25423742E+02
0.60000000E+01 0.25426572E+02
0.12000000E+02 0.25429231E+02
0.10000000E+02 0.25429708E+02
0.20000000E+01 0.25439129E+02
0.40000000E+01 0.25440826E+02
0.12000000E+02 0.25443044E+02
0.10000000E+02 0.25443059E+02
0.80000000E+01 0.25443392E+02
0.10000000E+02 0.25443392E+02
0.40000000E+01 0.25444225E+02
0.20000000E+01 0.25446895E+02
0.60000000E+01 0.25447759E+02
0.80000000E+01 0.25447773E+02
0.12000000E+02 0.25450694E+02
0.14000000E+02 0.25450696E+02
0.40000000E+01 0.25454071E+02
0.60000000E+01 0.25454089E+02
0.40000000E+01 0.25553574E+02
0.60000000E+01 0.25555670E+02
0.10000000E+02 0.25557209E+02
0.80000000E+01 0.25559221E+02
0.80000000E+01 0.25571200E+02
0.60000000E+01 0.25572394E+02
0.60000000E+01 0.25582522E+02
0.80000000E+01 0.25582538E+02
0.12000000E+02 0.25583882E+02
0.10000000E+02 0.25583888E+02
0.10000000E+02 0.25590012E+02
0.80000000E+01 0.25590014E+02
0.80000000E+01 0.25618100E+02
0.60000000E+01 0.25619068E+02
0.80000000E+01 0.25642338E+02
0.10000000E+02 0.25642339E+02
0.60000000E+01 0.25676543E+02
0.40000000E+01 0.25699120E+02
0.80000000E+01 0.25750835E+02
0.60000000E+01 0.25757280E+02
0.10000000E+02 0.25780891E+02
0.40000000E+01 0.25790184E+02
0.80000000E+01 0.25806452E+02
0.40000000E+01 0.25819684E+02
0.20000000E+01 0.25829518E+02
0.20000000E+01 0.25848437E+02
0.20000000E+01 0.25862087E+02
0.40000000E+01 0.25862137E+02
0.60000000E+01 0.25872203E+02
0.40000000E+01 0.25874898E+02
0.20000000E+01 0.25883665E+02
0.12000000E+02 0.25888313E+02
0.10000000E+02 0.25888314E+02
0.60000000E+01 0.25902076E+02
0.60000000E+01 0.25902935E+02
0.40000000E+01 0.25903211E+02
0.80000000E+01 0.25914645E+02
0.60000000E+01 0.25937331E+02
0.80000000E+01 0.25943524E+02
0.60000000E+01 0.25943880E+02
0.40000000E+01 0.25945969E+02
0.80000000E+01 0.25954599E+02
0.10000000E+02 0.25954640E+02
0.60000000E+01 0.25959465E+02
0.60000000E+01 0.25962013E+02
0.40000000E+01 0.25962023E+02
0.40000000E+01 0.25963967E+02
0.40000000E+01 0.25986778E+02
0.60000000E+01 0.26052269E+02
0.10000000E+02 0.26091093E+02
0.80000000E+01 0.26092117E+02
0.60000000E+01 0.26094298E+02
0.80000000E+01 0.26095924E+02
0.40000000E+01 0.26100289E+02
0.60000000E+01 0.26102036E+02
0.12000000E+02 0.26102613E+02
0.10000000E+02 0.26103005E+02
0.40000000E+01 0.26109201E+02
0.12000000E+02 0.26112018E+02
0.10000000E+02 0.26112034E+02
0.10000000E+02 0.26112235E+02
0.80000000E+01 0.26112241E+02
0.60000000E+01 0.26114806E+02
0.80000000E+01 0.26114814E+02
0.10000000E+02 0.26115627E+02
0.12000000E+02 0.26115627E+02
0.12000000E+02 0.26115686E+02
0.14000000E+02 0.26115687E+02
0.14000000E+02 0.26116335E+02
0.12000000E+02 0.26116369E+02
0.80000000E+01 0.26116895E+02
0.10000000E+02 0.26116896E+02
0.14000000E+02 0.26117993E+02
0.16000000E+02 0.26117995E+02
0.40000000E+01 0.26118338E+02
0.60000000E+01 0.26118354E+02
0.60000000E+01 0.26118834E+02
0.80000000E+01 0.26118836E+02
0.40000000E+01 0.26231621E+02
0.60000000E+01 0.26233339E+02
0.10000000E+02 0.26234258E+02
0.80000000E+01 0.26235867E+02
0.80000000E+01 0.26242751E+02
0.60000000E+01 0.26243632E+02
0.60000000E+01 0.26250636E+02
0.80000000E+01 0.26250649E+02
0.12000000E+02 0.26251467E+02
0.10000000E+02 0.26251476E+02
0.80000000E+01 0.26253897E+02
0.10000000E+02 0.26253899E+02
0.12000000E+02 0.26254272E+02
0.14000000E+02 0.26254274E+02
0.10000000E+02 0.26255076E+02
0.80000000E+01 0.26255076E+02
0.12000000E+02 0.26256252E+02
0.10000000E+02 0.26256253E+02
0.80000000E+01 0.26293498E+02
0.60000000E+01 0.26294207E+02
0.80000000E+01 0.26295745E+02
0.10000000E+02 0.26309191E+02
0.80000000E+01 0.26309210E+02
0.12000000E+02 0.26311616E+02
0.10000000E+02 0.26311617E+02
0.10000000E+02 0.26312470E+02
0.80000000E+01 0.26327100E+02
0.40000000E+01 0.26400248E+02
0.60000000E+01 0.26400407E+02
0.80000000E+01 0.26445788E+02
0.10000000E+02 0.26501521E+02
0.80000000E+01 0.26502211E+02
0.12000000E+02 0.26508766E+02
0.10000000E+02 0.26508998E+02
0.12000000E+02 0.26515182E+02
0.10000000E+02 0.26515188E+02
0.10000000E+02 0.26515321E+02
0.80000000E+01 0.26515337E+02
0.80000000E+01 0.26516956E+02
0.60000000E+01 0.26516971E+02
0.12000000E+02 0.26517511E+02
0.10000000E+02 0.26517517E+02
0.12000000E+02 0.26517547E+02
0.14000000E+02 0.26517548E+02
0.14000000E+02 0.26517891E+02
0.12000000E+02 0.26517891E+02
0.12000000E+02 0.26518280E+02
0.14000000E+02 0.26518280E+02
0.80000000E+01 0.26518311E+02
0.10000000E+02 0.26518313E+02
0.14000000E+02 0.26518340E+02
0.16000000E+02 0.26518341E+02
0.10000000E+02 0.26518728E+02
0.12000000E+02 0.26518729E+02
0.14000000E+02 0.26518988E+02
0.16000000E+02 0.26518988E+02
0.40000000E+01 0.26519141E+02
0.60000000E+01 0.26519167E+02
0.16000000E+02 0.26519204E+02
0.18000000E+02 0.26519206E+02
0.80000000E+01 0.26519464E+02
0.10000000E+02 0.26519465E+02
0.60000000E+01 0.26519530E+02
0.80000000E+01 0.26519530E+02
0.80000000E+01 0.26555537E+02
0.10000000E+02 0.26556111E+02
0.60000000E+01 0.26615380E+02
0.80000000E+01 0.26633348E+02
0.80000000E+01 0.26635806E+02
0.10000000E+02 0.26642424E+02
0.10000000E+02 0.26643572E+02
0.80000000E+01 0.26643649E+02
0.60000000E+01 0.26645613E+02
0.60000000E+01 0.26653454E+02
0.80000000E+01 0.26653460E+02
0.12000000E+02 0.26653992E+02
0.10000000E+02 0.26654001E+02
0.80000000E+01 0.26655619E+02
0.10000000E+02 0.26655619E+02
0.12000000E+02 0.26655859E+02
0.14000000E+02 0.26655860E+02
0.80000000E+01 0.26656228E+02
0.10000000E+02 0.26656303E+02
0.10000000E+02 0.26656331E+02
0.12000000E+02 0.26656333E+02
0.14000000E+02 0.26656454E+02
0.16000000E+02 0.26656455E+02
0.12000000E+02 0.26657111E+02
0.10000000E+02 0.26657111E+02
0.14000000E+02 0.26657217E+02
0.12000000E+02 0.26657218E+02
0.20000000E+01 0.26664757E+02
0.80000000E+01 0.26711373E+02
0.10000000E+02 0.26711415E+02
0.10000000E+02 0.26712992E+02
0.12000000E+02 0.26712993E+02
0.12000000E+02 0.26713464E+02
0.14000000E+02 0.26713464E+02
0.10000000E+02 0.26767405E+02
0.12000000E+02 0.26772202E+02
0.10000000E+02 0.26772359E+02
0.12000000E+02 0.26778505E+02
0.14000000E+02 0.26778524E+02
0.14000000E+02 0.26778743E+02
0.12000000E+02 0.26778749E+02
0.14000000E+02 0.26778781E+02
0.16000000E+02 0.26778782E+02
0.10000000E+02 0.26779011E+02
0.12000000E+02 0.26779013E+02
0.14000000E+02 0.26779064E+02
0.16000000E+02 0.26779064E+02
0.16000000E+02 0.26779099E+02
0.18000000E+02 0.26779100E+02
0.16000000E+02 0.26779208E+02
0.18000000E+02 0.26779209E+02
0.12000000E+02 0.26779243E+02
0.14000000E+02 0.26779244E+02
0.80000000E+01 0.26779412E+02
0.10000000E+02 0.26779412E+02
0.18000000E+02 0.26779475E+02
0.20000000E+02 0.26779477E+02
0.10000000E+02 0.26779560E+02
0.12000000E+02 0.26779562E+02
0.20000000E+01 0.26889959E+02
0.14000000E+02 0.26916643E+02
0.16000000E+02 0.26916644E+02
0.10000000E+02 0.26916667E+02
0.12000000E+02 0.26916667E+02
0.12000000E+02 0.26917031E+02
0.14000000E+02 0.26917032E+02
0.16000000E+02 0.26917078E+02
0.18000000E+02 0.26917080E+02
0.12000000E+02 0.26917207E+02
0.14000000E+02 0.26917207E+02
0.16000000E+02 0.26917437E+02
0.14000000E+02 0.26917438E+02
0.12000000E+02 0.26973692E+02
0.14000000E+02 0.26973693E+02
0.16000000E+02 0.26973978E+02
0.14000000E+02 0.26973980E+02
0.10000000E+02 0.27145211E+02
0.12000000E+02 0.27145213E+02
0.60000000E+01 0.27152775E+02
0.40000000E+01 0.27153005E+02
0.60000000E+01 0.27171451E+02
0.80000000E+01 0.27172460E+02
0.14000000E+02 0.27177781E+02
0.12000000E+02 0.27177782E+02
0.80000000E+01 0.27183119E+02
0.60000000E+01 0.27183137E+02
0.80000000E+01 0.27191908E+02
0.10000000E+02 0.27191910E+02
0.10000000E+02 0.27192480E+02
0.12000000E+02 0.27192483E+02
