#-------------------------------------
#Species file for Arpp
#-------------------------------------
NAME = Arpp

#-------------------------------------
#Molecular mass [kg/mol]
MOLAR_MASS = 39.9475e-3 

#-------------------------------------
#Number of atoms 
NB_ATOMS = 1

#-------------------------------------
#Chemical elements (symbols and quantities)
ELEM_NAME = em Ar
ELEM_QUANT = -2 1

#--------------------------------------
#Formation energy [J/mol]
EF = 4186074.9676850364d0

#--------------------------------------
#Ionization potential 
IP = 40.735d0  

#--------------------------------------
#Electric charge
CHARGE = 2

#--------------------------------------
#Nuclear charge (or atomic number)
NUCLEAR_CHARGE = 18

#--------------------------------------
#Thermal model for internal energy (e.g. RR, HO, EL, RR_HO,...)
#RR = Rigid-rotor
#HO = Harmomic oscillator
#EL = Electronic energy computed based on a Boltzmann distribution of electronic levels 
#NONE = pure State-to-State approach for internal energy levels
MODEL = EL

#--------------------------------------
#Energy levels [eV] (for State-to-State approach)
NB_ELEC_LEVELS=  124
0.50000000E+01 0.00000000E+00
0.30000000E+01 0.13789200E+00
0.10000000E+01 0.19468400E+00
0.50000000E+01 0.17370190E+01
0.10000000E+01 0.41244200E+01
0.50000000E+01 0.14109466E+02
0.30000000E+01 0.14233061E+02
0.10000000E+01 0.14298850E+02
0.30000000E+01 0.17856499E+02
0.30000000E+01 0.17963507E+02
0.50000000E+01 0.17964155E+02
0.70000000E+01 0.17965003E+02
0.90000000E+01 0.17966708E+02
0.70000000E+01 0.19455045E+02
0.50000000E+01 0.19455917E+02
0.30000000E+01 0.19469215E+02
0.10000000E+01 0.20066834E+02
0.50000000E+01 0.20179331E+02
0.70000000E+01 0.20218868E+02
0.90000000E+01 0.20268566E+02
0.70000000E+01 0.21337694E+02
0.90000000E+01 0.21342214E+02
0.11000000E+02 0.21349023E+02
0.50000000E+01 0.21620178E+02
0.90000000E+01 0.21779757E+02
0.50000000E+01 0.22258823E+02
0.30000000E+01 0.22401256E+02
0.90000000E+01 0.23111012E+02
0.70000000E+01 0.23142666E+02
0.50000000E+01 0.23173146E+02
0.30000000E+01 0.23206373E+02
0.50000000E+01 0.23287200E+02
0.10000000E+01 0.23327020E+02
0.30000000E+01 0.23373235E+02
0.70000000E+01 0.23397662E+02
0.50000000E+01 0.23480230E+02
0.30000000E+01 0.24374132E+02
0.50000000E+01 0.24377179E+02
0.70000000E+01 0.24385317E+02
0.50000000E+01 0.24767507E+02
0.70000000E+01 0.24836258E+02
0.30000000E+01 0.25363441E+02
0.50000000E+01 0.25374084E+02
0.30000000E+01 0.25383085E+02
0.70000000E+01 0.25392377E+02
0.50000000E+01 0.25693618E+02
0.30000000E+01 0.25730729E+02
0.10000000E+01 0.25748318E+02
0.30000000E+01 0.25928338E+02
0.50000000E+01 0.25931404E+02
0.10000000E+01 0.25933230E+02
0.70000000E+01 0.26063055E+02
0.50000000E+01 0.26161355E+02
0.30000000E+01 0.26168571E+02
0.30000000E+01 0.26230720E+02
0.50000000E+01 0.26526639E+02
0.30000000E+01 0.26575715E+02
0.10000000E+01 0.26603230E+02
0.50000000E+01 0.27194389E+02
0.30000000E+01 0.27265176E+02
0.30000000E+01 0.27730697E+02
0.70000000E+01 0.27813882E+02
0.50000000E+01 0.27914944E+02
0.30000000E+01 0.27915859E+02
0.70000000E+01 0.27946548E+02
0.50000000E+01 0.28064692E+02
0.70000000E+01 0.28082936E+02
0.90000000E+01 0.28100607E+02
0.70000000E+01 0.28174686E+02
0.50000000E+01 0.28682773E+02
0.30000000E+01 0.28718133E+02
0.10000000E+01 0.28733937E+02
0.50000000E+01 0.29268283E+02
0.30000000E+01 0.29415500E+02
0.30000000E+01 0.29656280E+02
0.30000000E+01 0.29775052E+02
0.50000000E+01 0.29788252E+02
0.70000000E+01 0.29792457E+02
0.30000000E+01 0.29980266E+02
0.10000000E+01 0.30118809E+02
0.30000000E+01 0.30146393E+02
0.50000000E+01 0.30180952E+02
0.50000000E+01 0.30296540E+02
0.30000000E+01 0.30504314E+02
0.50000000E+01 0.30504610E+02
0.70000000E+01 0.30505061E+02
0.90000000E+01 0.30505768E+02
0.10000000E+01 0.30973393E+02
0.50000000E+01 0.31085265E+02
0.50000000E+01 0.31275608E+02
0.30000000E+01 0.31278011E+02
0.70000000E+01 0.31279959E+02
0.30000000E+01 0.31315464E+02
0.10000000E+01 0.31629339E+02
0.50000000E+01 0.33069551E+02
0.70000000E+01 0.33088748E+02
0.90000000E+01 0.33112718E+02
0.70000000E+01 0.33200836E+02
0.90000000E+01 0.33207146E+02
0.11000000E+02 0.33214918E+02
0.30000000E+01 0.33349227E+02
0.70000000E+01 0.33352014E+02
0.50000000E+01 0.33353475E+02
0.30000000E+01 0.33569550E+02
0.50000000E+01 0.33662840E+02
0.30000000E+01 0.33683124E+02
0.10000000E+01 0.33686237E+02
0.30000000E+01 0.33732280E+02
0.50000000E+01 0.33735290E+02
0.30000000E+01 0.33739779E+02
0.50000000E+01 0.33747274E+02
0.70000000E+01 0.33755017E+02
0.70000000E+01 0.34141790E+02
0.50000000E+01 0.34896970E+02
0.70000000E+01 0.34898414E+02
0.10000000E+01 0.34957291E+02
0.30000000E+01 0.34963789E+02
0.50000000E+01 0.34976040E+02
0.70000000E+01 0.35201735E+02
0.50000000E+01 0.35223612E+02
0.30000000E+01 0.35226340E+02
0.10000000E+01 0.35438780E+02
0.30000000E+01 0.35444966E+02
0.50000000E+01 0.35460703E+02
