#-------------------------------------
#Species file for Opp
#-------------------------------------
NAME = Opp

#-------------------------------------
#Molecular mass [kg/mol]
MOLAR_MASS = 15.99885d-3

#-------------------------------------
#Number of atoms 
NB_ATOMS = 1

#-------------------------------------
#Chemical elements (symbols and quantities)
ELEM_NAME = em O
ELEM_QUANT = -2 1

#--------------------------------------
#Formation energy [J/mol]
EF = 4949449.4831047496d0

#--------------------------------------
#Electric charge
CHARGE = 2

#--------------------------------------
#Nuclear charge (or atomic number)
NUCLEAR_CHARGE = 8

#--------------------------------------
#Ionization potential [eV]
IP = 54.93554d0

#--------------------------------------
#Thermal model for internal energy (e.g. RR, HO, EL, RR_HO,...)
#RR = Rigid-rotor
#HO = Harmomic oscillator
#EL = Electronic energy computed based on a Boltzmann distribution of electronic levels 
#NONE = pure State-to-State approach for internal energy levels
MODEL = EL

#--------------------------------------
#Electronic levels degeneracies and energies [eV]
NB_ELEC_LEVELS=  162
0.10000000E+01 0.00000000E+00
0.30000000E+01 0.14032300E-01
0.50000000E+01 0.37960700E-01
0.50000000E+01 0.25135650E+01
0.10000000E+01 0.53543490E+01
0.50000000E+01 0.74793210E+01
0.70000000E+01 0.14881230E+02
0.50000000E+01 0.14884720E+02
0.30000000E+01 0.14885320E+02
0.50000000E+01 0.17652990E+02
0.30000000E+01 0.17653090E+02
0.10000000E+01 0.17654540E+02
0.50000000E+01 0.23191740E+02
0.30000000E+01 0.24435760E+02
0.30000000E+01 0.26093940E+02
0.10000000E+01 0.33135857E+02
0.30000000E+01 0.33150536E+02
0.50000000E+01 0.33182387E+02
0.30000000E+01 0.33857770E+02
0.50000000E+01 0.35181719E+02
0.30000000E+01 0.35208710E+02
0.10000000E+01 0.35220427E+02
0.30000000E+01 0.36074225E+02
0.30000000E+01 0.36434801E+02
0.50000000E+01 0.36451709E+02
0.70000000E+01 0.36479011E+02
0.30000000E+01 0.36892572E+02
0.50000000E+01 0.36983740E+02
0.10000000E+01 0.37223767E+02
0.30000000E+01 0.37233937E+02
0.50000000E+01 0.37250128E+02
0.50000000E+01 0.38011829E+02
0.10000000E+01 0.38906585E+02
0.50000000E+01 0.40228518E+02
0.70000000E+01 0.40252809E+02
0.50000000E+01 0.40262089E+02
0.90000000E+01 0.40274906E+02
0.30000000E+01 0.40571256E+02
0.50000000E+01 0.40577337E+02
0.70000000E+01 0.40586496E+02
0.50000000E+01 0.40849049E+02
0.30000000E+01 0.40863194E+02
0.10000000E+01 0.40870788E+02
0.70000000E+01 0.41140615E+02
0.30000000E+01 0.41259330E+02
0.30000000E+01 0.41978229E+02
0.50000000E+01 0.41993693E+02
0.70000000E+01 0.42013661E+02
0.10000000E+01 0.42564560E+02
0.10000000E+01 0.43397505E+02
0.30000000E+01 0.43409899E+02
0.50000000E+01 0.43431463E+02
0.10000000E+01 0.44229664E+02
0.30000000E+01 0.44243138E+02
0.50000000E+01 0.44276866E+02
0.30000000E+01 0.44469276E+02
0.30000000E+01 0.45038919E+02
0.10000000E+01 0.45319582E+02
0.30000000E+01 0.45323905E+02
0.50000000E+01 0.45332392E+02
0.30000000E+01 0.45344339E+02
0.70000000E+01 0.45344825E+02
0.90000000E+01 0.45360597E+02
0.30000000E+01 0.45438776E+02
0.50000000E+01 0.45452081E+02
0.70000000E+01 0.45477728E+02
0.30000000E+01 0.45620469E+02
0.30000000E+01 0.45692969E+02
0.50000000E+01 0.45700071E+02
0.70000000E+01 0.45712602E+02
0.10000000E+01 0.45914966E+02
0.30000000E+01 0.45926018E+02
0.50000000E+01 0.45939429E+02
0.50000000E+01 0.45986014E+02
0.30000000E+01 0.46440964E+02
0.50000000E+01 0.46452356E+02
0.70000000E+01 0.46468675E+02
0.50000000E+01 0.46627967E+02
0.50000000E+01 0.46789848E+02
0.70000000E+01 0.46811760E+02
0.50000000E+01 0.46827198E+02
0.90000000E+01 0.46834853E+02
0.50000000E+01 0.46916325E+02
0.30000000E+01 0.46917832E+02
0.10000000E+01 0.46919980E+02
0.30000000E+01 0.47018174E+02
0.50000000E+01 0.47026342E+02
0.70000000E+01 0.47034242E+02
0.70000000E+01 0.47189898E+02
0.50000000E+01 0.47191101E+02
0.70000000E+01 0.47197226E+02
0.90000000E+01 0.47199036E+02
0.50000000E+01 0.47201591E+02
0.30000000E+01 0.47203006E+02
0.10000000E+01 0.47205371E+02
0.70000000E+01 0.47210972E+02
0.30000000E+01 0.47249047E+02
0.70000000E+01 0.47259912E+02
0.90000000E+01 0.47264177E+02
0.11000000E+02 0.47288131E+02
0.70000000E+01 0.47294615E+02
0.90000000E+01 0.47296562E+02
0.50000000E+01 0.47297219E+02
0.30000000E+01 0.47315321E+02
0.50000000E+01 0.47317949E+02
0.10000000E+01 0.48580822E+02
0.30000000E+01 0.48591614E+02
0.50000000E+01 0.48627784E+02
0.30000000E+01 0.48698695E+02
0.30000000E+01 0.48859620E+02
0.50000000E+01 0.48865560E+02
0.70000000E+01 0.48874310E+02
0.30000000E+01 0.48915262E+02
0.50000000E+01 0.48920079E+02
0.70000000E+01 0.48927224E+02
0.90000000E+01 0.48936596E+02
0.11000000E+02 0.48948128E+02
0.50000000E+01 0.49363058E+02
0.30000000E+01 0.49363600E+02
0.10000000E+01 0.49363766E+02
0.70000000E+01 0.49364358E+02
0.90000000E+01 0.49374410E+02
0.70000000E+01 0.49406101E+02
0.50000000E+01 0.49414791E+02
0.30000000E+01 0.49419562E+02
0.50000000E+01 0.49637267E+02
0.30000000E+01 0.49650834E+02
0.10000000E+01 0.49657517E+02
0.50000000E+01 0.49764168E+02
0.70000000E+01 0.49776716E+02
0.50000000E+01 0.49782110E+02
0.90000000E+01 0.49792738E+02
0.70000000E+01 0.49807630E+02
0.50000000E+01 0.49815820E+02
0.90000000E+01 0.49828410E+02
0.50000000E+01 0.49892670E+02
0.70000000E+01 0.49907770E+02
0.70000000E+01 0.50012750E+02
0.30000000E+01 0.50031800E+02
0.30000000E+01 0.50312973E+02
0.50000000E+01 0.50316554E+02
0.70000000E+01 0.50322702E+02
0.50000000E+01 0.51413300E+02
0.30000000E+01 0.51475800E+02
0.50000000E+01 0.51475800E+02
0.70000000E+01 0.51475800E+02
0.70000000E+01 0.52442700E+02
0.70000000E+01 0.52690000E+02
0.50000000E+01 0.52859400E+02
0.30000000E+01 0.53127336E+02
0.50000000E+01 0.53142999E+02
0.70000000E+01 0.53163418E+02
0.30000000E+01 0.53316600E+02
0.30000000E+01 0.54182640E+02
0.30000000E+01 0.54336430E+02
0.50000000E+01 0.54344060E+02
0.70000000E+01 0.54355800E+02
0.90000000E+01 0.54370890E+02
0.30000000E+01 0.54465090E+02
0.50000000E+01 0.54471500E+02
0.70000000E+01 0.54483710E+02
0.70000000E+01 0.54890000E+02
