#-------------------------------------
#Species file for Oppp
#-------------------------------------
NAME = Oppp

#-------------------------------------
#Molecular mass [kg/mol]
MOLAR_MASS = 15.99885d-3

#-------------------------------------
#Number of atoms 
NB_ATOMS = 1

#-------------------------------------
#Chemical elements (symbols and quantities)
ELEM_NAME = em O
ELEM_QUANT = -3 1

#--------------------------------------
#Formation energy [J/mol]
EF = 10249967.258852499d0

#--------------------------------------
#Electric charge
CHARGE = 3

#--------------------------------------
#Nuclear charge (or atomic number)
NUCLEAR_CHARGE = 8

#--------------------------------------
#Ionization potential [eV]
IP = 77.41350d0

#--------------------------------------
#Thermal model for internal energy (e.g. RR, HO, EL, RR_HO,...)
#RR = Rigid-rotor
#HO = Harmomic oscillator
#EL = Electronic energy computed based on a Boltzmann distribution of electronic levels 
#NONE = pure State-to-State approach for internal energy levels
MODEL = EL

#--------------------------------------
#Electronic levels degeneracies and energies [eV]
NB_ELEC_LEVELS=  156
0.20000000E+01 0.00000000E+00
0.40000000E+01 0.47850000E-01
0.20000000E+01 0.88574100E+01
0.40000000E+01 0.88735600E+01
0.60000000E+01 0.88965500E+01
0.60000000E+01 0.15738100E+02
0.40000000E+01 0.15739820E+02
0.20000000E+01 0.20378840E+02
0.20000000E+01 0.22376770E+02
0.40000000E+01 0.22406940E+02
0.40000000E+01 0.28706990E+02
0.60000000E+01 0.31635300E+02
0.40000000E+01 0.31638900E+02
0.20000000E+01 0.35833340E+02
0.40000000E+01 0.35834350E+02
0.20000000E+01 0.44338520E+02
0.20000000E+01 0.48373820E+02
0.40000000E+01 0.48384590E+02
0.40000000E+01 0.52015570E+02
0.60000000E+01 0.52017640E+02
0.20000000E+01 0.54410340E+02
0.40000000E+01 0.54427070E+02
0.60000000E+01 0.54457690E+02
0.20000000E+01 0.56140860E+02
0.40000000E+01 0.56173710E+02
0.20000000E+01 0.57929050E+02
0.40000000E+01 0.57943380E+02
0.20000000E+01 0.58066440E+02
0.40000000E+01 0.58076050E+02
0.60000000E+01 0.58092870E+02
0.80000000E+01 0.58118830E+02
0.40000000E+01 0.58827790E+02
0.20000000E+01 0.59369660E+02
0.40000000E+01 0.59381350E+02
0.60000000E+01 0.59397360E+02
0.40000000E+01 0.59842970E+02
0.60000000E+01 0.59874650E+02
0.20000000E+01 0.60234210E+02
0.20000000E+01 0.61110680E+02
0.40000000E+01 0.61393100E+02
0.60000000E+01 0.61402690E+02
0.80000000E+01 0.61416760E+02
0.10000000E+02 0.61435770E+02
0.20000000E+01 0.61963240E+02
0.40000000E+01 0.61966770E+02
0.60000000E+01 0.61972580E+02
0.80000000E+01 0.61980570E+02
0.20000000E+01 0.61991470E+02
0.40000000E+01 0.61996790E+02
0.40000000E+01 0.62179220E+02
0.60000000E+01 0.62186060E+02
0.60000000E+01 0.62499900E+02
0.40000000E+01 0.62513940E+02
0.20000000E+01 0.62523040E+02
0.40000000E+01 0.63302570E+02
0.60000000E+01 0.63303120E+02
0.60000000E+01 0.63324300E+02
0.80000000E+01 0.63353100E+02
0.60000000E+01 0.63627100E+02
0.80000000E+01 0.63628480E+02
0.40000000E+01 0.63755200E+02
0.20000000E+01 0.63773910E+02
0.20000000E+01 0.64310500E+02
0.40000000E+01 0.64311700E+02
0.20000000E+01 0.66873100E+02
0.20000000E+01 0.67794980E+02
0.40000000E+01 0.67796880E+02
0.40000000E+01 0.67859800E+02
0.60000000E+01 0.67863400E+02
0.20000000E+01 0.68165500E+02
0.40000000E+01 0.68173300E+02
0.40000000E+01 0.68442950E+02
0.60000000E+01 0.68443280E+02
0.60000000E+01 0.68500660E+02
0.80000000E+01 0.68500660E+02
0.80000000E+01 0.68687440E+02
0.10000000E+02 0.68687440E+02
0.20000000E+01 0.68744800E+02
0.20000000E+01 0.70534700E+02
0.40000000E+01 0.70551500E+02
0.60000000E+01 0.70582100E+02
0.60000000E+01 0.70769100E+02
0.80000000E+01 0.70769800E+02
0.20000000E+01 0.71129200E+02
0.40000000E+01 0.71154700E+02
0.40000000E+01 0.71212640E+02
0.60000000E+01 0.71212640E+02
0.60000000E+01 0.71267070E+02
0.80000000E+01 0.71267070E+02
0.20000000E+01 0.71316000E+02
0.40000000E+01 0.71337400E+02
0.80000000E+01 0.71353820E+02
0.10000000E+02 0.71353820E+02
0.10000000E+02 0.71363440E+02
0.22000000E+02 0.71363440E+02
0.40000000E+01 0.71392500E+02
0.60000000E+01 0.71396700E+02
0.20000000E+01 0.71520700E+02
0.40000000E+01 0.71538500E+02
0.60000000E+01 0.71564800E+02
0.20000000E+01 0.72124200E+02
0.40000000E+01 0.72126900E+02
0.40000000E+01 0.72473800E+02
0.60000000E+01 0.72501100E+02
0.60000000E+01 0.72884110E+02
0.80000000E+01 0.72884110E+02
0.10000000E+02 0.72968310E+02
0.22000000E+02 0.72968310E+02
0.22000000E+02 0.72970420E+02
0.24000000E+02 0.72970420E+02
0.20000000E+01 0.73159200E+02
0.20000000E+01 0.73386100E+02
0.40000000E+01 0.73386100E+02
0.60000000E+01 0.73393900E+02
0.80000000E+01 0.73404300E+02
0.60000000E+01 0.73556500E+02
0.40000000E+01 0.73573000E+02
0.20000000E+01 0.73581300E+02
0.40000000E+01 0.73600400E+02
0.60000000E+01 0.73610400E+02
0.40000000E+01 0.73640250E+02
0.60000000E+01 0.73641890E+02
0.80000000E+01 0.73645720E+02
0.60000000E+01 0.73649000E+02
0.10000000E+02 0.73652180E+02
0.80000000E+01 0.73655800E+02
0.20000000E+01 0.73689000E+02
0.40000000E+01 0.73713300E+02
0.60000000E+01 0.73931200E+02
0.60000000E+01 0.73935000E+02
0.80000000E+01 0.73935600E+02
0.80000000E+01 0.73944400E+02
0.60000000E+01 0.73949600E+02
0.80000000E+01 0.73953500E+02
0.10000000E+02 0.73958000E+02
0.40000000E+01 0.73958110E+02
0.20000000E+01 0.73964780E+02
0.80000000E+01 0.73972930E+02
0.22000000E+02 0.73975800E+02
0.60000000E+01 0.73976200E+02
0.40000000E+01 0.73993550E+02
0.10000000E+02 0.73999670E+02
0.20000000E+01 0.74050300E+02
0.40000000E+01 0.74108000E+02
0.20000000E+01 0.74126300E+02
0.40000000E+01 0.74401900E+02
0.60000000E+01 0.74403700E+02
0.40000000E+01 0.74757800E+02
0.60000000E+01 0.74772000E+02
0.80000000E+01 0.74790600E+02
0.20000000E+01 0.75200000E+02
0.40000000E+01 0.75206100E+02
0.60000000E+01 0.75220500E+02
0.60000000E+01 0.76303700E+02
0.40000000E+01 0.76307000E+02
0.40000000E+01 0.76483500E+02
