# i,j,K[cm^3/s]
2,1,8.51328365e-12
3,1,5.59400734e-12
3,2,1.04678631e-11
4,1,4.19497246e-12
4,2,8.19424302e-12
4,3,1.20806680e-11
5,1,3.32779013e-12
5,2,6.50266982e-12
5,3,1.00576523e-11
5,4,1.29890577e-11
6,1,2.61938862e-12
6,2,5.27678157e-12
6,3,8.23183770e-12
6,4,1.14228477e-11
6,5,1.41818022e-11
7,1,2.06793789e-12
7,2,4.35191334e-12
7,3,7.05708972e-12
7,4,9.84691093e-12
7,5,1.29089242e-11
7,6,1.57701184e-11
8,1,1.71606440e-12
8,2,3.59534068e-12
8,3,6.09481069e-12
8,4,8.63812548e-12
8,5,1.15299749e-11
8,6,1.45017925e-11
8,7,1.66551035e-11
9,1,1.47646451e-12
9,2,3.10223558e-12
9,3,5.32625289e-12
9,4,7.55061672e-12
9,5,1.00237803e-11
9,6,1.28552683e-11
9,7,1.56574411e-11
9,8,1.84385434e-11
10,1,1.23456730e-12
10,2,2.67875393e-12
10,3,4.57085773e-12
10,4,6.58310245e-12
10,5,9.00328625e-12
10,6,1.18425319e-11
10,7,1.45276416e-11
10,8,1.77242561e-11
10,9,2.04738475e-11
11,1,1.03782476e-12
11,2,2.28526114e-12
11,3,3.90866741e-12
11,4,5.80513328e-12
11,5,7.92758625e-12
11,6,1.07422232e-11
11,7,1.35639129e-11
11,8,1.69609239e-11
11,9,2.03386256e-11
11,10,2.29436284e-11
12,1,8.58775071e-13
12,2,1.92126049e-12
12,3,3.34776944e-12
12,4,5.04042902e-12
12,5,7.16355878e-12
12,6,9.86044706e-12
12,7,1.24028890e-11
12,8,1.57005999e-11
12,9,1.91998066e-11
12,10,2.27485812e-11
12,11,2.62887789e-11
13,1,7.77889323e-13
13,2,1.70312240e-12
13,3,2.99683764e-12
13,4,4.51697489e-12
13,5,6.39053406e-12
13,6,8.73584007e-12
13,7,1.12034950e-11
13,8,1.44391611e-11
13,9,1.79276033e-11
13,10,2.20424296e-11
13,11,2.61182379e-11
13,12,2.91851457e-11
14,1,6.84246617e-13
14,2,1.50238494e-12
14,3,2.66800511e-12
14,4,3.89742841e-12
14,5,5.56365327e-12
14,6,7.69617406e-12
14,7,9.89622143e-12
14,8,1.29894436e-11
14,9,1.64916018e-11
14,10,2.04240208e-11
14,11,2.49237628e-11
14,12,2.90905593e-11
14,13,3.33000735e-11
15,1,5.68272080e-13
15,2,1.27137154e-12
15,3,2.22673325e-12
15,4,3.41647473e-12
15,5,4.73918314e-12
15,6,6.64251658e-12
15,7,8.75285269e-12
15,8,1.16136494e-11
15,9,1.48614845e-11
15,10,1.86391913e-11
15,11,2.33186509e-11
15,12,2.81278576e-11
15,13,3.34408501e-11
15,14,3.85230781e-11
16,1,4.87544356e-13
16,2,1.07146144e-12
16,3,1.93846450e-12
16,4,2.92954487e-12
16,5,4.22929455e-12
16,6,5.92654522e-12
16,7,7.73864151e-12
16,8,1.02072062e-11
16,9,1.30351930e-11
16,10,1.66573520e-11
16,11,2.10209946e-11
16,12,2.56222572e-11
16,13,3.11161649e-11
16,14,3.74837451e-11
16,15,4.44530580e-11
17,1,3.78349447e-13
17,2,8.40424961e-13
17,3,1.51628291e-12
17,4,2.32919210e-12
17,5,3.38997334e-12
17,6,4.82881294e-12
17,7,6.30098408e-12
17,8,8.45071569e-12
17,9,1.09960856e-11
17,10,1.41194915e-11
17,11,1.78754530e-11
17,12,2.20523198e-11
17,13,2.72721688e-11
17,14,3.34125788e-11
17,15,4.13787699e-11
17,16,5.09044893e-11
18,1,3.33044512e-13
18,2,7.98443196e-13
18,3,1.47410124e-12
18,4,2.31190199e-12
18,5,3.34491544e-12
18,6,4.79097278e-12
18,7,6.33944834e-12
18,8,8.56769070e-12
18,9,1.12609204e-11
18,10,1.44883743e-11
18,11,1.82919126e-11
18,12,2.25242631e-11
18,13,2.76442006e-11
18,14,3.39130563e-11
18,15,4.11477817e-11
18,16,5.00196996e-11
18,17,6.18043157e-11
19,1,2.94557351e-13
19,2,7.28804200e-13
19,3,1.37835940e-12
19,4,2.19996962e-12
19,5,3.31185829e-12
19,6,4.73667440e-12
19,7,6.40519169e-12
19,8,8.84185862e-12
19,9,1.14776450e-11
19,10,1.46335184e-11
19,11,1.84726173e-11
19,12,2.28523132e-11
19,13,2.78452778e-11
19,14,3.39919342e-11
19,15,4.06090044e-11
19,16,4.81955600e-11
19,17,5.68765984e-11
19,18,3.83458671e-11
20,1,2.39533339e-13
20,2,6.20188193e-13
20,3,1.25415849e-12
20,4,2.02628636e-12
20,5,3.09319095e-12
20,6,4.61604725e-12
20,7,6.30512333e-12
20,8,8.68235801e-12
20,9,1.12677806e-11
20,10,1.44015785e-11
20,11,1.83814665e-11
20,12,2.24373484e-11
20,13,2.74906417e-11
20,14,3.31524130e-11
20,15,3.95022362e-11
20,16,4.62737817e-11
20,17,5.37406298e-11
20,18,3.67957217e-11
20,19,2.55102318e-11
21,1,1.64138838e-13
21,2,4.81889485e-13
21,3,1.04137378e-12
21,4,1.78465933e-12
21,5,2.87211693e-12
21,6,4.32063579e-12
21,7,6.08489839e-12
21,8,8.54013799e-12
21,9,1.13504995e-11
21,10,1.46010450e-11
21,11,1.82302618e-11
21,12,2.23580856e-11
21,13,2.71284093e-11
21,14,3.23288619e-11
21,15,3.85512941e-11
21,16,4.52311864e-11
21,17,5.18452318e-11
21,18,3.58604211e-11
21,19,2.53047889e-11
21,20,1.71369216e-11
22,1,1.26222496e-13
22,2,3.93511787e-13
22,3,8.79129006e-13
22,4,1.62991582e-12
22,5,2.59523341e-12
22,6,4.09441152e-12
22,7,5.75377963e-12
22,8,7.98992811e-12
22,9,1.07023240e-11
22,10,1.39808959e-11
22,11,1.78098015e-11
22,12,2.19116925e-11
22,13,2.66644230e-11
22,14,3.17612999e-11
22,15,3.79517911e-11
22,16,4.44450299e-11
22,17,5.11212663e-11
22,18,3.52187397e-11
22,19,2.53461183e-11
22,20,1.68337399e-11
22,21,1.19704320e-11
23,1,6.78087809e-14
23,2,2.73235857e-13
23,3,6.91419009e-13
23,4,1.31816491e-12
23,5,2.20330977e-12
23,6,3.65577192e-12
23,7,5.32240700e-12
23,8,7.48430925e-12
23,9,1.02267588e-11
23,10,1.34512984e-11
23,11,1.72855954e-11
23,12,2.14899478e-11
23,13,2.67472238e-11
23,14,3.23978808e-11
23,15,3.90035166e-11
23,16,4.53474851e-11
23,17,5.04349171e-11
23,18,3.59183716e-11
23,19,2.64525328e-11
23,20,1.86884702e-11
23,21,1.35440634e-11
23,22,9.37813376e-12
24,1,5.78538109e-14
24,2,1.88576461e-13
24,3,5.07826059e-13
24,4,1.02721558e-12
24,5,1.89952535e-12
24,6,3.08607021e-12
24,7,4.67209742e-12
24,8,6.97458037e-12
24,9,1.00101993e-11
24,10,1.32285025e-11
24,11,1.72943381e-11
24,12,2.18208169e-11
24,13,2.70009817e-11
24,14,3.29815048e-11
24,15,3.89151231e-11
24,16,4.48560912e-11
24,17,5.09833421e-11
24,18,3.67276727e-11
24,19,2.67634513e-11
24,20,1.89762057e-11
24,21,1.36668572e-11
24,22,1.00972749e-11
24,23,6.60984202e-12
25,1,3.86187966e-14
25,2,1.05428813e-13
25,3,2.75420223e-13
25,4,7.11496709e-13
25,5,1.46196318e-12
25,6,2.57223996e-12
25,7,4.13713106e-12
25,8,6.50256276e-12
25,9,9.45799589e-12
25,10,1.25869409e-11
25,11,1.70704448e-11
25,12,2.19649439e-11
25,13,2.71367424e-11
25,14,3.28601390e-11
25,15,4.00776455e-11
25,16,4.56089075e-11
25,17,5.15594119e-11
25,18,3.69909517e-11
25,19,2.87649924e-11
25,20,2.00514389e-11
25,21,1.39711822e-11
25,22,1.01563643e-11
25,23,7.58992514e-12
25,24,4.70196123e-12
26,1,2.21584467e-14
26,2,6.49442521e-14
26,3,1.77960504e-13
26,4,3.63600645e-13
26,5,7.98851230e-13
26,6,1.63083012e-12
26,7,3.22260690e-12
26,8,5.23546075e-12
26,9,8.72187194e-12
26,10,1.22721788e-11
26,11,1.77158851e-11
26,12,2.28973332e-11
26,13,2.91342137e-11
26,14,3.52851314e-11
26,15,4.11160648e-11
26,16,4.56492966e-11
26,17,5.20307683e-11
26,18,3.84344839e-11
26,19,2.96186749e-11
26,20,2.11865910e-11
26,21,1.60227783e-11
26,22,1.13908160e-11
26,23,8.44094140e-12
26,24,5.53290514e-12
26,25,3.61572741e-12
27,1,1.72541951e-14
27,2,4.95769108e-14
27,3,1.13204147e-13
27,4,2.53594651e-13
27,5,4.89821080e-13
27,6,1.14394388e-12
27,7,2.32933650e-12
27,8,4.08498483e-12
27,9,7.12794821e-12
27,10,1.10173493e-11
27,11,1.56623979e-11
27,12,2.15338497e-11
27,13,2.82517938e-11
27,14,3.55471280e-11
27,15,4.26511163e-11
27,16,4.85302153e-11
27,17,5.54462699e-11
27,18,4.08562395e-11
27,19,3.16130157e-11
27,20,2.17679358e-11
27,21,1.78064261e-11
27,22,1.24684876e-11
27,23,9.26418133e-12
27,24,6.54248090e-12
27,25,4.15335786e-12
27,26,2.82572707e-12
