# i,j,K[cm^3/s]
2,1,1.72447425e-10
3,1,4.11964475e-11
3,2,2.04148427e-10
4,1,1.53019194e-11
4,2,5.42617459e-11
4,3,2.10898463e-10
5,1,8.06669520e-12
5,2,2.49790079e-11
5,3,6.51931167e-11
5,4,2.19886993e-10
6,1,4.54745638e-12
6,2,1.31816557e-11
6,3,3.08635232e-11
6,4,6.87872769e-11
6,5,2.17560571e-10
7,1,2.76750532e-12
7,2,7.46179820e-12
7,3,1.60935407e-11
7,4,3.25467588e-11
7,5,7.04815165e-11
7,6,2.21030456e-10
8,1,1.92677881e-12
8,2,4.89941803e-12
8,3,1.00655102e-11
8,4,1.82020360e-11
8,5,3.44515602e-11
8,6,7.29068667e-11
8,7,2.16446351e-10
9,1,1.30802960e-12
9,2,3.18926180e-12
9,3,6.42272195e-12
9,4,1.10046883e-11
9,5,1.89631956e-11
9,6,3.52287433e-11
9,7,7.04480556e-11
9,8,2.17300740e-10
10,1,9.33322068e-13
10,2,2.28954111e-12
10,3,4.21438790e-12
10,4,6.97160320e-12
10,5,1.15136332e-11
10,6,2.00922173e-11
10,7,3.43174801e-11
10,8,7.12040082e-11
10,9,2.15232014e-10
11,1,7.50751036e-13
11,2,1.69883231e-12
11,3,3.07446288e-12
11,4,4.80622234e-12
11,5,7.46922635e-12
11,6,1.18439446e-11
11,7,1.90012968e-11
11,8,3.39077469e-11
11,9,6.83776099e-11
11,10,2.14302560e-10
12,1,5.86567324e-13
12,2,1.30254459e-12
12,3,2.28650940e-12
12,4,3.48088492e-12
12,5,5.21483409e-12
12,6,8.02528734e-12
12,7,1.17578004e-11
12,8,1.89404369e-11
12,9,3.26184037e-11
12,10,6.57967683e-11
12,11,2.13544385e-10
13,1,4.43927400e-13
13,2,1.02511781e-12
13,3,1.74956017e-12
13,4,2.55643030e-12
13,5,3.80559858e-12
13,6,5.56935299e-12
13,7,7.73099624e-12
13,8,1.16425311e-11
13,9,1.80826214e-11
13,10,3.11185459e-11
13,11,6.29400897e-11
13,12,2.07694841e-10
14,1,3.92669787e-13
14,2,8.26025083e-13
14,3,1.36299352e-12
14,4,2.02604562e-12
14,5,2.85897706e-12
14,6,4.14326007e-12
14,7,5.51547232e-12
14,8,7.87902792e-12
14,9,1.12402262e-11
14,10,1.73221093e-11
14,11,2.94532468e-11
14,12,5.83952827e-11
14,13,2.01494630e-10
15,1,3.08275267e-13
15,2,6.26096910e-13
15,3,1.08443709e-12
15,4,1.55898773e-12
15,5,2.21989836e-12
15,6,3.14904992e-12
15,7,4.05847079e-12
15,8,5.60341474e-12
15,9,7.49386753e-12
15,10,1.09131316e-11
15,11,1.65115288e-11
15,12,2.68862728e-11
15,13,5.40529171e-11
15,14,1.93742849e-10
16,1,2.37722545e-13
16,2,5.15580258e-13
16,3,9.00563171e-13
16,4,1.30009540e-12
16,5,1.78330768e-12
16,6,2.45512338e-12
16,7,3.13597714e-12
16,8,4.14158820e-12
16,9,5.44454251e-12
16,10,7.35680995e-12
16,11,1.02210238e-11
16,12,1.50445819e-11
16,13,2.50569115e-11
16,14,4.92107155e-11
16,15,1.81123357e-10
17,1,1.83675751e-13
17,2,4.06120234e-13
17,3,6.76809995e-13
17,4,9.75984078e-13
17,5,1.30066794e-12
17,6,1.78713153e-12
17,7,2.26006636e-12
17,8,2.97195376e-12
17,9,3.79960332e-12
17,10,4.85125850e-12
17,11,6.50067627e-12
17,12,8.84448735e-12
17,13,1.31276807e-11
17,14,2.15536561e-11
17,15,4.09848546e-11
17,16,1.58081262e-10
18,1,1.34155357e-13
18,2,2.80057834e-13
18,3,4.88932884e-13
18,4,7.13589904e-13
18,5,9.88918471e-13
18,6,1.29892101e-12
18,7,1.71077497e-12
18,8,2.25021457e-12
18,9,2.89034857e-12
18,10,3.79504396e-12
18,11,4.95066411e-12
18,12,6.56968060e-12
18,13,9.30025628e-12
18,14,1.37096933e-11
18,15,2.19453668e-11
18,16,4.31126462e-11
18,17,1.82484339e-10
19,1,8.64293691e-14
19,2,2.04258673e-13
19,3,3.55022381e-13
19,4,5.10185651e-13
19,5,7.28904261e-13
19,6,9.80638373e-13
19,7,1.25513419e-12
19,8,1.67747109e-12
19,9,2.12202952e-12
19,10,2.79666534e-12
19,11,3.60340619e-12
19,12,4.70560535e-12
19,13,6.50032527e-12
19,14,9.21247245e-12
19,15,1.33479446e-11
19,16,2.24662453e-11
19,17,4.54861996e-11
19,18,1.77709385e-10
20,1,6.12708493e-14
20,2,1.34112022e-13
20,3,2.45073132e-13
20,4,3.71549579e-13
20,5,5.43686050e-13
20,6,7.09379403e-13
20,7,9.40116385e-13
20,8,1.25987691e-12
20,9,1.54702348e-12
20,10,2.04624159e-12
20,11,2.59610526e-12
20,12,3.30144743e-12
20,13,4.42439460e-12
20,14,6.10799257e-12
20,15,8.43502490e-12
20,16,1.31321790e-11
20,17,2.29843736e-11
20,18,4.12852081e-11
20,19,1.82757332e-10
21,1,5.31547907e-14
21,2,1.21061413e-13
21,3,1.95669175e-13
21,4,2.91155111e-13
21,5,4.05604273e-13
21,6,5.42379033e-13
21,7,6.91360634e-13
21,8,9.58152152e-13
21,9,1.21936037e-12
21,10,1.55519218e-12
21,11,1.95341761e-12
21,12,2.40620809e-12
21,13,3.16690661e-12
21,14,4.24168031e-12
21,15,5.69754530e-12
21,16,8.41085709e-12
21,17,1.34720730e-11
21,18,2.02308405e-11
21,19,4.01725302e-11
21,20,1.81332066e-10
22,1,3.45249784e-14
22,2,6.98523593e-14
22,3,1.24683293e-13
22,4,1.78802580e-13
22,5,2.65266246e-13
22,6,3.86892671e-13
22,7,5.06481206e-13
22,8,6.66985629e-13
22,9,8.85415631e-13
22,10,1.17675734e-12
22,11,1.45847441e-12
22,12,1.78286920e-12
22,13,2.23844271e-12
22,14,3.02451436e-12
22,15,3.83656918e-12
22,16,5.57749450e-12
22,17,8.41317581e-12
22,18,1.14365747e-11
22,19,1.86467755e-11
22,20,3.70361273e-11
22,21,1.81232707e-10
23,1,1.63859192e-14
23,2,3.58196384e-14
23,3,7.99374669e-14
23,4,1.14114730e-13
23,5,1.73147121e-13
23,6,2.55600379e-13
23,7,3.35125466e-13
23,8,4.72038097e-13
23,9,6.11830365e-13
23,10,7.76907441e-13
23,11,9.53622561e-13
23,12,1.19388774e-12
23,13,1.67028099e-12
23,14,2.16663647e-12
23,15,2.67730840e-12
23,16,3.88786153e-12
23,17,5.26498935e-12
23,18,6.61986476e-12
23,19,9.88311023e-12
23,20,1.67106523e-11
23,21,3.58908144e-11
23,22,1.73562762e-10
24,1,3.56048686e-15
24,2,1.74863595e-14
24,3,3.03002158e-14
24,4,6.05993685e-14
24,5,1.01504940e-13
24,6,1.35999719e-13
24,7,1.78459988e-13
24,8,2.97355113e-13
24,9,3.73892839e-13
24,10,4.83239424e-13
24,11,6.51523517e-13
24,12,8.59844997e-13
24,13,1.19481333e-12
24,14,1.46258394e-12
24,15,1.89766778e-12
24,16,2.70302644e-12
24,17,3.58204157e-12
24,18,4.20461465e-12
24,19,5.71722487e-12
24,20,8.31503412e-12
24,21,1.59611999e-11
24,22,3.38283401e-11
24,23,1.75732555e-10
25,1,9.73528935e-16
25,2,2.65050116e-15
25,3,2.06645858e-14
25,4,3.47561273e-14
25,5,4.99727936e-14
25,6,8.32834271e-14
25,7,1.26324329e-13
25,8,2.01924898e-13
25,9,2.88760749e-13
25,10,4.09312662e-13
25,11,5.17092933e-13
25,12,7.17104681e-13
25,13,8.92624119e-13
25,14,1.13559596e-12
25,15,1.47021383e-12
25,16,1.86655298e-12
25,17,2.52416888e-12
25,18,2.85349901e-12
25,19,3.36917920e-12
25,20,4.45042555e-12
25,21,7.49506925e-12
25,22,1.46394579e-11
25,23,3.27134884e-11
25,24,1.60740323e-10
26,1,0.00000000e+00
26,2,8.21826910e-18
26,3,3.93402564e-15
26,4,1.78830570e-14
26,5,1.68169567e-14
26,6,4.11830694e-14
26,7,8.37146209e-14
26,8,1.36267065e-13
26,9,1.91543679e-13
26,10,2.57501397e-13
26,11,4.19404968e-13
26,12,4.79198950e-13
26,13,6.40474878e-13
26,14,7.95305295e-13
26,15,1.01895330e-12
26,16,1.27999989e-12
26,17,1.67499619e-12
26,18,1.68506641e-12
26,19,1.82763519e-12
26,20,2.24787718e-12
26,21,3.52477118e-12
26,22,6.28916930e-12
26,23,1.30034239e-11
26,24,2.62084519e-11
26,25,1.55292314e-10
27,1,0.00000000e+00
27,2,0.00000000e+00
27,3,2.95077491e-17
27,4,1.11916424e-15
27,5,1.10624491e-15
27,6,2.60947788e-14
27,7,4.04987211e-14
27,8,7.53497184e-14
27,9,1.27981675e-13
27,10,1.91507530e-13
27,11,3.25020906e-13
27,12,4.32398163e-13
27,13,5.63979562e-13
27,14,6.51805207e-13
27,15,8.10717111e-13
27,16,1.07319557e-12
27,17,1.50144464e-12
27,18,1.22074680e-12
27,19,1.32032962e-12
27,20,1.25530091e-12
27,21,1.65885627e-12
27,22,3.25795564e-12
27,23,5.27715632e-12
27,24,9.55433417e-12
27,25,2.53077497e-11
27,26,1.54698101e-10
