-------------------------------------------------------
Configuration      Term      J          Level eV 
---------------------------------------------------
1s2.2p.2Pstar.4d    3Dstar       1         48.0683     
                             2         48.0683     
                             3         48.0683     
1s2.2p.2Pstar.4f    3G        3         48.1214   
                             4         48.1214   
                             5         48.1214   
1s2.2p.2Pstar.4f    3F        2         48.1272     
                             3         48.1287     
                             4         48.13245    
1s2.2p.2Pstar.4d    3Pstar       0         48.1670     
                             1         48.1670     
                             2         48.1670     
1s2.2p.2Pstar.4d    1Fstar       3         48.2017     
1s2.2p.2Pstar.4f    3D        3         48.31271    
                             2         48.31931    
                             1         48.32108    
1s2.2p.2Pstar.5p    1P        1         50.5150     
1s2.2p.2Pstar.5p    3D        1         50.5640     
                             2         50.5640     
                             3         50.5640     
1s2.2p.2Pstar.5p    3P        0         50.7002     
                             1         50.7002     
                             2         50.7002     
1s2.2p.2Pstar.5p    1D        2         50.7723     
1s2.2p.2Pstar.5d    1Dstar       2         50.7942     
1s2.2p.2Pstar.5d    3Dstar       1         50.9061     
                             2         50.9061     
                             3         50.9061     
1s2.2p.2Pstar.5f    3G        3         50.9351   
                             4         50.9351   
                             5         50.9351   
1s2.2p.2Pstar.5f    3F        2         50.9405     
                             3         50.9405     
                             4         50.9405     
1s2.2p.2Pstar.5d    3Pstar       0         50.9441     
                             1         50.9441     
                             2         50.9441     
1s2.2p.2Pstar.5g    3Hstar       4         50.965    
                             5         50.965    
                             6         50.965    
1s2.2p.2Pstar.5g    3Gstar       3         50.9704     
                             4         50.9704     
                             5         50.97045    
1s2.2p.2Pstar.5g    3Fstar       2         51.01119    
                             3         51.01119    
                             4         51.01120    
1s2.2p.2Pstar.6p    3D        1         52.2509     
                             2         52.2509     
                             3         52.2509     
1s2.2p.2Pstar.6p    3P        0         52.3237     
                             1         52.3237     
                             2         52.3237     
1s2.2p.2Pstar.6d    3Dstar       1         52.4369     
                             2         52.4369     
                             3         52.4369     
1s2.2p.2Pstar.6d    3Pstar       0         52.4588     
                             1         52.4588     
                             2         52.4588     
1s2.2p.2Pstar.6g    3Gstar       3         52.46994    
                             4         52.47217    
                             5         52.47672    
1s2.2p.2Pstar.7p    3D        1         53.2384     
                             2         53.2384     
                             3         53.2384     
1s2.2p.2Pstar.7p    3P        0         53.2839     
                             1         53.2839     
                             2         53.2839     
