  0.30000000E+03
  0.32500000E+03
  0.35000000E+03
  0.37500000E+03
  0.40000000E+03
  0.42500000E+03
  0.45000000E+03
  0.47500000E+03
  0.50000000E+03
  0.52500000E+03
  0.55000000E+03
  0.57500000E+03
  0.60000000E+03
  0.62500000E+03
  0.65000000E+03
  0.67500000E+03
  0.70000000E+03
  0.72500000E+03
  0.75000000E+03
  0.77500000E+03
  0.80000000E+03
  0.82500000E+03
  0.85000000E+03
  0.87500000E+03
  0.90000000E+03
  0.92500000E+03
  0.95000000E+03
  0.97500000E+03
  0.10000000E+04
  0.10250000E+04
  0.10500000E+04
  0.10750000E+04
  0.11000000E+04
  0.11250000E+04
  0.11500000E+04
  0.11750000E+04
  0.12000000E+04
  0.12250000E+04
  0.12500000E+04
  0.12750000E+04
  0.13000000E+04
  0.13250000E+04
  0.13500000E+04
  0.13750000E+04
  0.14000000E+04
  0.14250000E+04
  0.14500000E+04
  0.14750000E+04
  0.15000000E+04
  0.15250000E+04
  0.15500000E+04
  0.15750000E+04
  0.16000000E+04
  0.16250000E+04
  0.16500000E+04
  0.16750000E+04
  0.17000000E+04
  0.17250000E+04
  0.17500000E+04
  0.17750000E+04
  0.18000000E+04
  0.18250000E+04
  0.18500000E+04
  0.18750000E+04
  0.19000000E+04
  0.19250000E+04
  0.19500000E+04
  0.19750000E+04
  0.20000000E+04
  0.20250000E+04
  0.20500000E+04
  0.20750000E+04
  0.21000000E+04
  0.21250000E+04
  0.21500000E+04
  0.21750000E+04
  0.22000000E+04
  0.22250000E+04
  0.22500000E+04
  0.22750000E+04
  0.23000000E+04
  0.23250000E+04
  0.23500000E+04
  0.23750000E+04
  0.24000000E+04
  0.24250000E+04
  0.24500000E+04
  0.24750000E+04
  0.25000000E+04
  0.25250000E+04
  0.25500000E+04
  0.25750000E+04
  0.26000000E+04
  0.26250000E+04
  0.26500000E+04
  0.26750000E+04
  0.27000000E+04
  0.27250000E+04
  0.27500000E+04
  0.27750000E+04
  0.28000000E+04
  0.28250000E+04
  0.28500000E+04
  0.28750000E+04
  0.29000000E+04
  0.29250000E+04
  0.29500000E+04
  0.29750000E+04
  0.30000000E+04
  0.30250000E+04
  0.30500000E+04
  0.30750000E+04
  0.31000000E+04
  0.31250000E+04
  0.31500000E+04
  0.31750000E+04
  0.32000000E+04
  0.32250000E+04
  0.32500000E+04
  0.32750000E+04
  0.33000000E+04
  0.33250000E+04
  0.33500000E+04
  0.33750000E+04
  0.34000000E+04
  0.34250000E+04
  0.34500000E+04
  0.34750000E+04
  0.35000000E+04
  0.35250000E+04
  0.35500000E+04
  0.35750000E+04
  0.36000000E+04
  0.36250000E+04
  0.36500000E+04
  0.36750000E+04
  0.37000000E+04
  0.37250000E+04
  0.37500000E+04
  0.37750000E+04
  0.38000000E+04
  0.38250000E+04
  0.38500000E+04
  0.38750000E+04
  0.39000000E+04
  0.39250000E+04
  0.39500000E+04
  0.39750000E+04
  0.40000000E+04
  0.40250000E+04
  0.40500000E+04
  0.40750000E+04
  0.41000000E+04
  0.41250000E+04
  0.41500000E+04
  0.41750000E+04
  0.42000000E+04
  0.42250000E+04
  0.42500000E+04
  0.42750000E+04
  0.43000000E+04
  0.43250000E+04
  0.43500000E+04
  0.43750000E+04
  0.44000000E+04
  0.44250000E+04
  0.44500000E+04
  0.44750000E+04
  0.45000000E+04
  0.45250000E+04
  0.45500000E+04
  0.45750000E+04
  0.46000000E+04
  0.46250000E+04
  0.46500000E+04
  0.46750000E+04
  0.47000000E+04
  0.47250000E+04
  0.47500000E+04
  0.47750000E+04
  0.48000000E+04
  0.48250000E+04
  0.48500000E+04
  0.48750000E+04
  0.49000000E+04
  0.49250000E+04
  0.49500000E+04
  0.49750000E+04
  0.50000000E+04
  0.50250000E+04
  0.50500000E+04
  0.50750000E+04
  0.51000000E+04
  0.51250000E+04
  0.51500000E+04
  0.51750000E+04
  0.52000000E+04
  0.52250000E+04
  0.52500000E+04
  0.52750000E+04
  0.53000000E+04
  0.53250000E+04
  0.53500000E+04
  0.53750000E+04
  0.54000000E+04
  0.54250000E+04
  0.54500000E+04
  0.54750000E+04
  0.55000000E+04
  0.55250000E+04
  0.55500000E+04
  0.55750000E+04
  0.56000000E+04
  0.56250000E+04
  0.56500000E+04
  0.56750000E+04
  0.57000000E+04
  0.57250000E+04
  0.57500000E+04
  0.57750000E+04
  0.58000000E+04
  0.58250000E+04
  0.58500000E+04
  0.58750000E+04
  0.59000000E+04
  0.59250000E+04
  0.59500000E+04
  0.59750000E+04
  0.60000000E+04
  0.60250000E+04
  0.60500000E+04
  0.60750000E+04
  0.61000000E+04
  0.61250000E+04
  0.61500000E+04
  0.61750000E+04
  0.62000000E+04
  0.62250000E+04
  0.62500000E+04
  0.62750000E+04
  0.63000000E+04
  0.63250000E+04
  0.63500000E+04
  0.63750000E+04
  0.64000000E+04
  0.64250000E+04
  0.64500000E+04
  0.64750000E+04
  0.65000000E+04
  0.65250000E+04
  0.65500000E+04
  0.65750000E+04
  0.66000000E+04
  0.66250000E+04
  0.66500000E+04
  0.66750000E+04
  0.67000000E+04
  0.67250000E+04
  0.67500000E+04
  0.67750000E+04
  0.68000000E+04
  0.68250000E+04
  0.68500000E+04
  0.68750000E+04
  0.69000000E+04
  0.69250000E+04
  0.69500000E+04
  0.69750000E+04
  0.70000000E+04
  0.70250000E+04
  0.70500000E+04
  0.70750000E+04
  0.71000000E+04
  0.71250000E+04
  0.71500000E+04
  0.71750000E+04
  0.72000000E+04
  0.72250000E+04
  0.72500000E+04
  0.72750000E+04
  0.73000000E+04
  0.73250000E+04
  0.73500000E+04
  0.73750000E+04
  0.74000000E+04
  0.74250000E+04
  0.74500000E+04
  0.74750000E+04
  0.75000000E+04
  0.75250000E+04
  0.75500000E+04
  0.75750000E+04
  0.76000000E+04
  0.76250000E+04
  0.76500000E+04
  0.76750000E+04
  0.77000000E+04
  0.77250000E+04
  0.77500000E+04
  0.77750000E+04
  0.78000000E+04
  0.78250000E+04
  0.78500000E+04
  0.78750000E+04
  0.79000000E+04
  0.79250000E+04
  0.79500000E+04
  0.79750000E+04
  0.80000000E+04
  0.80250000E+04
  0.80500000E+04
  0.80750000E+04
  0.81000000E+04
  0.81250000E+04
  0.81500000E+04
  0.81750000E+04
  0.82000000E+04
  0.82250000E+04
  0.82500000E+04
  0.82750000E+04
  0.83000000E+04
  0.83250000E+04
  0.83500000E+04
  0.83750000E+04
  0.84000000E+04
  0.84250000E+04
  0.84500000E+04
  0.84750000E+04
  0.85000000E+04
  0.85250000E+04
  0.85500000E+04
  0.85750000E+04
  0.86000000E+04
  0.86250000E+04
  0.86500000E+04
  0.86750000E+04
  0.87000000E+04
  0.87250000E+04
  0.87500000E+04
  0.87750000E+04
  0.88000000E+04
  0.88250000E+04
  0.88500000E+04
  0.88750000E+04
  0.89000000E+04
  0.89250000E+04
  0.89500000E+04
  0.89750000E+04
  0.90000000E+04
  0.90250000E+04
  0.90500000E+04
  0.90750000E+04
  0.91000000E+04
  0.91250000E+04
  0.91500000E+04
  0.91750000E+04
  0.92000000E+04
  0.92250000E+04
  0.92500000E+04
  0.92750000E+04
  0.93000000E+04
  0.93250000E+04
  0.93500000E+04
  0.93750000E+04
  0.94000000E+04
  0.94250000E+04
  0.94500000E+04
  0.94750000E+04
  0.95000000E+04
  0.95250000E+04
  0.95500000E+04
  0.95750000E+04
  0.96000000E+04
  0.96250000E+04
  0.96500000E+04
  0.96750000E+04
  0.97000000E+04
  0.97250000E+04
  0.97500000E+04
  0.97750000E+04
  0.98000000E+04
  0.98250000E+04
  0.98500000E+04
  0.98750000E+04
  0.99000000E+04
  0.99250000E+04
  0.99500000E+04
  0.99750000E+04
  0.10000000E+05
  0.10025000E+05
  0.10050000E+05
  0.10075000E+05
  0.10100000E+05
  0.10125000E+05
  0.10150000E+05
  0.10175000E+05
  0.10200000E+05
  0.10225000E+05
  0.10250000E+05
  0.10275000E+05
  0.10300000E+05
  0.10325000E+05
  0.10350000E+05
  0.10375000E+05
  0.10400000E+05
  0.10425000E+05
  0.10450000E+05
  0.10475000E+05
  0.10500000E+05
  0.10525000E+05
  0.10550000E+05
  0.10575000E+05
  0.10600000E+05
  0.10625000E+05
  0.10650000E+05
  0.10675000E+05
  0.10700000E+05
  0.10725000E+05
  0.10750000E+05
  0.10775000E+05
  0.10800000E+05
  0.10825000E+05
  0.10850000E+05
  0.10875000E+05
  0.10900000E+05
  0.10925000E+05
  0.10950000E+05
  0.10975000E+05
  0.11000000E+05
  0.11025000E+05
  0.11050000E+05
  0.11075000E+05
  0.11100000E+05
  0.11125000E+05
  0.11150000E+05
  0.11175000E+05
  0.11200000E+05
  0.11225000E+05
  0.11250000E+05
  0.11275000E+05
  0.11300000E+05
  0.11325000E+05
  0.11350000E+05
  0.11375000E+05
  0.11400000E+05
  0.11425000E+05
  0.11450000E+05
  0.11475000E+05
  0.11500000E+05
  0.11525000E+05
  0.11550000E+05
  0.11575000E+05
  0.11600000E+05
  0.11625000E+05
  0.11650000E+05
  0.11675000E+05
  0.11700000E+05
  0.11725000E+05
  0.11750000E+05
  0.11775000E+05
  0.11800000E+05
  0.11825000E+05
  0.11850000E+05
  0.11875000E+05
  0.11900000E+05
  0.11925000E+05
  0.11950000E+05
  0.11975000E+05
  0.12000000E+05
  0.12025000E+05
  0.12050000E+05
  0.12075000E+05
  0.12100000E+05
  0.12125000E+05
  0.12150000E+05
  0.12175000E+05
  0.12200000E+05
  0.12225000E+05
  0.12250000E+05
  0.12275000E+05
  0.12300000E+05
  0.12325000E+05
  0.12350000E+05
  0.12375000E+05
  0.12400000E+05
  0.12425000E+05
  0.12450000E+05
  0.12475000E+05
  0.12500000E+05
  0.12525000E+05
  0.12550000E+05
  0.12575000E+05
  0.12600000E+05
  0.12625000E+05
  0.12650000E+05
  0.12675000E+05
  0.12700000E+05
  0.12725000E+05
  0.12750000E+05
  0.12775000E+05
  0.12800000E+05
  0.12825000E+05
  0.12850000E+05
  0.12875000E+05
  0.12900000E+05
  0.12925000E+05
  0.12950000E+05
  0.12975000E+05
  0.13000000E+05
  0.13025000E+05
  0.13050000E+05
  0.13075000E+05
  0.13100000E+05
  0.13125000E+05
  0.13150000E+05
  0.13175000E+05
  0.13200000E+05
  0.13225000E+05
  0.13250000E+05
  0.13275000E+05
  0.13300000E+05
  0.13325000E+05
  0.13350000E+05
  0.13375000E+05
  0.13400000E+05
  0.13425000E+05
  0.13450000E+05
  0.13475000E+05
  0.13500000E+05
  0.13525000E+05
  0.13550000E+05
  0.13575000E+05
  0.13600000E+05
  0.13625000E+05
  0.13650000E+05
  0.13675000E+05
  0.13700000E+05
  0.13725000E+05
  0.13750000E+05
  0.13775000E+05
  0.13800000E+05
  0.13825000E+05
  0.13850000E+05
  0.13875000E+05
  0.13900000E+05
  0.13925000E+05
  0.13950000E+05
  0.13975000E+05
  0.14000000E+05
  0.14025000E+05
  0.14050000E+05
  0.14075000E+05
  0.14100000E+05
  0.14125000E+05
  0.14150000E+05
  0.14175000E+05
  0.14200000E+05
  0.14225000E+05
  0.14250000E+05
  0.14275000E+05
  0.14300000E+05
  0.14325000E+05
  0.14350000E+05
  0.14375000E+05
  0.14400000E+05
  0.14425000E+05
  0.14450000E+05
  0.14475000E+05
  0.14500000E+05
  0.14525000E+05
  0.14550000E+05
  0.14575000E+05
  0.14600000E+05
  0.14625000E+05
  0.14650000E+05
  0.14675000E+05
  0.14700000E+05
  0.14725000E+05
  0.14750000E+05
  0.14775000E+05
  0.14800000E+05
  0.14825000E+05
  0.14850000E+05
  0.14875000E+05
  0.14900000E+05
  0.14925000E+05
  0.14950000E+05
  0.14975000E+05
  0.15000000E+05
  0.15025000E+05
  0.15050000E+05
  0.15075000E+05
  0.15100000E+05
  0.15125000E+05
  0.15150000E+05
  0.15175000E+05
  0.15200000E+05
  0.15225000E+05
  0.15250000E+05
  0.15275000E+05
  0.15300000E+05
  0.15325000E+05
  0.15350000E+05
  0.15375000E+05
  0.15400000E+05
  0.15425000E+05
  0.15450000E+05
  0.15475000E+05
  0.15500000E+05
  0.15525000E+05
  0.15550000E+05
  0.15575000E+05
  0.15600000E+05
  0.15625000E+05
  0.15650000E+05
  0.15675000E+05
  0.15700000E+05
  0.15725000E+05
  0.15750000E+05
  0.15775000E+05
  0.15800000E+05
  0.15825000E+05
  0.15850000E+05
  0.15875000E+05
  0.15900000E+05
  0.15925000E+05
  0.15950000E+05
  0.15975000E+05
  0.16000000E+05
  0.16025000E+05
  0.16050000E+05
  0.16075000E+05
  0.16100000E+05
  0.16125000E+05
  0.16150000E+05
  0.16175000E+05
  0.16200000E+05
  0.16225000E+05
  0.16250000E+05
  0.16275000E+05
  0.16300000E+05
  0.16325000E+05
  0.16350000E+05
  0.16375000E+05
  0.16400000E+05
  0.16425000E+05
  0.16450000E+05
  0.16475000E+05
  0.16500000E+05
  0.16525000E+05
  0.16550000E+05
  0.16575000E+05
  0.16600000E+05
  0.16625000E+05
  0.16650000E+05
  0.16675000E+05
  0.16700000E+05
  0.16725000E+05
  0.16750000E+05
  0.16775000E+05
  0.16800000E+05
  0.16825000E+05
  0.16850000E+05
  0.16875000E+05
  0.16900000E+05
  0.16925000E+05
  0.16950000E+05
  0.16975000E+05
  0.17000000E+05
  0.17025000E+05
  0.17050000E+05
  0.17075000E+05
  0.17100000E+05
  0.17125000E+05
  0.17150000E+05
  0.17175000E+05
  0.17200000E+05
  0.17225000E+05
  0.17250000E+05
  0.17275000E+05
  0.17300000E+05
  0.17325000E+05
  0.17350000E+05
  0.17375000E+05
  0.17400000E+05
  0.17425000E+05
  0.17450000E+05
  0.17475000E+05
  0.17500000E+05
  0.17525000E+05
  0.17550000E+05
  0.17575000E+05
  0.17600000E+05
  0.17625000E+05
  0.17650000E+05
  0.17675000E+05
  0.17700000E+05
  0.17725000E+05
  0.17750000E+05
  0.17775000E+05
  0.17800000E+05
  0.17825000E+05
  0.17850000E+05
  0.17875000E+05
  0.17900000E+05
  0.17925000E+05
  0.17950000E+05
  0.17975000E+05
  0.18000000E+05
  0.18025000E+05
  0.18050000E+05
  0.18075000E+05
  0.18100000E+05
  0.18125000E+05
  0.18150000E+05
  0.18175000E+05
  0.18200000E+05
  0.18225000E+05
  0.18250000E+05
  0.18275000E+05
  0.18300000E+05
  0.18325000E+05
  0.18350000E+05
  0.18375000E+05
  0.18400000E+05
  0.18425000E+05
  0.18450000E+05
  0.18475000E+05
  0.18500000E+05
  0.18525000E+05
  0.18550000E+05
  0.18575000E+05
  0.18600000E+05
  0.18625000E+05
  0.18650000E+05
  0.18675000E+05
  0.18700000E+05
  0.18725000E+05
  0.18750000E+05
  0.18775000E+05
  0.18800000E+05
  0.18825000E+05
  0.18850000E+05
  0.18875000E+05
  0.18900000E+05
  0.18925000E+05
  0.18950000E+05
  0.18975000E+05
  0.19000000E+05
  0.19025000E+05
  0.19050000E+05
  0.19075000E+05
  0.19100000E+05
  0.19125000E+05
  0.19150000E+05
  0.19175000E+05
  0.19200000E+05
  0.19225000E+05
  0.19250000E+05
  0.19275000E+05
  0.19300000E+05
  0.19325000E+05
  0.19350000E+05
  0.19375000E+05
  0.19400000E+05
  0.19425000E+05
  0.19450000E+05
  0.19475000E+05
  0.19500000E+05
  0.19525000E+05
  0.19550000E+05
  0.19575000E+05
  0.19600000E+05
  0.19625000E+05
  0.19650000E+05
  0.19675000E+05
  0.19700000E+05
  0.19725000E+05
  0.19750000E+05
  0.19775000E+05
  0.19800000E+05
  0.19825000E+05
  0.19850000E+05
  0.19875000E+05
  0.19900000E+05
  0.19925000E+05
  0.19950000E+05
  0.19975000E+05
  0.20000000E+05
  0.20025000E+05
  0.20050000E+05
  0.20075000E+05
  0.20100000E+05
  0.20125000E+05
  0.20150000E+05
  0.20175000E+05
  0.20200000E+05
  0.20225000E+05
  0.20250000E+05
  0.20275000E+05
  0.20300000E+05
  0.20325000E+05
  0.20350000E+05
  0.20375000E+05
  0.20400000E+05
  0.20425000E+05
  0.20450000E+05
  0.20475000E+05
  0.20500000E+05
  0.20525000E+05
  0.20550000E+05
  0.20575000E+05
  0.20600000E+05
  0.20625000E+05
  0.20650000E+05
  0.20675000E+05
  0.20700000E+05
  0.20725000E+05
  0.20750000E+05
  0.20775000E+05
  0.20800000E+05
  0.20825000E+05
  0.20850000E+05
  0.20875000E+05
  0.20900000E+05
  0.20925000E+05
  0.20950000E+05
  0.20975000E+05
  0.21000000E+05
  0.21025000E+05
  0.21050000E+05
  0.21075000E+05
  0.21100000E+05
  0.21125000E+05
  0.21150000E+05
  0.21175000E+05
  0.21200000E+05
  0.21225000E+05
  0.21250000E+05
  0.21275000E+05
  0.21300000E+05
  0.21325000E+05
  0.21350000E+05
  0.21375000E+05
  0.21400000E+05
  0.21425000E+05
  0.21450000E+05
  0.21475000E+05
  0.21500000E+05
  0.21525000E+05
  0.21550000E+05
  0.21575000E+05
  0.21600000E+05
  0.21625000E+05
  0.21650000E+05
  0.21675000E+05
  0.21700000E+05
  0.21725000E+05
  0.21750000E+05
  0.21775000E+05
  0.21800000E+05
  0.21825000E+05
  0.21850000E+05
  0.21875000E+05
  0.21900000E+05
  0.21925000E+05
  0.21950000E+05
  0.21975000E+05
  0.22000000E+05
  0.22025000E+05
  0.22050000E+05
  0.22075000E+05
  0.22100000E+05
  0.22125000E+05
  0.22150000E+05
  0.22175000E+05
  0.22200000E+05
  0.22225000E+05
  0.22250000E+05
  0.22275000E+05
  0.22300000E+05
  0.22325000E+05
  0.22350000E+05
  0.22375000E+05
  0.22400000E+05
  0.22425000E+05
  0.22450000E+05
  0.22475000E+05
  0.22500000E+05
  0.22525000E+05
  0.22550000E+05
  0.22575000E+05
  0.22600000E+05
  0.22625000E+05
  0.22650000E+05
  0.22675000E+05
  0.22700000E+05
  0.22725000E+05
  0.22750000E+05
  0.22775000E+05
  0.22800000E+05
  0.22825000E+05
  0.22850000E+05
  0.22875000E+05
  0.22900000E+05
  0.22925000E+05
  0.22950000E+05
  0.22975000E+05
  0.23000000E+05
  0.23025000E+05
  0.23050000E+05
  0.23075000E+05
  0.23100000E+05
  0.23125000E+05
  0.23150000E+05
  0.23175000E+05
  0.23200000E+05
  0.23225000E+05
  0.23250000E+05
  0.23275000E+05
  0.23300000E+05
  0.23325000E+05
  0.23350000E+05
  0.23375000E+05
  0.23400000E+05
  0.23425000E+05
  0.23450000E+05
  0.23475000E+05
  0.23500000E+05
  0.23525000E+05
  0.23550000E+05
  0.23575000E+05
  0.23600000E+05
  0.23625000E+05
  0.23650000E+05
  0.23675000E+05
  0.23700000E+05
  0.23725000E+05
  0.23750000E+05
  0.23775000E+05
  0.23800000E+05
  0.23825000E+05
  0.23850000E+05
  0.23875000E+05
  0.23900000E+05
  0.23925000E+05
  0.23950000E+05
  0.23975000E+05
  0.24000000E+05
  0.24025000E+05
  0.24050000E+05
  0.24075000E+05
  0.24100000E+05
  0.24125000E+05
  0.24150000E+05
  0.24175000E+05
  0.24200000E+05
  0.24225000E+05
  0.24250000E+05
  0.24275000E+05
  0.24300000E+05
  0.24325000E+05
  0.24350000E+05
  0.24375000E+05
  0.24400000E+05
  0.24425000E+05
  0.24450000E+05
  0.24475000E+05
  0.24500000E+05
  0.24525000E+05
  0.24550000E+05
  0.24575000E+05
  0.24600000E+05
  0.24625000E+05
  0.24650000E+05
  0.24675000E+05
  0.24700000E+05
  0.24725000E+05
  0.24750000E+05
  0.24775000E+05
  0.24800000E+05
  0.24825000E+05
  0.24850000E+05
  0.24875000E+05
  0.24900000E+05
  0.24925000E+05
  0.24950000E+05
  0.24975000E+05
  0.25000000E+05
  0.25025000E+05
  0.25050000E+05
  0.25075000E+05
  0.25100000E+05
  0.25125000E+05
  0.25150000E+05
  0.25175000E+05
  0.25200000E+05
  0.25225000E+05
  0.25250000E+05
  0.25275000E+05
  0.25300000E+05
  0.25325000E+05
  0.25350000E+05
  0.25375000E+05
  0.25400000E+05
  0.25425000E+05
  0.25450000E+05
  0.25475000E+05
  0.25500000E+05
  0.25525000E+05
  0.25550000E+05
  0.25575000E+05
  0.25600000E+05
  0.25625000E+05
  0.25650000E+05
  0.25675000E+05
  0.25700000E+05
  0.25725000E+05
  0.25750000E+05
  0.25775000E+05
  0.25800000E+05
  0.25825000E+05
  0.25850000E+05
  0.25875000E+05
  0.25900000E+05
  0.25925000E+05
  0.25950000E+05
  0.25975000E+05
  0.26000000E+05
  0.26025000E+05
  0.26050000E+05
  0.26075000E+05
  0.26100000E+05
  0.26125000E+05
  0.26150000E+05
  0.26175000E+05
  0.26200000E+05
  0.26225000E+05
  0.26250000E+05
  0.26275000E+05
  0.26300000E+05
  0.26325000E+05
  0.26350000E+05
  0.26375000E+05
  0.26400000E+05
  0.26425000E+05
  0.26450000E+05
  0.26475000E+05
  0.26500000E+05
  0.26525000E+05
  0.26550000E+05
  0.26575000E+05
  0.26600000E+05
  0.26625000E+05
  0.26650000E+05
  0.26675000E+05
  0.26700000E+05
  0.26725000E+05
  0.26750000E+05
  0.26775000E+05
  0.26800000E+05
  0.26825000E+05
  0.26850000E+05
  0.26875000E+05
  0.26900000E+05
  0.26925000E+05
  0.26950000E+05
  0.26975000E+05
  0.27000000E+05
  0.27025000E+05
  0.27050000E+05
  0.27075000E+05
  0.27100000E+05
  0.27125000E+05
  0.27150000E+05
  0.27175000E+05
  0.27200000E+05
  0.27225000E+05
  0.27250000E+05
  0.27275000E+05
  0.27300000E+05
  0.27325000E+05
  0.27350000E+05
  0.27375000E+05
  0.27400000E+05
  0.27425000E+05
  0.27450000E+05
  0.27475000E+05
  0.27500000E+05
  0.27525000E+05
  0.27550000E+05
  0.27575000E+05
  0.27600000E+05
  0.27625000E+05
  0.27650000E+05
  0.27675000E+05
  0.27700000E+05
  0.27725000E+05
  0.27750000E+05
  0.27775000E+05
  0.27800000E+05
  0.27825000E+05
  0.27850000E+05
  0.27875000E+05
  0.27900000E+05
  0.27925000E+05
  0.27950000E+05
  0.27975000E+05
  0.28000000E+05
  0.28025000E+05
  0.28050000E+05
  0.28075000E+05
  0.28100000E+05
  0.28125000E+05
  0.28150000E+05
  0.28175000E+05
  0.28200000E+05
  0.28225000E+05
  0.28250000E+05
  0.28275000E+05
  0.28300000E+05
  0.28325000E+05
  0.28350000E+05
  0.28375000E+05
  0.28400000E+05
  0.28425000E+05
  0.28450000E+05
  0.28475000E+05
  0.28500000E+05
  0.28525000E+05
  0.28550000E+05
  0.28575000E+05
  0.28600000E+05
  0.28625000E+05
  0.28650000E+05
  0.28675000E+05
  0.28700000E+05
  0.28725000E+05
  0.28750000E+05
  0.28775000E+05
  0.28800000E+05
  0.28825000E+05
  0.28850000E+05
  0.28875000E+05
  0.28900000E+05
  0.28925000E+05
  0.28950000E+05
  0.28975000E+05
  0.29000000E+05
  0.29025000E+05
  0.29050000E+05
  0.29075000E+05
  0.29100000E+05
  0.29125000E+05
  0.29150000E+05
  0.29175000E+05
  0.29200000E+05
  0.29225000E+05
  0.29250000E+05
  0.29275000E+05
  0.29300000E+05
  0.29325000E+05
  0.29350000E+05
  0.29375000E+05
  0.29400000E+05
  0.29425000E+05
  0.29450000E+05
  0.29475000E+05
  0.29500000E+05
  0.29525000E+05
  0.29550000E+05
  0.29575000E+05
  0.29600000E+05
  0.29625000E+05
  0.29650000E+05
  0.29675000E+05
  0.29700000E+05
  0.29725000E+05
  0.29750000E+05
  0.29775000E+05
  0.29800000E+05
  0.29825000E+05
  0.29850000E+05
  0.29875000E+05
  0.29900000E+05
  0.29925000E+05
  0.29950000E+05
  0.29975000E+05
  0.30000000E+05