# Percentage of N2 Contained in Each Group
9.9998570608e-01
1.4293685662e-05
2.3353087882e-10
4.3637282969e-15
9.3310950667e-20
2.2845510179e-24
6.4074209116e-29
2.0596454192e-33
7.5916888721e-38
3.2102004563e-42
1.5580876886e-46
8.6845445888e-51
5.5621336652e-55
4.0958500243e-59
3.4701637055e-63
3.3852114933e-67
3.8055582343e-71
4.9346739642e-75
7.3732025601e-79
1.5417076543e-27
3.8569963304e-32
1.1047864346e-36
3.6255385295e-41
1.3639682182e-45
5.8861431487e-50
2.9154782291e-54
1.6584286735e-58
1.0840738954e-62
8.1484492199e-67
7.0483029528e-71
8.0580511342e-79
2.2456576849e-81
2.1468864399e-86
8.8155454388e-92
7.5660405350e-97
1.1583326706e-101
2.0605219944e-106
4.8768417115e-111
2.3128103571e-115
2.3730898051e-119
1.6765808540e-123
2.8635286555e-127
1.3556612842e-130
2.8938386585e-134
2.4593578857e-137
2.4072578989e-140
2.3282575951e-143
7.5596626064e-146
2.5858063286e-148
1.0409440468e-150
1.3140220363e-152
1.4031600561e-154
1.7033432987e-156
7.6113525403e-158
4.0870744132e-159
1.6375137572e-160
2.8437972741e-161
5.4842827879e-162
6.1511303134e-163
4.6930877082e-163
4.6603917221e-163
