# Percentage of CO Contained in Each Group
9.9952790316e-01
4.7188568692e-04
2.1101615172e-07
1.3223122211e-10
6.6429443361e-14
2.9023663864e-17
1.0307967878e-20
4.6437942815e-24
1.8316402051e-27
6.4787970754e-31
2.7463607186e-34
1.0525454592e-37
5.0947483887e-41
1.6623747079e-44
6.6219593321e-48
2.6903266307e-51
8.0637485194e-55
3.7992586454e-58
1.1283807689e-61
5.9708990117e-65
1.7402269787e-68
7.8383053260e-72
2.9311179362e-75
1.1092255329e-78
3.4708231403e-82
1.3916784940e-85
4.7664202126e-89
1.9246036959e-92
6.7797004058e-96
2.5444632254e-99
1.0872547636e-102
4.5705026014e-106
1.4026161063e-109
5.1030284635e-113
1.8406333290e-116
7.2646510524e-120
2.8297685605e-123
9.0149922053e-127
3.8002872295e-130
1.2915541190e-133
5.6151299646e-137
1.9679007806e-140
7.4450064456e-144
2.5702212920e-147
9.8855953069e-151
3.6635794243e-154
1.4920534651e-157
5.4651744415e-161
2.0573526381e-164
8.1086266962e-168
2.9058634818e-171
1.0525187814e-174
4.0091876378e-178
1.6637828790e-181
7.8816320137e-185
4.1171467622e-187
2.6354499750e-189
1.6853081008e-191
1.2651206381e-193
7.7082355296e-196
4.9226658430e-198
3.4186853371e-200
2.7172742865e-202
1.7283403095e-204
1.2509208236e-206
7.0659891232e-209
4.8863977948e-211
3.2312169667e-213
2.5918057200e-215
1.2660834228e-217
1.0209405291e-219
7.0910151441e-222
4.3151185351e-224
3.2117417550e-226
1.9052529141e-228
1.2513749857e-230
6.4565855146e-233
6.9651023934e-235
2.5048188677e-237
1.8627667261e-239
1.3745559684e-241
6.3151265852e-244
2.7593509484e-246
