# Percentage of CO Contained in Each Group
9.9996559738e-01
3.4401274498e-05
1.3455695581e-09
5.9803470306e-14
3.0185235655e-18
1.7293615342e-22
1.1240586532e-26
8.2852130587e-31
6.9220886836e-35
6.5524902488e-39
7.0247456196e-43
8.5257859557e-47
1.1709644818e-50
1.8192190056e-54
3.1958112495e-58
6.3453317429e-62
1.4233840342e-65
3.6057696138e-69
1.0310777791e-72
3.3266349118e-76
1.2104317502e-79
4.9646717600e-83
2.2942940623e-86
1.1940025683e-89
6.9943445691e-93
4.6096124873e-96
3.4162357920e-99
2.8457295665e-102
2.6631951775e-105
2.7989089177e-108
3.3019481618e-111
4.3710422887e-114
6.4905703030e-117
1.0807733126e-119
2.0175962413e-122
4.2218094430e-125
9.9008542916e-128
2.6021527314e-130
7.6645831401e-133
2.5303899663e-135
9.3652125922e-138
3.8869776469e-140
1.8098814553e-142
9.4594147660e-145
5.5531866147e-147
3.6646481831e-149
2.7211163875e-151
2.2759849138e-153
2.1471205044e-155
2.2879484723e-157
2.7584388668e-159
3.7698602068e-161
5.8526016061e-163
1.0345671270e-164
2.0878171902e-166
4.8240329713e-168
1.2802668094e-169
3.9163928571e-171
1.3862111523e-172
5.7007450838e-174
2.7360865745e-175
1.5398632632e-176
1.0212738090e-177
8.0225551263e-179
7.5019530621e-180
8.3904179542e-181
1.1270489903e-181
1.8241661201e-182
3.5651735689e-183
8.4229036513e-184
2.4060659429e-184
8.3030268064e-185
3.4485137085e-185
1.7489399806e-185
1.0436050309e-185
7.1899452696e-186
5.0713568751e-186
3.5804984154e-186
2.4765673377e-186
1.6460641005e-186
1.0227799846e-186
5.6551430514e-187
1.4064432519e-187
