# Percentage of O2 Contained in Each Group
9.9931969040e-01
6.7979147954e-04
5.1767978893e-07
4.3993210703e-10
4.1604895512e-13
4.3682865961e-16
5.0821123170e-19
6.5416589060e-22
9.3061415294e-25
1.4621710126e-27
2.5366653649e-30
4.8599019922e-33
1.0287863416e-35
2.4085756489e-38
6.2446030109e-41
1.7959652386e-43
5.7418073962e-46
2.0456903119e-48
8.1458214552e-51
3.6373718347e-53
1.8283377366e-55
1.0390149171e-57
6.7082802334e-60
4.9480070962e-62
4.1956993672e-64
4.1193841828e-66
4.7212694305e-68
6.3763402852e-70
1.0259722362e-71
1.9924359906e-73
4.7435126653e-75
1.4113917411e-76
5.3788343080e-78
2.7130789133e-79
1.8985771723e-80
1.9870764699e-81
3.7113727019e-82
1.8721859006e-82
1.2647082306e-82
8.2856349700e-83
5.4405965455e-83
3.6115804960e-83
2.4294483847e-83
1.8768101243e-83
1.4266932147e-83
9.3136371235e-84
4.9576370843e-84
2.4933187566e-84
2.2388620760e-85
