# Percentage of O2 Contained in Each Group
2.4452735440e-37
7.2433823873e-89
3.4062101352e-82
2.5616030602e-26
3.0528016001e-75
7.1736151619e-108
1.0205122108e-81
5.6501421884e-78
1.0390149171e-57
1.8283377366e-55
6.7082802331e-60
4.9480070956e-62
1.9924355720e-73
4.7435115758e-75
3.6373718346e-53
4.1956993663e-64
6.1932199220e-82
4.1193841815e-66
4.7212694155e-68
1.4113907475e-76
4.8599019922e-33
9.2059267768e-84
9.3061415294e-25
1.7959652386e-43
8.1458214550e-51
4.3993210703e-10
1.0287863416e-35
6.2446030107e-41
6.3763399834e-70
2.0456903119e-48
1.0259721057e-71
2.4085756488e-38
5.1767978892e-07
5.7418073962e-46
2.5366653638e-30
6.5416589032e-22
4.3682865961e-16
5.0821123170e-19
6.7979147954e-04
9.1575400837e-08
1.4621710124e-27
4.1604895512e-13
9.9931959882e-01
8.9859620296e-60
2.0933524628e-80
1.1255837102e-47
1.9703332653e-30
3.3220063758e-59
2.5024755495e-15
