#-------------------------------------
#Species file for Hep
#-------------------------------------
NAME = Hep

#-------------------------------------
#Molecular mass [kg/mol]
MOLAR_MASS = 4.002602e-3 

#-------------------------------------
#Number of atoms 
NB_ATOMS = 1

#-------------------------------------
#Chemical elements (symbols and quantities)
ELEM_NAME = em He
ELEM_QUANT = -1 1

#--------------------------------------
#Formation energy [J/mol]
EF = 2378521.473d0

#--------------------------------------
#Electric charge
CHARGE = 1

#--------------------------------------
#Nuclear charge (or atomic number)
NUCLEAR_CHARGE = 2

#--------------------------------------
#Ionization potential [eV]
IP = 54.41776311d0 

#--------------------------------------
#Thermal model for internal energy (e.g. RR, HO, EL, RR_HO,...)
#RR = Rigid-rotor
#HO = Harmomic oscillator
#EL = Electronic energy computed based on a Boltzmann distribution of electronic levels 
#NONE = pure State-to-State approach for internal energy levels
MODEL = EL

#--------------------------------------
#Energy levels [eV] (for State-to-State approach)
NB_ELEC_LEVELS=  148
0.20000000E+01 0.00000000E+00
0.20000000E+01 0.40813029E+02
0.20000000E+01 0.40813087E+02
0.40000000E+01 0.40813755E+02
0.20000000E+01 0.48371295E+02
0.20000000E+01 0.48371313E+02
0.40000000E+01 0.48371510E+02
0.40000000E+01 0.48371510E+02
0.60000000E+01 0.48371582E+02
0.20000000E+01 0.51016659E+02
0.20000000E+01 0.51016666E+02
0.40000000E+01 0.51016750E+02
0.40000000E+01 0.51016750E+02
0.60000000E+01 0.51016780E+02
0.60000000E+01 0.51016780E+02
0.80000000E+01 0.51016795E+02
0.20000000E+01 0.52241072E+02
0.20000000E+01 0.52241076E+02
0.40000000E+01 0.52241118E+02
0.40000000E+01 0.52241118E+02
0.60000000E+01 0.52241134E+02
0.60000000E+01 0.52241134E+02
0.80000000E+01 0.52241141E+02
0.80000000E+01 0.52241141E+02
0.10000000E+02 0.52241146E+02
0.20000000E+01 0.52906180E+02
0.20000000E+01 0.52906182E+02
0.40000000E+01 0.52906207E+02
0.40000000E+01 0.52906207E+02
0.60000000E+01 0.52906216E+02
0.60000000E+01 0.52906216E+02
0.80000000E+01 0.52906220E+02
0.80000000E+01 0.52906220E+02
0.10000000E+02 0.52906223E+02
0.10000000E+02 0.52906223E+02
0.12000000E+02 0.52906224E+02
0.20000000E+01 0.53307216E+02
0.20000000E+01 0.53307218E+02
0.40000000E+01 0.53307233E+02
0.40000000E+01 0.53307233E+02
0.60000000E+01 0.53307239E+02
0.60000000E+01 0.53307239E+02
0.80000000E+01 0.53307242E+02
0.80000000E+01 0.53307242E+02
0.10000000E+02 0.53307243E+02
0.10000000E+02 0.53307243E+02
0.12000000E+02 0.53307245E+02
0.12000000E+02 0.53307245E+02
0.14000000E+02 0.53307245E+02
0.20000000E+01 0.53567503E+02
0.20000000E+01 0.53567504E+02
0.40000000E+01 0.53567515E+02
0.40000000E+01 0.53567515E+02
0.60000000E+01 0.53567518E+02
0.60000000E+01 0.53567518E+02
0.80000000E+01 0.53567520E+02
0.80000000E+01 0.53567520E+02
0.10000000E+02 0.53567521E+02
0.10000000E+02 0.53567521E+02
0.12000000E+02 0.53567522E+02
0.12000000E+02 0.53567522E+02
0.14000000E+02 0.53567523E+02
0.14000000E+02 0.53567523E+02
0.16000000E+02 0.53567523E+02
0.20000000E+01 0.53745955E+02
0.20000000E+01 0.53745955E+02
0.40000000E+01 0.53745963E+02
0.40000000E+01 0.53745963E+02
0.60000000E+01 0.53745965E+02
0.60000000E+01 0.53745965E+02
0.80000000E+01 0.53745967E+02
0.80000000E+01 0.53745967E+02
0.10000000E+02 0.53745967E+02
0.10000000E+02 0.53745967E+02
0.12000000E+02 0.53745968E+02
0.12000000E+02 0.53745968E+02
0.14000000E+02 0.53745968E+02
0.14000000E+02 0.53745968E+02
0.16000000E+02 0.53745968E+02
0.16000000E+02 0.53745968E+02
0.18000000E+02 0.53745969E+02
0.20000000E+01 0.53873599E+02
0.20000000E+01 0.53873600E+02
0.40000000E+01 0.53873605E+02
0.40000000E+01 0.53873605E+02
0.60000000E+01 0.53873607E+02
0.60000000E+01 0.53873607E+02
0.80000000E+01 0.53873608E+02
0.80000000E+01 0.53873608E+02
0.10000000E+02 0.53873609E+02
0.10000000E+02 0.53873609E+02
0.12000000E+02 0.53873609E+02
0.12000000E+02 0.53873609E+02
0.14000000E+02 0.53873609E+02
0.14000000E+02 0.53873609E+02
0.16000000E+02 0.53873609E+02
0.16000000E+02 0.53873609E+02
0.18000000E+02 0.53873610E+02
0.18000000E+02 0.53873610E+02
0.20000000E+02 0.53873610E+02
0.20000000E+01 0.53968042E+02
0.20000000E+01 0.53968042E+02
0.40000000E+01 0.53968046E+02
0.40000000E+01 0.53968046E+02
0.60000000E+01 0.53968047E+02
0.60000000E+01 0.53968047E+02
0.80000000E+01 0.53968048E+02
0.80000000E+01 0.53968048E+02
0.10000000E+02 0.53968049E+02
0.10000000E+02 0.53968049E+02
0.12000000E+02 0.53968049E+02
0.12000000E+02 0.53968049E+02
0.14000000E+02 0.53968049E+02
0.14000000E+02 0.53968049E+02
0.16000000E+02 0.53968049E+02
0.16000000E+02 0.53968049E+02
0.18000000E+02 0.53968049E+02
0.18000000E+02 0.53968049E+02
0.20000000E+02 0.53968050E+02
0.20000000E+02 0.53968050E+02
0.22000000E+02 0.53968050E+02
0.20000000E+01 0.54039873E+02
0.20000000E+01 0.54039873E+02
0.24000000E+02 0.54039879E+02
0.20000000E+01 0.54095774E+02
0.20000000E+01 0.54095774E+02
0.26000000E+02 0.54095779E+02
0.20000000E+01 0.54140130E+02
0.20000000E+01 0.54140130E+02
0.28000000E+02 0.54140134E+02
0.20000000E+01 0.54175914E+02
0.20000000E+01 0.54175914E+02
0.30000000E+02 0.54175917E+02
0.20000000E+01 0.54205201E+02
0.20000000E+01 0.54205201E+02
0.32000000E+02 0.54205203E+02
0.20000000E+01 0.54229473E+02
0.20000000E+01 0.54229473E+02
0.34000000E+02 0.54229475E+02
0.20000000E+01 0.54249813E+02
0.20000000E+01 0.54249813E+02
0.36000000E+02 0.54249815E+02
0.20000000E+01 0.54267027E+02
0.20000000E+01 0.54267027E+02
0.38000000E+02 0.54267028E+02
0.20000000E+01 0.54281723E+02
0.20000000E+01 0.54281723E+02
0.40000000E+02 0.54281725E+02
