#-------------------------------------
#Species file for N
#-------------------------------------
NAME = N

#-------------------------------------
#Molecular mass [kg/mol]
MOLAR_MASS = 14.0067d-3

#-------------------------------------
#Number of atoms 
NB_ATOMS = 1

#-------------------------------------
#Chemical elements (symbols and quantities)
ELEM_NAME = N
ELEM_QUANT = 1

#--------------------------------------
#Formation energy [J/mol]
EF = 470818.d0

#--------------------------------------
#Electric charge
CHARGE = 0

#--------------------------------------
#Ionization potential [eV]
IP = 14.53413d0

#--------------------------------------
#Thermal model for internal energy (e.g. RR, HO, EL, RR_HO,...)
#RR = Rigid-rotor
#HO = Harmomic oscillator
#EL = Electronic energy computed based on a Boltzmann distribution of electronic levels 
#NONE = pure State-to-State approach for internal energy levels
MODEL = NONE

#--------------------------------------
#Electronic levels degeneracies and energies [eV]
NB_ENERGY_LEVELS = 123
0.400000d1  0.d0
0.100000d2  2.38396176d0
0.600000d1  3.57560213d0
0.120000d2  1.03322969d1
0.600000d1  1.06865435d1
0.120000d2  1.09270305d1
0.200000d1  1.16026329d1
0.200000d2  1.17583857d1
0.120000d2  1.18417125d1
0.400000d1  1.19955748d1
0.100000d2  1.20058236d1
0.600000d1  1.21249044d1
0.100000d2  1.23567136d1
0.120000d2  1.28564018d1
0.600000d1  1.29186603d1
0.600000d1  1.29722582d1
0.280000d2  1.29835723d1
0.140000d2  1.29993477d1
0.120000d2  1.29998574d1
0.200000d2  1.30192448d1
0.100000d2  1.30349762d1
0.200000d1  1.32015641d1
0.200000d2  1.32444046d1
0.120000d2  1.32680393d1
0.100000d2  1.32942025d1
0.400000d1  1.33215587d1
0.600000d1  1.33425604d1
0.120000d2  1.36239050d1
0.600000d1  1.36483200d1
0.280000d2  1.36665874d1
0.600000d1  1.36695390d1
0.140000d2  1.36774274d1
0.120000d2  1.36791541d1
0.200000d2  1.36877764d1
0.100000d2  1.36954129d1
0.100000d2  1.37046337d1
0.140000d2  1.37266943d1
0.200000d1  1.37697967d1
0.200000d2  1.37880916d1
0.600000d1  1.37886469d1
0.120000d2  1.37999217d1
0.400000d1  1.38244071d1
0.100000d2  1.38719206d1
0.600000d1  1.39248142d1
0.120000d2  1.39653493d1
0.280000d2  1.39858149d1
0.600000d1  1.39862897d1
0.140000d2  1.39887571d1
0.120000d2  1.39899566d1
0.140000d2  1.39925462d1
0.800000d1  1.39939384d1
0.180000d2  1.39950771d1
0.100000d2  1.39953801d1
0.200000d2  1.39990411d1
0.100000d2  1.40025649d1
0.600000d1  1.40035955d1
0.220000d2  1.40044455d1
0.100000d2  1.40049779d1
0.800000d1  1.40059190d1
0.180000d2  1.40061395d1
0.140000d2  1.40528024d1
0.100000d2  1.40574964d1
0.120000d2  1.41467728d1
0.600000d1  1.41555208d1
0.280000d2  1.41558663d1
0.600000d1  1.41558663d1
0.140000d2  1.41570110d1
0.140000d2  1.41594970d1
0.120000d2  1.41610654d1
0.140000d2  1.41617324d1
0.180000d2  1.41619556d1
0.100000d2  1.41624752d1
0.200000d2  1.41681126d1
0.100000d2  1.41697691d1
0.600000d1  1.41709209d1
0.220000d2  1.41714069d1
0.100000d2  1.41716437d1
0.140000d2  1.41722227d1
0.180000d2  1.41723591d1
0.800000d1  1.42018438d1
0.120000d2  1.42547954d1
0.280000d2  1.42579962d1
0.600000d1  1.42594179d1
0.600000d1  1.42597975d1
0.140000d2  1.42599279d1
0.100000d2  1.42644983d1
0.200000d2  1.42698826d1
0.100000d2  1.42710418d1
0.120000d2  1.43176946d1
0.600000d1  1.43236934d1
0.240000d2  1.43243402d1
0.600000d1  1.43274501d1
0.140000d2  1.43307590d1
0.100000d2  1.43348044d1
0.120000d2  1.43349160d1
0.200000d2  1.43359178d1
0.120000d2  1.43625769d1
0.600000d1  1.43681562d1
0.200000d2  1.43684041d1
0.600000d1  1.43700159d1
0.140000d2  1.43707578d1
0.100000d2  1.43801578d1
0.120000d2  1.43809265d1
0.600000d1  1.43954327d1
0.120000d2  1.43975404d1
0.600000d1  1.44013839d1
0.140000d2  1.44018799d1
0.200000d2  1.44024998d1
0.100000d2  1.44119226d1
0.120000d2  1.44142783d1
0.200000d1  1.44167032d1
0.600000d1  1.44199816d1
0.120000d2  1.44208494d1
0.600000d1  1.44256848d1
0.140000d2  1.44266767d1
0.200000d2  1.44276686d1
0.100000d2  1.44362235d1
0.120000d2  1.44368434d1
0.600000d1  1.44400670d1
0.600000d1  1.44444064d1
0.120000d2  1.44542012d1
0.600000d1  1.44596565d1
0.400000d1  1.44596565d1
