#-------------------------------------
#Species file for NII
#-------------------------------------
NAME = Np

#-------------------------------------
#Molecular mass [kg/mol]
MOLAR_MASS = 14.00615d-3

#-------------------------------------
#Number of atoms 
NB_ATOMS = 1

#-------------------------------------
#Chemical elements (symbols and quantities)
ELEM_NAME = em N
ELEM_QUANT = -1 1

#--------------------------------------
#Formation energy [J/mol^-1]
EF = 1873159.9888114077d00

#--------------------------------------
#Electric charge
CHARGE = 1

#--------------------------------------
#Nuclear charge (or atomic number)
NUCLEAR_CHARGE = 7

#--------------------------------------
#Ionization potential [eV]
IP = 29.60125d0

#--------------------------------------
#Thermal model for internal energy (e.g. RR, HO, EL, RR_HO,...,)
#RR = Rigid-rotor
#HO = Harmomic oscillator
#EL = Electronic energy computed based on a Boltzmann distribution electronic levels 
#NONE = pure State-to-State approach for internal energy levels
MODEL = EL

#--------------------------------------
#Electronic levels degeneracies and energies [eV]
NB_ELEC_LEVELS=  155
0.10000000E+01 0.00000000E+00
0.30000000E+01 0.60400000E-02
0.50000000E+01 0.16220000E-01
0.50000000E+01 0.18989700E+01
0.10000000E+01 0.40528900E+01
0.50000000E+01 0.58005500E+01
0.70000000E+01 0.11435960E+02
0.50000000E+01 0.11437580E+02
0.30000000E+01 0.11437770E+02
0.30000000E+01 0.13541130E+02
0.50000000E+01 0.13541260E+02
0.10000000E+01 0.13541990E+02
0.50000000E+01 0.17877026E+02
0.10000000E+01 0.18462312E+02
0.30000000E+01 0.18466227E+02
0.50000000E+01 0.18483133E+02
0.30000000E+01 0.18496930E+02
0.30000000E+01 0.19233263E+02
0.30000000E+01 0.20409133E+02
0.30000000E+01 0.20646058E+02
0.50000000E+01 0.20653591E+02
0.70000000E+01 0.20665517E+02
0.30000000E+01 0.20676307E+02
0.30000000E+01 0.20939965E+02
0.10000000E+01 0.21148308E+02
0.30000000E+01 0.21152682E+02
0.50000000E+01 0.21159916E+02
0.50000000E+01 0.21599539E+02
0.10000000E+01 0.22103082E+02
0.50000000E+01 0.23124489E+02
0.70000000E+01 0.23131853E+02
0.90000000E+01 0.23141959E+02
0.50000000E+01 0.23196373E+02
0.30000000E+01 0.23239295E+02
0.50000000E+01 0.23242271E+02
0.70000000E+01 0.23246033E+02
0.50000000E+01 0.23415329E+02
0.30000000E+01 0.23421752E+02
0.10000000E+01 0.23425232E+02
0.70000000E+01 0.23474568E+02
0.30000000E+01 0.23571905E+02
0.10000000E+01 0.24367883E+02
0.30000000E+01 0.24374310E+02
0.50000000E+01 0.24389122E+02
0.30000000E+01 0.24531351E+02
0.30000000E+01 0.25065963E+02
0.30000000E+01 0.25133347E+02
0.50000000E+01 0.25139688E+02
0.70000000E+01 0.25151603E+02
0.10000000E+01 0.25188937E+02
0.30000000E+01 0.25192229E+02
0.50000000E+01 0.25200901E+02
0.30000000E+01 0.25235453E+02
0.50000000E+01 0.25460177E+02
0.30000000E+01 0.25490899E+02
0.50000000E+01 0.25497873E+02
0.70000000E+01 0.25506625E+02
0.10000000E+01 0.25653600E+02
0.50000000E+01 0.25996219E+02
0.70000000E+01 0.26004194E+02
0.90000000E+01 0.26014849E+02
0.50000000E+01 0.26027477E+02
0.30000000E+01 0.26066417E+02
0.50000000E+01 0.26069666E+02
0.70000000E+01 0.26074085E+02
0.50000000E+01 0.26124123E+02
0.30000000E+01 0.26129847E+02
0.10000000E+01 0.26132949E+02
0.70000000E+01 0.26164394E+02
0.50000000E+01 0.26164748E+02
0.70000000E+01 0.26167641E+02
0.90000000E+01 0.26168134E+02
0.70000000E+01 0.26173514E+02
0.70000000E+01 0.26196278E+02
0.90000000E+01 0.26197222E+02
0.30000000E+01 0.26202344E+02
0.11000000E+02 0.26209013E+02
0.90000000E+01 0.26210511E+02
0.70000000E+01 0.26211557E+02
0.50000000E+01 0.26212139E+02
0.30000000E+01 0.26220994E+02
0.50000000E+01 0.26221455E+02
0.10000000E+01 0.26253573E+02
0.30000000E+01 0.26257305E+02
0.50000000E+01 0.26263284E+02
0.10000000E+01 0.26558898E+02
0.30000000E+01 0.26564568E+02
0.50000000E+01 0.26580244E+02
0.30000000E+01 0.26635423E+02
0.50000000E+01 0.27312500E+02
0.30000000E+01 0.27314000E+02
0.10000000E+01 0.27315000E+02
0.50000000E+01 0.27337940E+02
0.50000000E+01 0.27360100E+02
0.70000000E+01 0.27365300E+02
0.70000000E+01 0.27407265E+02
0.50000000E+01 0.27407576E+02
0.70000000E+01 0.27409090E+02
0.90000000E+01 0.27409602E+02
0.70000000E+01 0.27418065E+02
0.70000000E+01 0.27420805E+02
0.90000000E+01 0.27420805E+02
0.90000000E+01 0.27421260E+02
0.11000000E+02 0.27421284E+02
0.70000000E+01 0.27428609E+02
0.90000000E+01 0.27429262E+02
0.30000000E+01 0.27431029E+02
0.70000000E+01 0.27436749E+02
0.50000000E+01 0.27437237E+02
0.11000000E+02 0.27437839E+02
0.90000000E+01 0.27439080E+02
0.90000000E+01 0.27440525E+02
0.11000000E+02 0.27440537E+02
0.70000000E+01 0.27443011E+02
0.90000000E+01 0.27443034E+02
0.30000000E+01 0.27444104E+02
0.50000000E+01 0.27444456E+02
0.11000000E+02 0.27445635E+02
0.13000000E+02 0.27445638E+02
0.50000000E+01 0.27447660E+02
0.70000000E+01 0.27447660E+02
0.30000000E+01 0.27616756E+02
0.50000000E+01 0.27633398E+02
0.30000000E+01 0.27657033E+02
0.30000000E+01 0.27661100E+02
0.10000000E+01 0.27728235E+02
0.30000000E+01 0.27730126E+02
0.50000000E+01 0.27733833E+02
0.70000000E+01 0.27739182E+02
0.90000000E+01 0.27745867E+02
0.30000000E+01 0.27971269E+02
0.50000000E+01 0.27974241E+02
0.70000000E+01 0.27979665E+02
0.70000000E+01 0.28080273E+02
0.50000000E+01 0.28080516E+02
0.70000000E+01 0.28081031E+02
0.90000000E+01 0.28081440E+02
0.70000000E+01 0.28099806E+02
0.90000000E+01 0.28100181E+02
0.70000000E+01 0.28104241E+02
0.50000000E+01 0.28104540E+02
0.11000000E+02 0.28105840E+02
0.90000000E+01 0.28106750E+02
0.30000000E+01 0.28109520E+02
0.50000000E+01 0.28109800E+02
0.30000000E+01 0.28354479E+02
0.50000000E+01 0.28359130E+02
0.70000000E+01 0.28366571E+02
0.70000000E+01 0.28485230E+02
0.90000000E+01 0.28485330E+02
0.50000000E+01 0.28496399E+02
0.90000000E+01 0.28504900E+02
0.11000000E+02 0.28508690E+02
0.90000000E+01 0.28509310E+02
0.50000000E+01 0.28619488E+02
