#-------------------------------------
#Species file for NV
#-------------------------------------
NAME = Npppp

#-------------------------------------
#Molecular mass [kg/mol]
MOLAR_MASS = 14.00615d-3

#-------------------------------------
#Number of atoms 
NB_ATOMS = 1

#-------------------------------------
#Chemical elements (symbols and quantities)
ELEM_NAME = em N
ELEM_QUANT = -4 1

#--------------------------------------
#Formation energy [J/mol^-1]
EF = 16782201.962994806d0

#--------------------------------------
#Electric charge
CHARGE = 4

#--------------------------------------
#Nuclear charge (or atomic number)
NUCLEAR_CHARGE = 7

#--------------------------------------
#Ionization potential [eV]
IP = 97.8901d0

#--------------------------------------
#Thermal model for internal energy (e.g. RR, HO, EL, RR_HO,...,)
#RR = Rigid-rotor
#HO = Harmomic oscillator
#EL = Electronic energy computed based on a Boltzmann distribution electronic levels 
#NONE = pure State-to-State approach for internal energy levels
MODEL = EL

#--------------------------------------
#Electronic levels degeneracies and energies [eV]
NB_ELEC_LEVELS=  127
0.20000000E+01 0.00000000E+00
0.20000000E+01 0.99761700E+01
0.40000000E+01 0.10008240E+02
0.20000000E+01 0.56552490E+02
0.20000000E+01 0.59235400E+02
0.40000000E+01 0.59244860E+02
0.40000000E+01 0.60058480E+02
0.60000000E+01 0.60061210E+02
0.20000000E+01 0.75177670E+02
0.20000000E+01 0.76267760E+02
0.40000000E+01 0.76271830E+02
0.40000000E+01 0.76611860E+02
0.60000000E+01 0.76613000E+02
0.60000000E+01 0.76629590E+02
0.80000000E+01 0.76630180E+02
0.20000000E+01 0.83551240E+02
0.20000000E+01 0.84098530E+02
0.40000000E+01 0.84100530E+02
0.40000000E+01 0.84273630E+02
0.60000000E+01 0.84274240E+02
0.60000000E+01 0.84283270E+02
0.80000000E+01 0.84283270E+02
0.80000000E+01 0.84284740E+02
0.10000000E+02 0.84284740E+02
0.20000000E+01 0.88021240E+02
0.20000000E+01 0.88334180E+02
0.40000000E+01 0.88335340E+02
0.40000000E+01 0.88435360E+02
0.60000000E+01 0.88435630E+02
0.60000000E+01 0.88440990E+02
0.80000000E+01 0.88440990E+02
0.80000000E+01 0.88441510E+02
0.10000000E+02 0.88441510E+02
0.10000000E+02 0.88442240E+02
0.12000000E+02 0.88442240E+02
0.20000000E+01 0.90685190E+02
0.20000000E+01 0.90880830E+02
0.40000000E+01 0.90881560E+02
0.40000000E+01 0.90944320E+02
0.60000000E+01 0.90944540E+02
0.60000000E+01 0.90947700E+02
0.80000000E+01 0.90947700E+02
0.80000000E+01 0.90948480E+02
0.10000000E+02 0.90948480E+02
0.10000000E+02 0.90948600E+02
0.12000000E+02 0.90948600E+02
0.12000000E+02 0.90948660E+02
0.14000000E+02 0.90948660E+02
0.20000000E+01 0.92399920E+02
0.20000000E+01 0.92530150E+02
0.40000000E+01 0.92530630E+02
0.40000000E+01 0.92572620E+02
0.60000000E+01 0.92572760E+02
0.60000000E+01 0.92575180E+02
0.80000000E+01 0.92575180E+02
0.80000000E+01 0.92575440E+02
0.10000000E+02 0.92575440E+02
0.10000000E+02 0.92575520E+02
0.12000000E+02 0.92575520E+02
0.12000000E+02 0.92575550E+02
0.14000000E+02 0.92575550E+02
0.14000000E+02 0.92575580E+02
0.16000000E+02 0.92575580E+02
0.20000000E+01 0.93568020E+02
0.20000000E+01 0.93659090E+02
0.40000000E+01 0.93659440E+02
0.40000000E+01 0.93683500E+02
0.60000000E+01 0.93686600E+02
0.60000000E+01 0.93690700E+02
0.80000000E+01 0.93690700E+02
0.80000000E+01 0.93690880E+02
0.10000000E+02 0.93690880E+02
0.10000000E+02 0.93690940E+02
0.12000000E+02 0.93690940E+02
0.12000000E+02 0.93690960E+02
0.14000000E+02 0.93690960E+02
0.14000000E+02 0.93690980E+02
0.16000000E+02 0.93690980E+02
0.16000000E+02 0.93690990E+02
0.18000000E+02 0.93690990E+02
0.20000000E+01 0.94399420E+02
0.20000000E+01 0.94465580E+02
0.40000000E+01 0.94465830E+02
0.40000000E+01 0.94481900E+02
0.60000000E+01 0.94484800E+02
0.60000000E+01 0.94488620E+02
0.80000000E+01 0.94488620E+02
0.80000000E+01 0.94488740E+02
0.10000000E+02 0.94488740E+02
0.10000000E+02 0.94488790E+02
0.12000000E+02 0.94488790E+02
0.12000000E+02 0.94488800E+02
0.14000000E+02 0.94488800E+02
0.14000000E+02 0.94488820E+02
0.16000000E+02 0.94488820E+02
0.16000000E+02 0.94488830E+02
0.18000000E+02 0.94488830E+02
0.20000000E+01 0.95057100E+02
0.40000000E+01 0.95057100E+02
0.40000000E+01 0.95079300E+02
0.60000000E+01 0.95079300E+02
0.20000000E+01 0.95510900E+02
0.40000000E+01 0.95510900E+02
0.40000000E+01 0.95527700E+02
0.60000000E+01 0.95527700E+02
0.20000000E+01 0.95861400E+02
0.40000000E+01 0.95861400E+02
0.40000000E+01 0.95874700E+02
0.60000000E+01 0.95874700E+02
0.20000000E+01 0.96145400E+02
0.40000000E+01 0.96145400E+02
0.40000000E+01 0.96159800E+02
0.60000000E+01 0.96159800E+02
0.20000000E+01 0.96364000E+02
0.40000000E+01 0.96364000E+02
0.40000000E+01 0.96396000E+02
0.60000000E+01 0.96396000E+02
0.20000000E+01 0.96538300E+02
0.40000000E+01 0.96538300E+02
0.40000000E+01 0.96564700E+02
0.60000000E+01 0.96564700E+02
0.20000000E+01 0.96689700E+02
0.40000000E+01 0.96689700E+02
0.40000000E+01 0.96722200E+02
0.60000000E+01 0.96722200E+02
0.40000000E+01 0.96840000E+02
0.60000000E+01 0.96840000E+02
