#-------------------------------------
#Species file for Op
#-------------------------------------
NAME = Op

#-------------------------------------
#Molecular mass [kg/mol]
MOLAR_MASS = 15.99885d-3

#-------------------------------------
#Number of atoms 
NB_ATOMS = 1

#-------------------------------------
#Chemical elements (symbols and quantities)
ELEM_NAME = em O
ELEM_QUANT = -1 1

#--------------------------------------
#Formation energy [J/mol]
EF = 1560748.4552424627d0

#--------------------------------------
#Electric charge
CHARGE = 1

#--------------------------------------
#Nuclear charge (or atomic number)
NUCLEAR_CHARGE = 8

#--------------------------------------
#Ionization potential [eV]
IP = 35.12112d0

#--------------------------------------
#Thermal model for internal energy (e.g. RR, HO, EL, RR_HO,...)
#RR = Rigid-rotor
#HO = Harmomic oscillator
#EL = Electronic energy computed based on a Boltzmann distribution of electronic levels 
#NONE = pure State-to-State approach for internal energy levels
MODEL = EL

#--------------------------------------
#Electronic levels degeneracies and energies [eV]
NB_ELEC_LEVELS=  247
0.40000000E+01 0.00000000E+00
0.60000000E+01 0.33240850E+01
0.40000000E+01 0.33265670E+01
0.40000000E+01 0.50173940E+01
0.20000000E+01 0.50176400E+01
0.60000000E+01 0.14857920E+02
0.40000000E+01 0.14878157E+02
0.20000000E+01 0.14888377E+02
0.60000000E+01 0.20579946E+02
0.40000000E+01 0.20580943E+02
0.20000000E+01 0.22966248E+02
0.40000000E+01 0.22979303E+02
0.60000000E+01 0.22998960E+02
0.20000000E+01 0.23419194E+02
0.40000000E+01 0.23441508E+02
0.20000000E+01 0.24265006E+02
0.20000000E+01 0.25285621E+02
0.20000000E+01 0.25631348E+02
0.40000000E+01 0.25638232E+02
0.60000000E+01 0.25649586E+02
0.60000000E+01 0.25661218E+02
0.40000000E+01 0.25661347E+02
0.80000000E+01 0.25665037E+02
0.20000000E+01 0.25831625E+02
0.40000000E+01 0.25837347E+02
0.60000000E+01 0.25848747E+02
0.40000000E+01 0.26225400E+02
0.60000000E+01 0.26249033E+02
0.40000000E+01 0.26304720E+02
0.40000000E+01 0.26358274E+02
0.20000000E+01 0.26379157E+02
0.20000000E+01 0.26553686E+02
0.40000000E+01 0.26561094E+02
0.60000000E+01 0.28358142E+02
0.80000000E+01 0.28361069E+02
0.60000000E+01 0.28509803E+02
0.40000000E+01 0.28512452E+02
0.20000000E+01 0.28591928E+02
0.40000000E+01 0.28677065E+02
0.60000000E+01 0.28683755E+02
0.80000000E+01 0.28693411E+02
0.10000000E+02 0.28706092E+02
0.60000000E+01 0.28821704E+02
0.20000000E+01 0.28823901E+02
0.40000000E+01 0.28829685E+02
0.40000000E+01 0.28830783E+02
0.20000000E+01 0.28839033E+02
0.20000000E+01 0.28852566E+02
0.40000000E+01 0.28856824E+02
0.60000000E+01 0.28857020E+02
0.80000000E+01 0.28857795E+02
0.60000000E+01 0.28863062E+02
0.80000000E+01 0.28883261E+02
0.40000000E+01 0.28941697E+02
0.20000000E+01 0.28955839E+02
0.40000000E+01 0.29062243E+02
0.60000000E+01 0.29068670E+02
0.20000000E+01 0.29586034E+02
0.40000000E+01 0.29599076E+02
0.60000000E+01 0.29619076E+02
0.20000000E+01 0.29797123E+02
0.40000000E+01 0.29820351E+02
0.20000000E+01 0.30380752E+02
0.60000000E+01 0.30425722E+02
0.20000000E+01 0.30471394E+02
0.40000000E+01 0.30477386E+02
0.60000000E+01 0.30488114E+02
0.80000000E+01 0.30503745E+02
0.40000000E+01 0.30536294E+02
0.20000000E+01 0.30539798E+02
0.60000000E+01 0.30556603E+02
0.40000000E+01 0.30560036E+02
0.40000000E+01 0.30749349E+02
0.60000000E+01 0.30771221E+02
0.20000000E+01 0.30800949E+02
0.40000000E+01 0.30811970E+02
0.80000000E+01 0.31147582E+02
0.60000000E+01 0.31147904E+02
0.10000000E+02 0.31319435E+02
0.80000000E+01 0.31319581E+02
0.20000000E+01 0.31366419E+02
0.40000000E+01 0.31367182E+02
0.40000000E+01 0.31373797E+02
0.60000000E+01 0.31374055E+02
0.20000000E+01 0.31465948E+02
0.40000000E+01 0.31466247E+02
0.40000000E+01 0.31533844E+02
0.60000000E+01 0.31540144E+02
0.80000000E+01 0.31551523E+02
0.10000000E+02 0.31565137E+02
0.20000000E+01 0.31596961E+02
0.40000000E+01 0.31601262E+02
0.60000000E+01 0.31603128E+02
0.40000000E+01 0.31613683E+02
0.80000000E+01 0.31618417E+02
0.60000000E+01 0.31628990E+02
0.40000000E+01 0.31633627E+02
0.20000000E+01 0.31636190E+02
0.40000000E+01 0.31637492E+02
0.20000000E+01 0.31650925E+02
0.60000000E+01 0.31653427E+02
0.80000000E+01 0.31673759E+02
0.20000000E+01 0.31693188E+02
0.60000000E+01 0.31701512E+02
0.80000000E+01 0.31701686E+02
0.60000000E+01 0.31709719E+02
0.80000000E+01 0.31710122E+02
0.40000000E+01 0.31716736E+02
0.60000000E+01 0.31716828E+02
0.10000000E+02 0.31718587E+02
0.80000000E+01 0.31718825E+02
0.40000000E+01 0.31720478E+02
0.60000000E+01 0.31727257E+02
0.40000000E+01 0.31729084E+02
0.20000000E+01 0.31729090E+02
0.22000000E+02 0.31737163E+02
0.10000000E+02 0.31737919E+02
0.40000000E+01 0.31750320E+02
0.60000000E+01 0.31750834E+02
0.80000000E+01 0.31755233E+02
0.60000000E+01 0.31755550E+02
0.10000000E+02 0.31756821E+02
0.80000000E+01 0.31757707E+02
0.20000000E+01 0.31950199E+02
0.40000000E+01 0.31963117E+02
0.60000000E+01 0.31983597E+02
0.20000000E+01 0.32038913E+02
0.40000000E+01 0.32063101E+02
0.60000000E+01 0.32147566E+02
0.40000000E+01 0.32147623E+02
0.20000000E+01 0.32320978E+02
0.20000000E+01 0.32348960E+02
0.40000000E+01 0.32354745E+02
0.60000000E+01 0.32365335E+02
0.80000000E+01 0.32382266E+02
0.20000000E+01 0.32386466E+02
0.40000000E+01 0.32392271E+02
0.60000000E+01 0.32404016E+02
0.40000000E+01 0.32436939E+02
0.40000000E+01 0.32446509E+02
0.60000000E+01 0.32467734E+02
0.20000000E+01 0.32519421E+02
0.40000000E+01 0.32529492E+02
0.60000000E+01 0.32883130E+02
0.40000000E+01 0.32883130E+02
0.60000000E+01 0.32909310E+02
0.40000000E+01 0.32913860E+02
0.80000000E+01 0.32927870E+02
0.60000000E+01 0.32934803E+02
0.80000000E+01 0.32934987E+02
0.10000000E+02 0.32942245E+02
0.80000000E+01 0.32942245E+02
0.60000000E+01 0.32944892E+02
0.80000000E+01 0.32945128E+02
0.10000000E+02 0.32950200E+02
0.80000000E+01 0.32950457E+02
0.40000000E+01 0.32950819E+02
0.60000000E+01 0.32950976E+02
0.80000000E+01 0.32954266E+02
0.10000000E+02 0.32954273E+02
0.10000000E+02 0.32956981E+02
0.22000000E+02 0.32956991E+02
0.60000000E+01 0.32957513E+02
0.80000000E+01 0.32957536E+02
0.60000000E+01 0.32961840E+02
0.20000000E+01 0.32966538E+02
0.40000000E+01 0.32966607E+02
0.22000000E+02 0.32970521E+02
0.10000000E+02 0.32971156E+02
0.40000000E+01 0.32974511E+02
0.60000000E+01 0.32975276E+02
0.60000000E+01 0.32977330E+02
0.40000000E+01 0.32977330E+02
0.80000000E+01 0.32978843E+02
0.22000000E+02 0.32978843E+02
0.24000000E+02 0.32978847E+02
0.60000000E+01 0.32978851E+02
0.10000000E+02 0.32979766E+02
0.80000000E+01 0.32980404E+02
0.60000000E+01 0.32980739E+02
0.80000000E+01 0.32980754E+02
0.10000000E+02 0.32982636E+02
0.80000000E+01 0.32982636E+02
0.22000000E+02 0.32982792E+02
0.10000000E+02 0.32982792E+02
0.60000000E+01 0.33051674E+02
0.80000000E+01 0.33052740E+02
0.40000000E+01 0.33057202E+02
0.60000000E+01 0.33059218E+02
0.20000000E+01 0.33066340E+02
0.40000000E+01 0.33079230E+02
0.60000000E+01 0.33100214E+02
0.20000000E+01 0.33116320E+02
0.40000000E+01 0.33140757E+02
0.20000000E+01 0.33160848E+02
0.40000000E+01 0.33164631E+02
0.40000000E+01 0.33199025E+02
0.60000000E+01 0.33199928E+02
0.80000000E+01 0.33201491E+02
0.20000000E+01 0.33273610E+02
0.40000000E+01 0.33285490E+02
0.60000000E+01 0.33295646E+02
0.80000000E+01 0.33313570E+02
0.60000000E+01 0.33324780E+02
0.80000000E+01 0.33608192E+02
0.10000000E+02 0.33608197E+02
0.10000000E+02 0.33621024E+02
0.80000000E+01 0.33621024E+02
0.10000000E+02 0.33622638E+02
0.22000000E+02 0.33622664E+02
0.60000000E+01 0.33623017E+02
0.80000000E+01 0.33623031E+02
0.60000000E+01 0.33644427E+02
0.40000000E+01 0.33644427E+02
0.22000000E+02 0.33645306E+02
0.24000000E+02 0.33645318E+02
0.80000000E+01 0.33646271E+02
0.60000000E+01 0.33646287E+02
0.80000000E+01 0.33647408E+02
0.10000000E+02 0.33647427E+02
0.10000000E+02 0.33647459E+02
0.22000000E+02 0.33647500E+02
0.40000000E+01 0.33814010E+02
0.60000000E+01 0.33821360E+02
0.80000000E+01 0.33843770E+02
0.60000000E+01 0.33850000E+02
0.60000000E+01 0.34063510E+02
0.80000000E+01 0.34068560E+02
0.40000000E+01 0.34085240E+02
0.60000000E+01 0.34086730E+02
0.40000000E+01 0.34171420E+02
0.10000000E+02 0.34200066E+02
0.80000000E+01 0.34200066E+02
0.80000000E+01 0.34204965E+02
0.60000000E+01 0.34204965E+02
0.40000000E+01 0.34217649E+02
0.20000000E+01 0.34219200E+02
0.40000000E+01 0.34227922E+02
0.60000000E+01 0.34227931E+02
0.60000000E+01 0.34228977E+02
0.10000000E+02 0.34233210E+02
0.22000000E+02 0.34233220E+02
0.40000000E+01 0.34252347E+02
0.20000000E+01 0.34252347E+02
0.40000000E+01 0.34485502E+02
0.60000000E+01 0.34485537E+02
0.20000000E+01 0.34990808E+02
