#-------------------------------------
#Species file for Opppp
#-------------------------------------
NAME = Opppp

#-------------------------------------
#Molecular mass [kg/mol]
MOLAR_MASS = 15.99885d-3

#-------------------------------------
#Number of atoms 
NB_ATOMS = 1

#-------------------------------------
#Chemical elements (symbols and quantities)
ELEM_NAME = em O
ELEM_QUANT = -4 1

#--------------------------------------
#Formation energy [J/mol]
EF = 17719296.455085911d0

#--------------------------------------
#Electric charge
CHARGE = 4

#--------------------------------------
#Nuclear charge (or atomic number)
NUCLEAR_CHARGE = 8

#--------------------------------------
#Ionization potential [eV]
IP = 113.8990d0

#--------------------------------------
#Thermal model for internal energy (e.g. RR, HO, EL, RR_HO,...)
#RR = Rigid-rotor
#HO = Harmomic oscillator
#EL = Electronic energy computed based on a Boltzmann distribution of electronic levels 
#NONE = pure State-to-State approach for internal energy levels
MODEL = EL

#--------------------------------------
#Electronic levels degeneracies and energies [eV]
NB_ELEC_LEVELS=  162
0.10000000E+01 0.00000000E+00
0.10000000E+01 0.10159580E+02
0.30000000E+01 0.10176450E+02
0.50000000E+01 0.10214480E+02
0.30000000E+01 0.19688410E+02
0.10000000E+01 0.26465980E+02
0.30000000E+01 0.26485280E+02
0.50000000E+01 0.26518610E+02
0.50000000E+01 0.28729790E+02
0.10000000E+01 0.35696330E+02
0.30000000E+01 0.67815970E+02
0.10000000E+01 0.69589400E+02
0.30000000E+01 0.72013110E+02
0.10000000E+01 0.72258780E+02
0.30000000E+01 0.72263330E+02
0.50000000E+01 0.72272910E+02
0.30000000E+01 0.74483370E+02
0.50000000E+01 0.74484610E+02
0.70000000E+01 0.74487130E+02
0.50000000E+01 0.75954650E+02
0.10000000E+01 0.80951510E+02
0.30000000E+01 0.80971610E+02
0.50000000E+01 0.81014160E+02
0.30000000E+01 0.82385750E+02
0.30000000E+01 0.83403400E+02
0.30000000E+01 0.83955990E+02
0.50000000E+01 0.83980510E+02
0.70000000E+01 0.84019750E+02
0.30000000E+01 0.84798110E+02
0.10000000E+01 0.85475140E+02
0.30000000E+01 0.85489300E+02
0.50000000E+01 0.85512950E+02
0.50000000E+01 0.85874680E+02
0.70000000E+01 0.85897420E+02
0.90000000E+01 0.85926600E+02
0.50000000E+01 0.86124850E+02
0.50000000E+01 0.86438090E+02
0.30000000E+01 0.87307440E+02
0.50000000E+01 0.87314880E+02
0.70000000E+01 0.87328020E+02
0.10000000E+01 0.87735620E+02
0.50000000E+01 0.87778480E+02
0.30000000E+01 0.87796320E+02
0.10000000E+01 0.87806230E+02
0.70000000E+01 0.88396210E+02
0.30000000E+01 0.89178720E+02
0.30000000E+01 0.89576100E+02
0.10000000E+01 0.90715580E+02
0.10000000E+01 0.91241410E+02
0.30000000E+01 0.91242700E+02
0.50000000E+01 0.91246060E+02
0.30000000E+01 0.91485560E+02
0.30000000E+01 0.92025960E+02
0.50000000E+01 0.92026540E+02
0.70000000E+01 0.92027100E+02
0.50000000E+01 0.92526290E+02
0.50000000E+01 0.92684040E+02
0.70000000E+01 0.92684040E+02
0.90000000E+01 0.92684040E+02
0.70000000E+01 0.92968370E+02
0.30000000E+01 0.98700220E+02
0.30000000E+01 0.99493100E+02
0.10000000E+01 0.99541830E+02
0.30000000E+01 0.99541830E+02
0.50000000E+01 0.99543810E+02
0.30000000E+01 0.99986610E+02
0.50000000E+01 0.99986860E+02
0.70000000E+01 0.99987230E+02
0.50000000E+01 0.10022291E+03
0.70000000E+01 0.10022695E+03
0.90000000E+01 0.10022695E+03
0.11000000E+02 0.10022741E+03
0.90000000E+01 0.10022741E+03
0.50000000E+01 0.10025523E+03
0.70000000E+01 0.10025535E+03
0.90000000E+01 0.10025562E+03
0.70000000E+01 0.10029290E+03
0.50000000E+01 0.10150152E+03
0.30000000E+01 0.10219794E+03
0.30000000E+01 0.10285692E+03
0.30000000E+01 0.10301438E+03
0.50000000E+01 0.10303446E+03
0.70000000E+01 0.10307228E+03
0.30000000E+01 0.10316378E+03
0.10000000E+01 0.10350635E+03
0.30000000E+01 0.10352333E+03
0.50000000E+01 0.10354441E+03
0.50000000E+01 0.10377254E+03
0.50000000E+01 0.10387805E+03
0.50000000E+01 0.10388078E+03
0.50000000E+01 0.10394525E+03
0.10000000E+01 0.10407618E+03
0.30000000E+01 0.10409912E+03
0.70000000E+01 0.10416243E+03
0.90000000E+01 0.10416773E+03
0.11000000E+02 0.10418287E+03
0.90000000E+01 0.10419448E+03
0.70000000E+01 0.10424858E+03
0.30000000E+01 0.10427480E+03
0.50000000E+01 0.10427480E+03
0.70000000E+01 0.10427517E+03
0.30000000E+01 0.10428336E+03
0.50000000E+01 0.10429489E+03
0.70000000E+01 0.10431014E+03
0.50000000E+01 0.10440548E+03
0.11000000E+02 0.10444097E+03
0.11000000E+02 0.10444097E+03
0.90000000E+01 0.10444097E+03
0.13000000E+02 0.10444097E+03
0.50000000E+01 0.10448239E+03
0.70000000E+01 0.10448437E+03
0.90000000E+01 0.10448673E+03
0.50000000E+01 0.10453244E+03
0.30000000E+01 0.10454571E+03
0.10000000E+01 0.10455215E+03
0.70000000E+01 0.10482636E+03
0.90000000E+01 0.10483443E+03
0.11000000E+02 0.10485427E+03
0.90000000E+01 0.10488351E+03
0.70000000E+01 0.10503148E+03
0.30000000E+01 0.10507165E+03
0.30000000E+01 0.10673477E+03
0.30000000E+01 0.10684685E+03
0.50000000E+01 0.10684871E+03
0.70000000E+01 0.10684909E+03
0.50000000E+01 0.10692633E+03
0.11000000E+02 0.10694954E+03
0.90000000E+01 0.10694954E+03
0.11000000E+02 0.10694954E+03
0.13000000E+02 0.10694954E+03
0.13000000E+02 0.10695502E+03
0.11000000E+02 0.10695502E+03
0.13000000E+02 0.10695502E+03
0.15000000E+02 0.10695502E+03
0.70000000E+01 0.10697230E+03
0.90000000E+01 0.10697276E+03
0.11000000E+02 0.10697307E+03
0.90000000E+01 0.10697365E+03
0.30000000E+01 0.10841761E+03
0.30000000E+01 0.10850626E+03
0.50000000E+01 0.10850886E+03
0.70000000E+01 0.10850923E+03
0.13000000E+02 0.10858219E+03
0.11000000E+02 0.10858219E+03
0.13000000E+02 0.10858219E+03
0.15000000E+02 0.10858219E+03
0.15000000E+02 0.10858360E+03
0.13000000E+02 0.10858360E+03
0.15000000E+02 0.10858360E+03
0.17000000E+02 0.10858360E+03
0.30000000E+01 0.11140972E+03
0.70000000E+01 0.11152242E+03
0.10000000E+01 0.11169216E+03
0.30000000E+01 0.11171261E+03
0.50000000E+01 0.11173022E+03
0.50000000E+01 0.11188855E+03
0.50000000E+01 0.11191942E+03
0.30000000E+01 0.11208506E+03
0.50000000E+01 0.11210440E+03
0.70000000E+01 0.11212114E+03
0.50000000E+01 0.11218177E+03
0.70000000E+01 0.11237965E+03
