# Percentage of O2 Contained in Each Group
7.9603493445e-01
1.6123361721e-01
3.3539621806e-02
7.1625649770e-03
1.5696671357e-03
3.5285248482e-04
8.1329154115e-05
1.9213023303e-05
4.6503294753e-06
1.1528439915e-06
2.9264340481e-07
7.6049625092e-08
2.0229441477e-08
5.5076960102e-09
1.5348331370e-09
4.3782512476e-10
1.2787075664e-10
3.8247003797e-11
1.1720543457e-11
3.6816101058e-12
1.1861332989e-12
3.9224263578e-13
1.3325445357e-13
4.6554397792e-14
1.6746099790e-14
6.2108419907e-15
2.3789445631e-15
9.4287611464e-16
3.8757591019e-16
1.6568490837e-16
7.3901161234e-17
3.4525198138e-17
1.6967031298e-17
8.7963987261e-18
4.8163742438e-18
2.7543367494e-18
1.5951125234e-18
9.6685806619e-19
6.7551545775e-19
4.6138623448e-19
2.9489959872e-19
1.8544138509e-19
9.0279708395e-20
2.9399137249e-20
1.8363223140e-21
