# Percentage of O2 Contained in Each Group
9.9931969040e-01
6.7979147954e-04
5.1767978893e-07
4.3993210703e-10
4.1604895512e-13
4.3682865961e-16
5.0821123170e-19
6.5416589060e-22
9.3061415294e-25
1.4621710126e-27
2.5366653649e-30
4.8599019919e-33
1.0287859006e-35
2.4077404005e-38
4.8201516765e-41
8.9367264364e-16
9.1062079755e-19
1.0321645499e-21
1.2978167853e-24
1.8061685015e-27
2.7774332099e-30
4.7135997250e-33
8.8223061826e-36
1.8207213729e-38
4.1500320563e-41
2.7557163855e-41
2.3208910011e-45
2.1774686761e-49
6.5473786071e-53
1.3365326337e-56
1.1823725796e-59
5.5670349592e-63
1.2593603085e-65
2.2199228853e-68
8.9242906273e-71
5.3829469955e-73
6.8462436616e-75
7.4969594925e-77
9.4708104264e-78
9.2652459679e-79
8.9367651230e-80
1.9879249865e-80
4.3030376153e-81
8.2619576412e-82
4.4427796493e-82
3.3896018620e-82
9.1005910996e-83
6.9087904715e-83
6.0930061921e-83
