# Percentage of O2 Contained in Each Group
9.9709215011e-01
2.8934856201e-03
1.4321034612e-05
4.3083454709e-08
1.4777066079e-10
4.7331324334e-13
1.5208751893e-15
3.9648286821e-18
1.0529458310e-20
3.3326835432e-23
9.5131227818e-26
2.2938532148e-28
5.7588150196e-31
1.7670574116e-33
4.7089496984e-36
1.3131722487e-38
3.2148480258e-41
8.4695683239e-44
1.8910752059e-46
5.6436319741e-49
1.6959409525e-51
4.4037336581e-54
1.1318510065e-56
3.3760898013e-59
8.1746418561e-62
2.2971914748e-64
5.6260357399e-67
1.4308429660e-69
4.1831506602e-72
1.0169481530e-74
2.8102506094e-77
8.0453239507e-80
2.2703010181e-82
5.3708664511e-86
1.9015579924e-89
5.0188742664e-93
1.5089697794e-96
3.9332491683e-100
1.0734314765e-103
3.7301477350e-107
6.2962839457e-111
3.3716518086e-114
9.3266449978e-118
2.1980930262e-121
4.9584385545e-125
1.1091914479e-128
3.0405885119e-132
1.0937852632e-135
1.0785653860e-139
