# Percentage of NO Contained in Each Group
9.9987010339e-01
1.2987710370e-04
1.9500738818e-08
3.3644456798e-12
6.6374602707e-16
1.4915005546e-19
3.8060240812e-23
1.1005053721e-26
3.6003223339e-30
1.3315487812e-33
5.5657903481e-37
2.6300320397e-40
1.4059576180e-43
8.5124826167e-47
5.8461614070e-50
4.5627317172e-53
4.0556423233e-56
4.1156678024e-59
4.7812205669e-62
6.3771910166e-65
9.7966770858e-68
1.7392023890e-70
3.5810698779e-73
8.5854945713e-76
2.4069589097e-78
7.9284789896e-81
3.0849690407e-83
1.4265149955e-85
7.8929039584e-88
5.2660161626e-90
4.2733361028e-92
4.2586201672e-94
5.2674941295e-96
8.1817954834e-98
1.6164699453e-99
4.1196512615e-101
1.3753921546e-102
6.1186803513e-104
3.6963057492e-105
3.0972620592e-106
3.6878215332e-107
6.4026566010e-108
1.6386151932e-108
5.7228632402e-109
1.9309227802e-109
8.2958111798e-111
