# Percentage of O2 Contained in Each Group
9.9808750683e-01
1.9085647706e-03
3.9212410824e-06
7.1388512660e-09
1.6210366859e-11
2.3008205201e-14
4.0167410277e-17
6.5807016342e-20
1.1043022319e-22
1.9507410205e-25
2.9162551888e-28
4.0851268714e-31
7.0778204675e-34
9.2443686779e-37
1.2419086963e-39
1.6885686157e-42
3.0375917743e-45
5.0261657256e-48
6.4944398250e-51
9.7082917432e-54
1.3645724483e-56
2.0796880742e-59
2.8998818879e-62
4.5543748678e-65
6.2502523591e-68
9.6302055990e-71
1.5720597098e-73
2.2284261674e-76
3.1382910093e-79
5.1029375835e-82
9.3665173784e-85
1.7006117641e-88
4.6101150652e-92
1.1168184704e-95
2.7202993872e-99
7.8400382212e-103
2.0198470436e-106
4.9091333734e-110
5.8440667008e-114
2.3281657791e-117
4.9449160624e-121
1.4619783135e-124
2.8525700014e-128
6.8751424145e-132
1.9960151862e-135
