# Percentage of N2 Contained in Each Group
9.9998727745e-01
1.2722360554e-05
1.8559952273e-10
3.1086071575e-15
5.9840533188e-20
1.3250919869e-24
3.3777015516e-29
9.9164201626e-34
3.3544058172e-38
1.3077427614e-42
5.8769154443e-47
3.0446880243e-51
1.8185687470e-55
1.2523674799e-59
9.9444419482e-64
9.1059362089e-68
9.6171922857e-72
1.1718649134e-75
1.6481396546e-79
2.6769565434e-83
5.0249873940e-87
1.0911128298e-90
2.7436124577e-94
7.9993733829e-98
2.7084438043e-101
1.0667359503e-104
4.8967054978e-108
2.6254243206e-111
1.6481241408e-114
1.2146503356e-117
1.0541582631e-120
1.0810634545e-123
1.3152068322e-126
1.9067017539e-129
3.3108648237e-132
6.9262938526e-135
1.7572105734e-137
5.4466066263e-140
2.0796618233e-142
9.8717314447e-145
5.8843328708e-147
4.4534198796e-149
4.3313167391e-151
5.4853146302e-153
9.1771657749e-155
2.0607990003e-156
6.3214114714e-158
2.7013333510e-159
1.6444728538e-160
1.4637824033e-161
1.9648354663e-162
4.0768205315e-163
1.2213091982e-163
3.4781872329e-164
