# Te [K]  der_Qff_DL [cm^5/K]  Qff_PL [cm^5/K]  Qff_KW [cm^5/K]
3.00000000e+02 1.44970076e-43 6.96764830e-44 5.64538750e-44
4.00000000e+02 1.34133024e-43 7.00492160e-44 5.63010098e-44
5.00000000e+02 1.25928452e-43 7.01431620e-44 5.61331012e-44
6.00000000e+02 1.19569055e-43 7.00327668e-44 5.59393841e-44
7.00000000e+02 1.14556743e-43 6.98140792e-44 5.57223287e-44
8.00000000e+02 1.10553277e-43 6.95586622e-44 5.54882773e-44
9.00000000e+02 1.07318181e-43 6.93091729e-44 5.52432389e-44
1.00000000e+03 1.04675866e-43 6.90868207e-44 5.49916718e-44
1.10000000e+03 1.02495892e-43 6.88992003e-44 5.47364829e-44
1.20000000e+03 1.00679978e-43 6.87460265e-44 5.44793954e-44
1.30000000e+03 9.91530612e-44 6.86228831e-44 5.42213290e-44
1.40000000e+03 9.78570404e-44 6.85235485e-44 5.39627085e-44
1.50000000e+03 9.67463692e-44 6.84413703e-44 5.37036880e-44
1.60000000e+03 9.57849431e-44 6.83700469e-44 5.34442900e-44
1.70000000e+03 9.49438540e-44 6.83040091e-44 5.31845063e-44
1.80000000e+03 9.41997949e-44 6.82385776e-44 5.29243417e-44
1.90000000e+03 9.35338818e-44 6.81699752e-44 5.26638380e-44
2.00000000e+03 9.29307293e-44 6.80952659e-44 5.24031117e-44
2.10000000e+03 9.23777891e-44 6.80122585e-44 5.21422900e-44
2.20000000e+03 9.18648113e-44 6.79193943e-44 5.18815622e-44
2.30000000e+03 9.13834212e-44 6.78156402e-44 5.16211407e-44
2.40000000e+03 9.09267802e-44 6.77003872e-44 5.13612557e-44
2.50000000e+03 9.04893104e-44 6.75733631e-44 5.11021446e-44
2.60000000e+03 9.00664711e-44 6.74345578e-44 5.08440442e-44
2.70000000e+03 8.96545751e-44 6.72841606e-44 5.05871841e-44
2.80000000e+03 8.92506378e-44 6.71225098e-44 5.03317817e-44
2.90000000e+03 8.88522537e-44 6.69500505e-44 5.00780376e-44
3.00000000e+03 8.84574941e-44 6.67673026e-44 4.98261349e-44
3.10000000e+03 8.80648225e-44 6.65748350e-44 4.95762375e-44
3.20000000e+03 8.76730261e-44 6.63732454e-44 4.93284886e-44
3.30000000e+03 8.72811578e-44 6.61631417e-44 4.90830119e-44
3.40000000e+03 8.68884891e-44 6.59451375e-44 4.88399122e-44
3.50000000e+03 8.64944713e-44 6.57198365e-44 4.85992760e-44
3.60000000e+03 8.60987029e-44 6.54878280e-44 4.83611726e-44
3.70000000e+03 8.57009031e-44 6.52496832e-44 4.81256557e-44
3.80000000e+03 8.53008899e-44 6.50059508e-44 4.78927645e-44
3.90000000e+03 8.48985614e-44 6.47571554e-44 4.76625249e-44
4.00000000e+03 8.44938812e-44 6.45037967e-44 4.74349509e-44
4.10000000e+03 8.40868656e-44 6.42463477e-44 4.72100458e-44
4.20000000e+03 8.36775732e-44 6.39852554e-44 4.69878039e-44
4.30000000e+03 8.32660958e-44 6.37209380e-44 4.67682116e-44
4.40000000e+03 8.28525522e-44 6.34537994e-44 4.65512614e-44
4.50000000e+03 8.24370814e-44 6.31842018e-44 4.63368801e-44
4.60000000e+03 8.20198380e-44 6.29124951e-44 4.61250801e-44
4.70000000e+03 8.16009880e-44 6.26390089e-44 4.59158080e-44
4.80000000e+03 8.11807055e-44 6.23640277e-44 4.57090227e-44
4.90000000e+03 8.07591697e-44 6.20878495e-44 4.55046776e-44
5.00000000e+03 8.03365733e-44 6.18107303e-44 4.53027263e-44
5.10000000e+03 7.99130679e-44 6.15329120e-44 4.51031185e-44
5.20000000e+03 7.94888672e-44 6.12546190e-44 4.49058107e-44
5.30000000e+03 7.90641413e-44 6.09760589e-44 4.47107270e-44
5.40000000e+03 7.86390669e-44 6.06974235e-44 4.45178370e-44
5.50000000e+03 7.82138199e-44 6.04188898e-44 4.43270792e-44
5.60000000e+03 7.77885670e-44 6.01406206e-44 4.41383995e-44
5.70000000e+03 7.73634729e-44 5.98627599e-44 4.39517441e-44
5.80000000e+03 7.69386970e-44 5.95854622e-44 4.37670591e-44
5.90000000e+03 7.65143912e-44 5.93088367e-44 4.35842916e-44
6.00000000e+03 7.60907029e-44 5.90330036e-44 4.34033889e-44
6.10000000e+03 7.56677728e-44 5.87580684e-44 4.32242994e-44
6.20000000e+03 7.52457354e-44 5.84841311e-44 4.30469725e-44
6.30000000e+03 7.48247193e-44 5.82112648e-44 4.28713583e-44
6.40000000e+03 7.44048463e-44 5.79395621e-44 4.26974085e-44
6.50000000e+03 7.39862328e-44 5.76690894e-44 4.25250757e-44
6.60000000e+03 7.35689884e-44 5.73999106e-44 4.23543137e-44
6.70000000e+03 7.31532172e-44 5.71320833e-44 4.21850778e-44
6.80000000e+03 7.27390172e-44 5.68656653e-44 4.20173243e-44
6.90000000e+03 7.23264807e-44 5.66006826e-44 4.18510111e-44
7.00000000e+03 7.19156946e-44 5.63371950e-44 4.16860974e-44
7.10000000e+03 7.15067402e-44 5.60752317e-44 4.15225437e-44
7.20000000e+03 7.10996936e-44 5.58148234e-44 4.13603119e-44
7.30000000e+03 7.06946259e-44 5.55559970e-44 4.11993651e-44
7.40000000e+03 7.02916057e-44 5.52987754e-44 4.10396678e-44
7.50000000e+03 6.98906873e-44 5.50431779e-44 4.08811858e-44
7.60000000e+03 6.94919347e-44 5.47892207e-44 4.07238864e-44
7.70000000e+03 6.90953982e-44 5.45369167e-44 4.05677376e-44
7.80000000e+03 6.87011261e-44 5.42862762e-44 4.04127093e-44
7.90000000e+03 6.83091628e-44 5.40373069e-44 4.02587720e-44
8.00000000e+03 6.79195490e-44 5.37900142e-44 4.01058978e-44
8.10000000e+03 6.75323215e-44 5.35444014e-44 3.99540596e-44
8.20000000e+03 6.71475138e-44 5.33004695e-44 3.98032318e-44
8.30000000e+03 6.67651560e-44 5.30582181e-44 3.96533895e-44
8.40000000e+03 6.63852751e-44 5.28176449e-44 3.95045090e-44
8.50000000e+03 6.60078950e-44 5.25787463e-44 3.93565675e-44
8.60000000e+03 6.56330369e-44 5.23415173e-44 3.92095433e-44
8.70000000e+03 6.52607189e-44 5.21059516e-44 3.90634258e-44
8.80000000e+03 6.48909570e-44 5.18720417e-44 3.89181644e-44
8.90000000e+03 6.45237644e-44 5.16397792e-44 3.87737705e-44
9.00000000e+03 6.41591522e-44 5.14091549e-44 3.86302158e-44
9.10000000e+03 6.37971293e-44 5.11801586e-44 3.84874828e-44
9.20000000e+03 6.34377024e-44 5.09527795e-44 3.83455523e-44
9.30000000e+03 6.30808763e-44 5.07270062e-44 3.82044156e-44
9.40000000e+03 6.27266540e-44 5.05028265e-44 3.80640502e-44
9.50000000e+03 6.23750367e-44 5.02802302e-44 3.79244566e-44
9.60000000e+03 6.20260270e-44 5.00591975e-44 3.77855827e-44
9.70000000e+03 6.16796142e-44 4.98397218e-44 3.76474533e-44
9.80000000e+03 6.13358037e-44 4.96217872e-44 3.75100430e-44
9.90000000e+03 6.09945877e-44 4.94053797e-44 3.73733394e-44
1.00000000e+04 6.06559605e-44 4.91904850e-44 3.72373327e-44
1.01000000e+04 6.03199147e-44 4.89770888e-44 3.71020064e-44
1.02000000e+04 5.99864420e-44 4.87651764e-44 3.69673553e-44
1.03000000e+04 5.96555332e-44 4.85547332e-44 3.68333671e-44
1.04000000e+04 5.93271780e-44 4.83457445e-44 3.67000324e-44
1.05000000e+04 5.90013651e-44 4.81381953e-44 3.65673415e-44
1.06000000e+04 5.86780825e-44 4.79320709e-44 3.64352857e-44
1.07000000e+04 5.83573175e-44 4.77273562e-44 3.63038563e-44
1.08000000e+04 5.80390564e-44 4.75240366e-44 3.61730451e-44
1.09000000e+04 5.77232852e-44 4.73220952e-44 3.60428442e-44
1.10000000e+04 5.74099890e-44 4.71215229e-44 3.59132462e-44
1.11000000e+04 5.70991523e-44 4.69222994e-44 3.57842438e-44
1.12000000e+04 5.67907594e-44 4.67244118e-44 3.56558300e-44
1.13000000e+04 5.64847940e-44 4.65278457e-44 3.55279983e-44
1.14000000e+04 5.61812390e-44 4.63325866e-44 3.54007368e-44
1.15000000e+04 5.58800775e-44 4.61386202e-44 3.52740556e-44
1.16000000e+04 5.55812918e-44 4.59459323e-44 3.51479327e-44
1.17000000e+04 5.52848638e-44 4.57545088e-44 3.50223676e-44
1.18000000e+04 5.49907763e-44 4.55643358e-44 3.48973552e-44
1.19000000e+04 5.46990099e-44 4.53754040e-44 3.47728900e-44
1.20000000e+04 5.44095462e-44 4.51876863e-44 3.46489671e-44
1.21000000e+04 5.41223665e-44 4.50011827e-44 3.45255816e-44
1.22000000e+04 5.38374518e-44 4.48158754e-44 3.44027288e-44
1.23000000e+04 5.35547829e-44 4.46317512e-44 3.42804042e-44
1.24000000e+04 5.32743404e-44 4.44487973e-44 3.41586035e-44
1.25000000e+04 5.29961051e-44 4.42670007e-44 3.40373224e-44
1.26000000e+04 5.27200574e-44 4.40863489e-44 3.39165569e-44
1.27000000e+04 5.24461778e-44 4.39068293e-44 3.37963030e-44
1.28000000e+04 5.21744467e-44 4.37284297e-44 3.36765570e-44
1.29000000e+04 5.19048446e-44 4.35511380e-44 3.35573151e-44
1.30000000e+04 5.16373518e-44 4.33749422e-44 3.34385738e-44
1.31000000e+04 5.13719529e-44 4.31998305e-44 3.33203296e-44
1.32000000e+04 5.11086157e-44 4.30257914e-44 3.32025792e-44
1.33000000e+04 5.08473332e-44 4.28528133e-44 3.30853273e-44
1.34000000e+04 5.05880817e-44 4.26808884e-44 3.29685467e-44
1.35000000e+04 5.03308418e-44 4.25099957e-44 3.28522549e-44
1.36000000e+04 5.00755940e-44 4.23401342e-44 3.27364512e-44
1.37000000e+04 4.98223190e-44 4.21712897e-44 3.26211223e-44
1.38000000e+04 4.95709976e-44 4.20034518e-44 3.25062690e-44
1.39000000e+04 4.93216105e-44 4.18366100e-44 3.23918883e-44
1.40000000e+04 4.90741388e-44 4.16707539e-44 3.22779775e-44
1.41000000e+04 4.88285634e-44 4.15058737e-44 3.21645340e-44
1.42000000e+04 4.85848656e-44 4.13419592e-44 3.20515552e-44
1.43000000e+04 4.83430279e-44 4.11790008e-44 3.19390386e-44
1.44000000e+04 4.81030277e-44 4.10169887e-44 3.18269817e-44
1.45000000e+04 4.78648553e-44 4.08559123e-44 3.17153819e-44
1.46000000e+04 4.76284770e-44 4.06957660e-44 3.16042371e-44
1.47000000e+04 4.73938891e-44 4.05365368e-44 3.14935447e-44
1.48000000e+04 4.71610673e-44 4.03782170e-44 3.13833025e-44
1.49000000e+04 4.69299953e-44 4.02207977e-44 3.12735055e-44
1.50000000e+04 4.67006549e-44 4.00642710e-44 3.11641596e-44
1.51000000e+04 4.64730276e-44 3.99086255e-44 3.10552546e-44
1.52000000e+04 4.62471014e-44 3.97538556e-44 3.09467908e-44
1.53000000e+04 4.60228474e-44 3.95999521e-44 3.08387664e-44
1.54000000e+04 4.58002554e-44 3.94469013e-44 3.07311790e-44
1.55000000e+04 4.55793150e-44 3.92947091e-44 3.06240268e-44
1.56000000e+04 4.53599997e-44 3.91433574e-44 3.05173076e-44
1.57000000e+04 4.51422960e-44 3.89928380e-44 3.04110194e-44
1.58000000e+04 4.49261876e-44 3.88431451e-44 3.03051603e-44
1.59000000e+04 4.47116581e-44 3.86942774e-44 3.01997283e-44
1.60000000e+04 4.44986914e-44 3.85462065e-44 3.00947214e-44
1.61000000e+04 4.42872701e-44 3.83989498e-44 2.99901378e-44
1.62000000e+04 4.40773825e-44 3.82524879e-44 2.98859755e-44
1.63000000e+04 4.38690090e-44 3.81068157e-44 2.97822327e-44
1.64000000e+04 4.36621343e-44 3.79619261e-44 2.96789074e-44
1.65000000e+04 4.34567463e-44 3.78178121e-44 2.95759980e-44
1.66000000e+04 4.32528268e-44 3.76744669e-44 2.94735025e-44
1.67000000e+04 4.30503618e-44 3.75318770e-44 2.93714191e-44
1.68000000e+04 4.28493352e-44 3.73900564e-44 2.92697460e-44
1.69000000e+04 4.26497363e-44 3.72489778e-44 2.91684815e-44
1.70000000e+04 4.24515467e-44 3.71086436e-44 2.90676238e-44
1.71000000e+04 4.22547535e-44 3.69690425e-44 2.89671711e-44
1.72000000e+04 4.20593424e-44 3.68301722e-44 2.88671218e-44
1.73000000e+04 4.18652997e-44 3.66920262e-44 2.87674740e-44
1.74000000e+04 4.16726113e-44 3.65545979e-44 2.86682261e-44
1.75000000e+04 4.14812637e-44 3.64178814e-44 2.85693762e-44
1.76000000e+04 4.12912426e-44 3.62818708e-44 2.84709229e-44
1.77000000e+04 4.11025370e-44 3.61465603e-44 2.83728643e-44
1.78000000e+04 4.09151314e-44 3.60119453e-44 2.82751988e-44
1.79000000e+04 4.07290135e-44 3.58780168e-44 2.81779247e-44
1.80000000e+04 4.05441706e-44 3.57447725e-44 2.80810404e-44
1.81000000e+04 4.03605899e-44 3.56122058e-44 2.79845442e-44
1.82000000e+04 4.01782587e-44 3.54803115e-44 2.78884345e-44
1.83000000e+04 3.99971649e-44 3.53490840e-44 2.77927097e-44
1.84000000e+04 3.98172960e-44 3.52185181e-44 2.76973680e-44
1.85000000e+04 3.96386399e-44 3.50886087e-44 2.76024080e-44
1.86000000e+04 3.94611847e-44 3.49593506e-44 2.75078280e-44
1.87000000e+04 3.92849180e-44 3.48307387e-44 2.74136263e-44
1.88000000e+04 3.91098329e-44 3.47027681e-44 2.73198015e-44
1.89000000e+04 3.89359073e-44 3.45754339e-44 2.72263518e-44
1.90000000e+04 3.87631407e-44 3.44487311e-44 2.71332758e-44
1.91000000e+04 3.85915106e-44 3.43226549e-44 2.70405719e-44
1.92000000e+04 3.84210211e-44 3.41972018e-44 2.69482384e-44
1.93000000e+04 3.82516470e-44 3.40723638e-44 2.68562740e-44
1.94000000e+04 3.80833879e-44 3.39481395e-44 2.67646768e-44
1.95000000e+04 3.79162260e-44 3.38245232e-44 2.66734455e-44
1.96000000e+04 3.77501543e-44 3.37015106e-44 2.65825784e-44
1.97000000e+04 3.75851585e-44 3.35790970e-44 2.64920740e-44
1.98000000e+04 3.74212328e-44 3.34572782e-44 2.64019309e-44
1.99000000e+04 3.72583647e-44 3.33360498e-44 2.63121474e-44
2.00000000e+04 3.70965447e-44 3.32154076e-44 2.62227221e-44
2.01000000e+04 3.69357626e-44 3.30953472e-44 2.61336534e-44
2.02000000e+04 3.67760087e-44 3.29758628e-44 2.60449399e-44
2.03000000e+04 3.66172734e-44 3.28569553e-44 2.59565799e-44
2.04000000e+04 3.64595469e-44 3.27386157e-44 2.58685704e-44
2.05000000e+04 3.63028198e-44 3.26208415e-44 2.57809149e-44
2.06000000e+04 3.61470828e-44 3.25036287e-44 2.56936068e-44
2.07000000e+04 3.59923266e-44 3.23869730e-44 2.56066463e-44
2.08000000e+04 3.58385421e-44 3.22708812e-44 2.55200320e-44
2.09000000e+04 3.56857203e-44 3.21553201e-44 2.54337624e-44
2.10000000e+04 3.55338522e-44 3.20403143e-44 2.53478359e-44
2.11000000e+04 3.53829292e-44 3.19258506e-44 2.52622513e-44
2.12000000e+04 3.52329424e-44 3.18119255e-44 2.51770069e-44
2.13000000e+04 3.50838833e-44 3.16985351e-44 2.50921013e-44
2.14000000e+04 3.49357434e-44 3.15856760e-44 2.50075331e-44
2.15000000e+04 3.47885144e-44 3.14733444e-44 2.49233008e-44
2.16000000e+04 3.46421868e-44 3.13615368e-44 2.48394031e-44
2.17000000e+04 3.44967564e-44 3.12502497e-44 2.47558383e-44
2.18000000e+04 3.43522100e-44 3.11394796e-44 2.46726107e-44
2.19000000e+04 3.42085425e-44 3.10292231e-44 2.45897069e-44
2.20000000e+04 3.40657455e-44 3.09194767e-44 2.45071281e-44
2.21000000e+04 3.39238110e-44 3.08102371e-44 2.44248813e-44
2.22000000e+04 3.37827316e-44 3.07015009e-44 2.43429605e-44
2.23000000e+04 3.36424994e-44 3.05932649e-44 2.42613641e-44
2.24000000e+04 3.35031071e-44 3.04855258e-44 2.41800909e-44
2.25000000e+04 3.33645472e-44 3.03782803e-44 2.40991394e-44
2.26000000e+04 3.32268123e-44 3.02715253e-44 2.40185083e-44
2.27000000e+04 3.30898953e-44 3.01652575e-44 2.39381961e-44
2.28000000e+04 3.29537888e-44 3.00594739e-44 2.38582015e-44
2.29000000e+04 3.28184860e-44 2.99541713e-44 2.37785231e-44
2.30000000e+04 3.26839797e-44 2.98493467e-44 2.36991536e-44
2.31000000e+04 3.25502631e-44 2.97449970e-44 2.36201092e-44
2.32000000e+04 3.24173293e-44 2.96411193e-44 2.35413711e-44
2.33000000e+04 3.22851716e-44 2.95377104e-44 2.34629438e-44
2.34000000e+04 3.21537833e-44 2.94347676e-44 2.33848258e-44
2.35000000e+04 3.20231578e-44 2.93322878e-44 2.33070158e-44
2.36000000e+04 3.18932886e-44 2.92302681e-44 2.32295125e-44
2.37000000e+04 3.17641692e-44 2.91287058e-44 2.31523145e-44
2.38000000e+04 3.16357933e-44 2.90275979e-44 2.30754205e-44
2.39000000e+04 3.15081546e-44 2.89269434e-44 2.29988292e-44
2.40000000e+04 3.13812469e-44 2.88267342e-44 2.29225393e-44
2.41000000e+04 3.12550628e-44 2.87269774e-44 2.28465493e-44
2.42000000e+04 3.11295998e-44 2.86276550e-44 2.27708582e-44
2.43000000e+04 3.10048484e-44 2.85287792e-44 2.26954644e-44
2.44000000e+04 3.08808038e-44 2.84303384e-44 2.26203667e-44
2.45000000e+04 3.07574601e-44 2.83323344e-44 2.25455638e-44
2.46000000e+04 3.06348115e-44 2.82347650e-44 2.24710544e-44
2.47000000e+04 3.05128547e-44 2.81376218e-44 2.23968373e-44
2.48000000e+04 3.03915769e-44 2.80409080e-44 2.23229121e-44
2.49000000e+04 3.02709795e-44 2.79446192e-44 2.22492745e-44
2.50000000e+04 3.01510547e-44 2.78487527e-44 2.21759264e-44
2.51000000e+04 3.00317969e-44 2.77533060e-44 2.21028653e-44
2.52000000e+04 2.99132004e-44 2.76582767e-44 2.20300901e-44
2.53000000e+04 2.97952610e-44 2.75636624e-44 2.19575995e-44
2.54000000e+04 2.96779722e-44 2.74694598e-44 2.18853923e-44
2.55000000e+04 2.95613291e-44 2.73756685e-44 2.18134671e-44
2.56000000e+04 2.94453267e-44 2.72822841e-44 2.17418228e-44
2.57000000e+04 2.93299596e-44 2.71893050e-44 2.16704581e-44
2.58000000e+04 2.92152229e-44 2.70967287e-44 2.15993718e-44
2.59000000e+04 2.91011116e-44 2.70045529e-44 2.15285627e-44
2.60000000e+04 2.89876207e-44 2.69127753e-44 2.14580295e-44
2.61000000e+04 2.88747453e-44 2.68213935e-44 2.13877709e-44
2.62000000e+04 2.87624805e-44 2.67304053e-44 2.13177859e-44
2.63000000e+04 2.86508221e-44 2.66398084e-44 2.12480751e-44
2.64000000e+04 2.85397638e-44 2.65496006e-44 2.11786316e-44
2.65000000e+04 2.84293031e-44 2.64597796e-44 2.11094599e-44
2.66000000e+04 2.83194306e-44 2.63703398e-44 2.10405568e-44
2.67000000e+04 2.82101503e-44 2.62812893e-44 2.09719213e-44
2.68000000e+04 2.81014505e-44 2.61926156e-44 2.09035521e-44
2.69000000e+04 2.79933288e-44 2.61043199e-44 2.08354481e-44
2.70000000e+04 2.78857808e-44 2.60164003e-44 2.07676081e-44
2.71000000e+04 2.77788021e-44 2.59288544e-44 2.07000309e-44
2.72000000e+04 2.76723884e-44 2.58416803e-44 2.06327120e-44
2.73000000e+04 2.75665354e-44 2.57548758e-44 2.05656586e-44
2.74000000e+04 2.74612386e-44 2.56684389e-44 2.04988638e-44
2.75000000e+04 2.73564941e-44 2.55823675e-44 2.04323270e-44
2.76000000e+04 2.72522976e-44 2.54966595e-44 2.03660466e-44
2.77000000e+04 2.71486450e-44 2.54113130e-44 2.03000221e-44
2.78000000e+04 2.70455321e-44 2.53263260e-44 2.02342524e-44
2.79000000e+04 2.69429550e-44 2.52416963e-44 2.01687364e-44
2.80000000e+04 2.68409097e-44 2.51574222e-44 2.01034729e-44
2.81000000e+04 2.67393921e-44 2.50735016e-44 2.00384609e-44
2.82000000e+04 2.66383985e-44 2.49899326e-44 1.99736991e-44
2.83000000e+04 2.65379248e-44 2.49067132e-44 1.99091884e-44
2.84000000e+04 2.64379674e-44 2.48238415e-44 1.98449223e-44
2.85000000e+04 2.63385231e-44 2.47413157e-44 1.97809050e-44
2.86000000e+04 2.62395858e-44 2.46591338e-44 1.97171336e-44
2.87000000e+04 2.61411543e-44 2.45772940e-44 1.96536070e-44
2.88000000e+04 2.60432240e-44 2.44957944e-44 1.95903242e-44
2.89000000e+04 2.59457912e-44 2.44146332e-44 1.95272841e-44
2.90000000e+04 2.58488525e-44 2.43338085e-44 1.94644857e-44
2.91000000e+04 2.57524041e-44 2.42533186e-44 1.94019278e-44
2.92000000e+04 2.56564427e-44 2.41731632e-44 1.93396094e-44
2.93000000e+04 2.55609610e-44 2.40933358e-44 1.92775295e-44
2.94000000e+04 2.54659665e-44 2.40138394e-44 1.92156870e-44
2.95000000e+04 2.53714448e-44 2.39346675e-44 1.91540808e-44
2.96000000e+04 2.52773962e-44 2.38558276e-44 1.90927099e-44
2.97000000e+04 2.51838174e-44 2.37773088e-44 1.90315733e-44
2.98000000e+04 2.50907050e-44 2.36991124e-44 1.89706699e-44
2.99000000e+04 2.49980557e-44 2.36212366e-44 1.89099988e-44
3.00000000e+04 2.49058661e-44 2.35436800e-44 1.88495588e-44
3.01000000e+04 2.48141335e-44 2.34664406e-44 1.87893491e-44
3.02000000e+04 2.47228542e-44 2.33895169e-44 1.87293685e-44
3.03000000e+04 2.46320251e-44 2.33129072e-44 1.86696160e-44
3.04000000e+04 2.45416432e-44 2.32366098e-44 1.86100908e-44
3.05000000e+04 2.44517052e-44 2.31606232e-44 1.85507917e-44
3.06000000e+04 2.43622083e-44 2.30849456e-44 1.84917193e-44
3.07000000e+04 2.42731493e-44 2.30095755e-44 1.84328680e-44
3.08000000e+04 2.41845251e-44 2.29345113e-44 1.83742433e-44
3.09000000e+04 2.40963329e-44 2.28597514e-44 1.83158372e-44
3.10000000e+04 2.40085696e-44 2.27852941e-44 1.82576541e-44
3.11000000e+04 2.39212324e-44 2.27111380e-44 1.81996914e-44
3.12000000e+04 2.38343183e-44 2.26372815e-44 1.81419468e-44
3.13000000e+04 2.37478244e-44 2.25637231e-44 1.80844228e-44
3.14000000e+04 2.36617480e-44 2.24904611e-44 1.80271151e-44
3.15000000e+04 2.35760861e-44 2.24174942e-44 1.79700239e-44
3.16000000e+04 2.34908344e-44 2.23448207e-44 1.79131482e-44
3.17000000e+04 2.34059951e-44 2.22724392e-44 1.78564880e-44
3.18000000e+04 2.33215603e-44 2.22003481e-44 1.78000396e-44
3.19000000e+04 2.32375291e-44 2.21285461e-44 1.77438048e-44
3.20000000e+04 2.31538989e-44 2.20570315e-44 1.76877817e-44
3.21000000e+04 2.30706668e-44 2.19858030e-44 1.76319695e-44
3.22000000e+04 2.29878303e-44 2.19148592e-44 1.75763673e-44
3.23000000e+04 2.29053868e-44 2.18441985e-44 1.75209741e-44
3.24000000e+04 2.28233337e-44 2.17738195e-44 1.74657890e-44
3.25000000e+04 2.27416684e-44 2.17037209e-44 1.74108111e-44
3.26000000e+04 2.26603883e-44 2.16339012e-44 1.73560412e-44
3.27000000e+04 2.25794910e-44 2.15643590e-44 1.73014733e-44
3.28000000e+04 2.24989740e-44 2.14950928e-44 1.72471117e-44
3.29000000e+04 2.24188347e-44 2.14261015e-44 1.71929537e-44
3.30000000e+04 2.23390707e-44 2.13573834e-44 1.71389984e-44
3.31000000e+04 2.22596797e-44 2.12889374e-44 1.70852450e-44
3.32000000e+04 2.21806584e-44 2.12207620e-44 1.70316926e-44
3.33000000e+04 2.21020067e-44 2.11528558e-44 1.69783403e-44
3.34000000e+04 2.20237199e-44 2.10852177e-44 1.69251873e-44
3.35000000e+04 2.19457966e-44 2.10178461e-44 1.68722327e-44
3.36000000e+04 2.18682343e-44 2.09507398e-44 1.68194757e-44
3.37000000e+04 2.17910317e-44 2.08838968e-44 1.67669122e-44
3.38000000e+04 2.17141838e-44 2.08173179e-44 1.67145521e-44
3.39000000e+04 2.16376900e-44 2.07509997e-44 1.66623812e-44
3.40000000e+04 2.15615502e-44 2.06849427e-44 1.66104066e-44
3.41000000e+04 2.14857591e-44 2.06191423e-44 1.65586237e-44
3.42000000e+04 2.14103157e-44 2.05536006e-44 1.65070351e-44
3.43000000e+04 2.13352175e-44 2.04883152e-44 1.64556348e-44
3.44000000e+04 2.12604642e-44 2.04232848e-44 1.64044292e-44
3.45000000e+04 2.11860488e-44 2.03585082e-44 1.63534121e-44
3.46000000e+04 2.11119739e-44 2.02939842e-44 1.63025843e-44
3.47000000e+04 2.10382359e-44 2.02297114e-44 1.62519448e-44
3.48000000e+04 2.09648326e-44 2.01656888e-44 1.62014929e-44
3.49000000e+04 2.08917620e-44 2.01019151e-44 1.61512278e-44
3.50000000e+04 2.08190220e-44 2.00383891e-44 1.61011486e-44
3.51000000e+04 2.07466106e-44 1.99751096e-44 1.60512546e-44
3.52000000e+04 2.06745257e-44 1.99120754e-44 1.60015450e-44
3.53000000e+04 2.06027654e-44 1.98492853e-44 1.59520191e-44
3.54000000e+04 2.05313277e-44 1.97867382e-44 1.59026759e-44
3.55000000e+04 2.04602106e-44 1.97244328e-44 1.58535132e-44
3.56000000e+04 2.03894121e-44 1.96623680e-44 1.58045342e-44
3.57000000e+04 2.03189304e-44 1.96005428e-44 1.57557354e-44
3.58000000e+04 2.02487635e-44 1.95389558e-44 1.57071157e-44
3.59000000e+04 2.01789095e-44 1.94776060e-44 1.56586749e-44
3.60000000e+04 2.01093665e-44 1.94164922e-44 1.56104123e-44
3.61000000e+04 2.00401327e-44 1.93556134e-44 1.55623272e-44
3.62000000e+04 1.99712062e-44 1.92949684e-44 1.55144187e-44
3.63000000e+04 1.99025851e-44 1.92345530e-44 1.54666861e-44
3.64000000e+04 1.98342676e-44 1.91743754e-44 1.54191287e-44
3.65000000e+04 1.97662520e-44 1.91144251e-44 1.53717458e-44
3.66000000e+04 1.96985363e-44 1.90547043e-44 1.53245365e-44
3.67000000e+04 1.96311190e-44 1.89952118e-44 1.52775001e-44
3.68000000e+04 1.95639981e-44 1.89359465e-44 1.52306349e-44
3.69000000e+04 1.94971724e-44 1.88769074e-44 1.51839425e-44
3.70000000e+04 1.94306388e-44 1.88180934e-44 1.51374216e-44
3.71000000e+04 1.93643968e-44 1.87595035e-44 1.50910670e-44
3.72000000e+04 1.92984444e-44 1.87011366e-44 1.50448872e-44
3.73000000e+04 1.92327800e-44 1.86429916e-44 1.49988734e-44
3.74000000e+04 1.91674017e-44 1.85850681e-44 1.49530274e-44
3.75000000e+04 1.91023079e-44 1.85273634e-44 1.49073486e-44
3.76000000e+04 1.90374970e-44 1.84698780e-44 1.48618308e-44
3.77000000e+04 1.89729673e-44 1.84126106e-44 1.48164897e-44
3.78000000e+04 1.89087172e-44 1.83555599e-44 1.47713083e-44
3.79000000e+04 1.88447451e-44 1.82987251e-44 1.47262912e-44
3.80000000e+04 1.87810493e-44 1.82421051e-44 1.46814378e-44
3.81000000e+04 1.87176284e-44 1.81856989e-44 1.46367475e-44
3.82000000e+04 1.86544806e-44 1.81295055e-44 1.45922195e-44
3.83000000e+04 1.85916045e-44 1.80735240e-44 1.45478531e-44
3.84000000e+04 1.85289985e-44 1.80177533e-44 1.45036476e-44
3.85000000e+04 1.84666603e-44 1.79621926e-44 1.44596025e-44
3.86000000e+04 1.84045906e-44 1.79068407e-44 1.44157170e-44
3.87000000e+04 1.83427856e-44 1.78516969e-44 1.43719904e-44
3.88000000e+04 1.82812447e-44 1.77967601e-44 1.43284209e-44
3.89000000e+04 1.82199662e-44 1.77420293e-44 1.42850115e-44
3.90000000e+04 1.81589488e-44 1.76875036e-44 1.42417578e-44
3.91000000e+04 1.80981910e-44 1.76331821e-44 1.41986605e-44
3.92000000e+04 1.80376912e-44 1.75790639e-44 1.41557187e-44
3.93000000e+04 1.79774481e-44 1.75251480e-44 1.41129320e-44
3.94000000e+04 1.79174602e-44 1.74714335e-44 1.40702996e-44
3.95000000e+04 1.78577261e-44 1.74179195e-44 1.40278210e-44
3.96000000e+04 1.77982444e-44 1.73646050e-44 1.39854954e-44
3.97000000e+04 1.77390136e-44 1.73114892e-44 1.39433223e-44
3.98000000e+04 1.76800324e-44 1.72585712e-44 1.39013010e-44
3.99000000e+04 1.76212994e-44 1.72058500e-44 1.38594309e-44
4.00000000e+04 1.75628133e-44 1.71533248e-44 1.38177113e-44
4.01000000e+04 1.75045725e-44 1.71009947e-44 1.37761416e-44
4.02000000e+04 1.74465762e-44 1.70488588e-44 1.37347213e-44
4.03000000e+04 1.73888228e-44 1.69969163e-44 1.36934496e-44
4.04000000e+04 1.73313097e-44 1.69451662e-44 1.36523193e-44
4.05000000e+04 1.72740374e-44 1.68936094e-44 1.36113498e-44
4.06000000e+04 1.72170010e-44 1.68422399e-44 1.35705184e-44
4.07000000e+04 1.71602078e-44 1.67910620e-44 1.35298374e-44
4.08000000e+04 1.71036480e-44 1.67400731e-44 1.34892992e-44
4.09000000e+04 1.70473231e-44 1.66892724e-44 1.34489075e-44
4.10000000e+04 1.69912315e-44 1.66386590e-44 1.34086595e-44
4.11000000e+04 1.69353730e-44 1.65882322e-44 1.33685553e-44
4.12000000e+04 1.68797453e-44 1.65379910e-44 1.33285943e-44
4.13000000e+04 1.68243474e-44 1.64879347e-44 1.32887761e-44
4.14000000e+04 1.67691802e-44 1.64380623e-44 1.32490998e-44
4.15000000e+04 1.67142363e-44 1.63883732e-44 1.32095651e-44
4.16000000e+04 1.66595207e-44 1.63388664e-44 1.31701712e-44
4.17000000e+04 1.66050304e-44 1.62895413e-44 1.31309177e-44
4.18000000e+04 1.65507631e-44 1.62403968e-44 1.30918039e-44
4.19000000e+04 1.64967189e-44 1.61914324e-44 1.30528292e-44
4.20000000e+04 1.64428960e-44 1.61426471e-44 1.30139932e-44
4.21000000e+04 1.63892933e-44 1.60940402e-44 1.29752952e-44
4.22000000e+04 1.63359097e-44 1.60456080e-44 1.29367346e-44
4.23000000e+04 1.62827440e-44 1.59973585e-44 1.28983109e-44
4.24000000e+04 1.62297950e-44 1.59492820e-44 1.28600236e-44
4.25000000e+04 1.61770617e-44 1.59013807e-44 1.28218720e-44
4.26000000e+04 1.61245428e-44 1.58536541e-44 1.27838557e-44
4.27000000e+04 1.60722372e-44 1.58061011e-44 1.27459740e-44
4.28000000e+04 1.60201438e-44 1.57587210e-44 1.27082264e-44
4.29000000e+04 1.59682617e-44 1.57115132e-44 1.26706124e-44
4.30000000e+04 1.59165894e-44 1.56644768e-44 1.26331315e-44
4.31000000e+04 1.58651260e-44 1.56176111e-44 1.25957830e-44
4.32000000e+04 1.58138705e-44 1.55709153e-44 1.25585664e-44
4.33000000e+04 1.57628218e-44 1.55243888e-44 1.25214813e-44
4.34000000e+04 1.57119787e-44 1.54780307e-44 1.24845270e-44
4.35000000e+04 1.56613402e-44 1.54318403e-44 1.24477030e-44
4.36000000e+04 1.56109052e-44 1.53858170e-44 1.24110089e-44
4.37000000e+04 1.55606728e-44 1.53399600e-44 1.23744440e-44
4.38000000e+04 1.55106417e-44 1.52942685e-44 1.23380079e-44
4.39000000e+04 1.54608111e-44 1.52487418e-44 1.23017000e-44
4.40000000e+04 1.54111798e-44 1.52033793e-44 1.22655206e-44
4.41000000e+04 1.53617469e-44 1.51581791e-44 1.22294668e-44
4.42000000e+04 1.53125114e-44 1.51131437e-44 1.21935405e-44
4.43000000e+04 1.52634722e-44 1.50682693e-44 1.21577403e-44
4.44000000e+04 1.52146283e-44 1.50235552e-44 1.21220658e-44
4.45000000e+04 1.51659779e-44 1.49790037e-44 1.20865164e-44
4.46000000e+04 1.51175224e-44 1.49346111e-44 1.20510917e-44
4.47000000e+04 1.50692586e-44 1.48903777e-44 1.20157910e-44
4.48000000e+04 1.50211861e-44 1.48463029e-44 1.19806140e-44
4.49000000e+04 1.49733025e-44 1.48023859e-44 1.19455602e-44
4.50000000e+04 1.49256114e-44 1.47586266e-44 1.19106289e-44
4.51000000e+04 1.48781063e-44 1.47150229e-44 1.18758198e-44
4.52000000e+04 1.48307907e-44 1.46715755e-44 1.18411323e-44
4.53000000e+04 1.47836607e-44 1.46282832e-44 1.18065660e-44
4.54000000e+04 1.47367163e-44 1.45851455e-44 1.17721217e-44
4.55000000e+04 1.46899568e-44 1.45421616e-44 1.17377948e-44
4.56000000e+04 1.46433810e-44 1.44993309e-44 1.17035891e-44
4.57000000e+04 1.45969876e-44 1.44566527e-44 1.16695025e-44
4.58000000e+04 1.45507772e-44 1.44141265e-44 1.16355346e-44
4.59000000e+04 1.45047473e-44 1.43717514e-44 1.16016850e-44
4.60000000e+04 1.44588976e-44 1.43295270e-44 1.15679532e-44
4.61000000e+04 1.44132272e-44 1.42874525e-44 1.15343387e-44
4.62000000e+04 1.43677352e-44 1.42455273e-44 1.15008410e-44
4.63000000e+04 1.43224206e-44 1.42037545e-44 1.14674597e-44
4.64000000e+04 1.42772827e-44 1.41621224e-44 1.14341942e-44
4.65000000e+04 1.42323205e-44 1.41206414e-44 1.14010443e-44
4.66000000e+04 1.41875332e-44 1.40793072e-44 1.13680055e-44
4.67000000e+04 1.41429200e-44 1.40381192e-44 1.13350915e-44
4.68000000e+04 1.40984804e-44 1.39970768e-44 1.13022811e-44
4.69000000e+04 1.40542121e-44 1.39561793e-44 1.12695894e-44
4.70000000e+04 1.40101158e-44 1.39154262e-44 1.12370097e-44
4.71000000e+04 1.39661901e-44 1.38748168e-44 1.12045417e-44
4.72000000e+04 1.39224341e-44 1.38343505e-44 1.11721878e-44
4.73000000e+04 1.38788472e-44 1.37940268e-44 1.11399448e-44
4.74000000e+04 1.38354284e-44 1.37538450e-44 1.11078132e-44
4.75000000e+04 1.37921769e-44 1.37138045e-44 1.10757924e-44
4.76000000e+04 1.37490920e-44 1.36739047e-44 1.10438821e-44
4.77000000e+04 1.37061727e-44 1.36341451e-44 1.10120818e-44
4.78000000e+04 1.36634180e-44 1.35945251e-44 1.09803911e-44
4.79000000e+04 1.36208304e-44 1.35550440e-44 1.09488096e-44
4.80000000e+04 1.35784011e-44 1.35157014e-44 1.09173374e-44
4.81000000e+04 1.35361367e-44 1.34764965e-44 1.08859721e-44
4.82000000e+04 1.34940340e-44 1.34374289e-44 1.08547154e-44
4.83000000e+04 1.34520923e-44 1.33984980e-44 1.08235671e-44
4.84000000e+04 1.34103107e-44 1.33597031e-44 1.07925238e-44
4.85000000e+04 1.33686886e-44 1.33210439e-44 1.07615877e-44
4.86000000e+04 1.33272251e-44 1.32825193e-44 1.07307584e-44
4.87000000e+04 1.32859196e-44 1.32441296e-44 1.07000345e-44
4.88000000e+04 1.32447711e-44 1.32058735e-44 1.06694159e-44
4.89000000e+04 1.32037791e-44 1.31677508e-44 1.06389022e-44
4.90000000e+04 1.31629426e-44 1.31297607e-44 1.06084930e-44
4.91000000e+04 1.31222611e-44 1.30919029e-44 1.05781878e-44
4.92000000e+04 1.30817338e-44 1.30541767e-44 1.05479863e-44
4.93000000e+04 1.30413599e-44 1.30165816e-44 1.05178880e-44
4.94000000e+04 1.30011379e-44 1.29791171e-44 1.04878925e-44
4.95000000e+04 1.29610694e-44 1.29417826e-44 1.04579994e-44
4.96000000e+04 1.29211515e-44 1.29045775e-44 1.04282084e-44
4.97000000e+04 1.28813840e-44 1.28675014e-44 1.03985190e-44
4.98000000e+04 1.28417657e-44 1.28305537e-44 1.03689307e-44
4.99000000e+04 1.28022981e-44 1.27937345e-44 1.03394433e-44
5.00000000e+04 1.27629781e-44 1.27570415e-44 1.03100555e-44
