# Te [K]  Qff_DL [cm^5]  Qff_PL [cm^5]  Qff_KW [cm^5] int_DL  int_PL  int_KD abserr_int_DL  abserr_int_PL  abserr_int_KW
3.00000000e+02 7.40950299e-41 4.42994797e-41 1.63201131e-40 7.40950299e-41 4.42994797e-41 1.63201131e-40 4.15364494e-11 2.52057953e-11 8.55760129e-11
4.00000000e+02 6.26210685e-41 4.54697804e-41 1.65500655e-40 6.26210685e-41 4.54697804e-41 1.65500655e-40 5.46070796e-11 3.99858490e-11 1.41670251e-10
5.00000000e+02 5.43491538e-41 4.66638220e-41 1.67850155e-40 5.43491538e-41 4.66638220e-41 1.67850155e-40 6.61367770e-11 5.62505459e-11 2.03684512e-10
6.00000000e+02 4.81615706e-41 4.78776332e-41 1.70254712e-40 4.81615706e-41 4.78776332e-41 1.70254712e-40 7.73138441e-11 7.17392520e-11 2.58665460e-10
7.00000000e+02 4.34383880e-41 4.91088563e-41 1.72715499e-40 4.34383880e-41 4.91088563e-41 1.72715499e-40 8.73081257e-11 9.43908211e-11 3.26764378e-10
8.00000000e+02 3.97965005e-41 5.03559463e-41 1.75231261e-40 3.97965005e-41 5.03559463e-41 1.75231261e-40 9.93233678e-11 1.20298195e-10 4.29276106e-10
9.00000000e+02 3.69818856e-41 5.16179886e-41 1.77799541e-40 3.69818856e-41 5.16179886e-41 1.77799541e-40 1.10114038e-10 1.52732152e-10 5.19713120e-10
1.00000000e+03 3.48175964e-41 5.28946419e-41 1.80417445e-40 3.48175964e-41 5.28946419e-41 1.80417445e-40 1.19525833e-10 1.80002074e-10 5.76369686e-10
1.10000000e+03 3.31757908e-41 5.41860619e-41 1.83082060e-40 3.31757908e-41 5.41860619e-41 1.83082060e-40 1.32785715e-10 2.05905985e-10 6.77659886e-10
1.20000000e+03 3.19614552e-41 5.54927979e-41 1.85790672e-40 3.19614552e-41 5.54927979e-41 1.85790672e-40 1.45850373e-10 2.43894743e-10 8.44289671e-10
1.30000000e+03 3.11023517e-41 5.68156836e-41 1.88540866e-40 3.11023517e-41 5.68156836e-41 1.88540866e-40 1.61045502e-10 2.79340842e-10 9.31562772e-10
1.40000000e+03 3.05425160e-41 5.81557380e-41 1.91330555e-40 3.05425160e-41 5.81557380e-41 1.91330555e-40 1.74964309e-10 3.22457168e-10 1.04225367e-09
1.50000000e+03 3.02378945e-41 5.95140872e-41 1.94157973e-40 3.02378945e-41 5.95140872e-41 1.94157973e-40 1.94342107e-10 3.82685311e-10 1.15945499e-09
1.60000000e+03 3.01533272e-41 6.08919046e-41 1.97021657e-40 3.01533272e-41 6.08919046e-41 1.97021657e-40 2.12292819e-10 4.22919127e-10 1.38951708e-09
1.70000000e+03 3.02604117e-41 6.22903692e-41 1.99920407e-40 3.02604117e-41 6.22903692e-41 1.99920407e-40 2.32160989e-10 4.69687767e-10 1.55067832e-09
1.80000000e+03 3.05359566e-41 6.37106370e-41 2.02853261e-40 3.05359566e-41 6.37106370e-41 2.02853261e-40 2.57197856e-10 5.36168312e-10 1.66764007e-09
1.90000000e+03 3.09608439e-41 6.51538222e-41 2.05819459e-40 3.09608439e-41 6.51538222e-41 2.05819459e-40 2.83188439e-10 5.83932083e-10 1.85494633e-09
2.00000000e+03 3.15191780e-41 6.66209862e-41 2.08818412e-40 3.15191780e-41 6.66209862e-41 2.08818412e-40 3.11007827e-10 6.47299257e-10 2.04892301e-09
2.10000000e+03 3.21976403e-41 6.81131304e-41 2.11849679e-40 3.21976403e-41 6.81131304e-41 2.11849679e-40 3.41086203e-10 7.17201991e-10 2.24250518e-09
2.20000000e+03 3.29849945e-41 6.96311930e-41 2.14912943e-40 3.29849945e-41 6.96311930e-41 2.14912943e-40 3.72227552e-10 7.85203655e-10 2.38120287e-09
2.30000000e+03 3.38717022e-41 7.11760480e-41 2.18007991e-40 3.38717022e-41 7.11760480e-41 2.18007991e-40 4.13429720e-10 8.33031452e-10 2.65886824e-09
2.40000000e+03 3.48496216e-41 7.27485052e-41 2.21134696e-40 3.48496216e-41 7.27485052e-41 2.21134696e-40 4.46445041e-10 9.25411977e-10 2.72395336e-09
2.50000000e+03 3.59117686e-41 7.43493128e-41 2.24293003e-40 3.59117686e-41 7.43493128e-41 2.24293003e-40 4.96795907e-10 1.00501249e-09 3.02428282e-09
2.60000000e+03 3.70521264e-41 7.59791585e-41 2.27482917e-40 3.70521264e-41 7.59791585e-41 2.27482917e-40 5.43347358e-10 1.11280363e-09 3.27593255e-09
2.70000000e+03 3.82654917e-41 7.76386733e-41 2.30704495e-40 3.82654917e-41 7.76386733e-41 2.30704495e-40 5.92697851e-10 1.16852945e-09 3.55250365e-09
2.80000000e+03 3.95473494e-41 7.93284345e-41 2.33957833e-40 3.95473494e-41 7.93284345e-41 2.33957833e-40 6.41831604e-10 1.28189178e-09 3.61594189e-09
2.90000000e+03 4.08937705e-41 8.10489690e-41 2.37243060e-40 4.08937705e-41 8.10489690e-41 2.37243060e-40 6.99465293e-10 1.38650842e-09 3.83780206e-09
3.00000000e+03 4.23013275e-41 8.28007568e-41 2.40560335e-40 4.23013275e-41 8.28007568e-41 2.40560335e-40 7.68391964e-10 1.50493565e-09 4.11821617e-09
3.10000000e+03 4.37670245e-41 8.45842349e-41 2.43909837e-40 4.37670245e-41 8.45842349e-41 2.43909837e-40 8.31737347e-10 1.56542163e-09 4.50949772e-09
3.20000000e+03 4.52882378e-41 8.63998007e-41 2.47291767e-40 4.52882378e-41 8.63998007e-41 2.47291767e-40 8.94891964e-10 1.70069903e-09 4.81572522e-09
3.30000000e+03 4.68626673e-41 8.82478152e-41 2.50706338e-40 4.68626673e-41 8.82478152e-41 2.50706338e-40 9.73297682e-10 1.83658190e-09 5.14421315e-09
3.40000000e+03 4.84882940e-41 9.01286068e-41 2.54153778e-40 4.84882940e-41 9.01286068e-41 2.54153778e-40 1.05929664e-09 1.92602579e-09 5.47788629e-09
3.50000000e+03 5.01633448e-41 9.20424745e-41 2.57634324e-40 5.01633448e-41 9.20424745e-41 2.57634324e-40 1.13582911e-09 2.05737211e-09 5.66008208e-09
3.60000000e+03 5.18862621e-41 9.39896903e-41 2.61148223e-40 5.18862621e-41 9.39896903e-41 2.61148223e-40 1.22435527e-09 2.15607931e-09 6.02075780e-09
3.70000000e+03 5.36556775e-41 9.59705029e-41 2.64695727e-40 5.36556775e-41 9.59705029e-41 2.64695727e-40 1.32638945e-09 2.34135517e-09 6.53582287e-09
3.80000000e+03 5.54703892e-41 9.79851399e-41 2.68277096e-40 5.54703892e-41 9.79851399e-41 2.68277096e-40 1.43673485e-09 2.51611010e-09 6.80707699e-09
3.90000000e+03 5.73293428e-41 1.00033810e-40 2.71892596e-40 5.73293428e-41 1.00033810e-40 2.71892596e-40 1.53616115e-09 2.68685601e-09 6.98557439e-09
4.00000000e+03 5.92316141e-41 1.02116707e-40 2.75542495e-40 5.92316141e-41 1.02116707e-40 2.75542495e-40 1.63632866e-09 2.82832127e-09 7.67229784e-09
4.10000000e+03 6.11763944e-41 1.04234009e-40 2.79227067e-40 6.11763944e-41 1.04234009e-40 2.79227067e-40 1.77705636e-09 2.98930113e-09 7.87024933e-09
4.20000000e+03 6.31629779e-41 1.06385882e-40 2.82946590e-40 6.31629779e-41 1.06385882e-40 2.82946590e-40 1.89928247e-09 3.15035858e-09 8.21415149e-09
4.30000000e+03 6.51907498e-41 1.08572484e-40 2.86701346e-40 6.51907498e-41 1.08572484e-40 2.86701346e-40 2.02677278e-09 3.37079555e-09 8.88043318e-09
4.40000000e+03 6.72591770e-41 1.10793963e-40 2.90491619e-40 6.72591770e-41 1.10793963e-40 2.90491619e-40 2.16840116e-09 3.53413412e-09 8.95477210e-09
4.50000000e+03 6.93677992e-41 1.13050458e-40 2.94317697e-40 6.93677992e-41 1.13050458e-40 2.94317697e-40 2.30642081e-09 3.73111526e-09 9.64260365e-09
4.60000000e+03 7.15162209e-41 1.15342105e-40 2.98179872e-40 7.15162209e-41 1.15342105e-40 2.98179872e-40 2.44887429e-09 3.96301906e-09 1.01000097e-08
4.70000000e+03 7.37041050e-41 1.17669033e-40 3.02078437e-40 7.37041050e-41 1.17669033e-40 3.02078437e-40 2.61001791e-09 4.15247476e-09 1.06836808e-08
4.80000000e+03 7.59311667e-41 1.20031371e-40 3.06013691e-40 7.59311667e-41 1.20031371e-40 3.06013691e-40 2.78744073e-09 4.40482159e-09 1.11442144e-08
4.90000000e+03 7.81971679e-41 1.22429243e-40 3.09985933e-40 7.81971679e-41 1.22429243e-40 3.09985933e-40 2.93546545e-09 4.55509925e-09 1.15766172e-08
5.00000000e+03 8.05019130e-41 1.24862770e-40 3.13995466e-40 8.05019130e-41 1.24862770e-40 3.13995466e-40 3.12345901e-09 4.81071132e-09 1.19431501e-08
5.10000000e+03 8.28452442e-41 1.27332076e-40 3.18042598e-40 8.28452442e-41 1.27332076e-40 3.18042598e-40 3.32971653e-09 4.97005983e-09 1.27507906e-08
5.20000000e+03 8.52270379e-41 1.29837283e-40 3.22127637e-40 8.52270379e-41 1.29837283e-40 3.22127637e-40 3.51125963e-09 5.30813721e-09 1.30754238e-08
5.30000000e+03 8.76472015e-41 1.32378514e-40 3.26250894e-40 8.76472015e-41 1.32378514e-40 3.26250894e-40 3.71191247e-09 5.60096878e-09 1.32877019e-08
5.40000000e+03 9.01056702e-41 1.34955892e-40 3.30412683e-40 9.01056702e-41 1.34955892e-40 3.30412683e-40 3.92195552e-09 5.86769686e-09 1.44673642e-08
5.50000000e+03 9.26024046e-41 1.37569543e-40 3.34613321e-40 9.26024046e-41 1.37569543e-40 3.34613321e-40 4.17017567e-09 6.13353031e-09 1.48367533e-08
5.60000000e+03 9.51373879e-41 1.40219596e-40 3.38853126e-40 9.51373879e-41 1.40219596e-40 3.38853126e-40 4.37237528e-09 6.35463347e-09 1.56759262e-08
5.70000000e+03 9.77106241e-41 1.42906180e-40 3.43132417e-40 9.77106241e-41 1.42906180e-40 3.43132417e-40 4.62752860e-09 6.58658831e-09 1.57961137e-08
5.80000000e+03 1.00322136e-40 1.45629428e-40 3.47451518e-40 1.00322136e-40 1.45629428e-40 3.47451518e-40 4.85500251e-09 7.09578088e-09 1.65325417e-08
5.90000000e+03 1.02971963e-40 1.48389477e-40 3.51810751e-40 1.02971963e-40 1.48389477e-40 3.51810751e-40 5.11718406e-09 7.43512723e-09 1.74240877e-08
6.00000000e+03 1.05660161e-40 1.51186465e-40 3.56210440e-40 1.05660161e-40 1.51186465e-40 3.56210440e-40 5.38472780e-09 7.74161650e-09 1.81355882e-08
6.10000000e+03 1.08386798e-40 1.54020536e-40 3.60650911e-40 1.08386798e-40 1.54020536e-40 3.60650911e-40 5.71212304e-09 8.10540371e-09 1.87472942e-08
6.20000000e+03 1.11151957e-40 1.56891835e-40 3.65132489e-40 1.11151957e-40 1.56891835e-40 3.65132489e-40 5.95979497e-09 8.31707948e-09 1.90381512e-08
6.30000000e+03 1.13955729e-40 1.59800513e-40 3.69655499e-40 1.13955729e-40 1.59800513e-40 3.69655499e-40 6.27584854e-09 8.77981807e-09 2.04153272e-08
6.40000000e+03 1.16798219e-40 1.62746723e-40 3.74220268e-40 1.16798219e-40 1.62746723e-40 3.74220268e-40 6.59305519e-09 9.17645123e-09 2.10128185e-08
6.50000000e+03 1.19679540e-40 1.65730621e-40 3.78827119e-40 1.19679540e-40 1.65730621e-40 3.78827119e-40 6.85572357e-09 9.55292245e-09 2.18898046e-08
6.60000000e+03 1.22599813e-40 1.68752369e-40 3.83476377e-40 1.22599813e-40 1.68752369e-40 3.83476377e-40 7.21714047e-09 9.89166750e-09 2.19126169e-08
6.70000000e+03 1.25559167e-40 1.71812130e-40 3.88168363e-40 1.25559167e-40 1.71812130e-40 3.88168363e-40 7.59158701e-09 1.03126836e-08 2.33305768e-08
6.80000000e+03 1.28557737e-40 1.74910073e-40 3.92903398e-40 1.28557737e-40 1.74910073e-40 3.92903398e-40 7.96524456e-09 1.08333357e-08 2.42639615e-08
6.90000000e+03 1.31595667e-40 1.78046369e-40 3.97681801e-40 1.31595667e-40 1.78046369e-40 3.97681801e-40 8.30508137e-09 1.11486882e-08 2.52182221e-08
7.00000000e+03 1.34673102e-40 1.81221191e-40 4.02503887e-40 1.34673102e-40 1.81221191e-40 4.02503887e-40 8.71629364e-09 1.15242844e-08 2.51218492e-08
7.10000000e+03 1.37790195e-40 1.84434718e-40 4.07369968e-40 1.37790195e-40 1.84434718e-40 4.07369968e-40 9.06909851e-09 1.19803248e-08 2.68589201e-08
7.20000000e+03 1.40947102e-40 1.87687130e-40 4.12280355e-40 1.40947102e-40 1.87687130e-40 4.12280355e-40 9.44273933e-09 1.25874240e-08 2.78742457e-08
7.30000000e+03 1.44143985e-40 1.90978609e-40 4.17235351e-40 1.44143985e-40 1.90978609e-40 4.17235351e-40 9.86187780e-09 1.28879169e-08 2.84200683e-08
7.40000000e+03 1.47381005e-40 1.94309342e-40 4.22235259e-40 1.47381005e-40 1.94309342e-40 4.22235259e-40 1.03561260e-08 1.36273005e-08 2.95526533e-08
7.50000000e+03 1.50658330e-40 1.97679517e-40 4.27280375e-40 1.50658330e-40 1.97679517e-40 4.27280375e-40 1.07201954e-08 1.39686918e-08 3.00838700e-08
7.60000000e+03 1.53976126e-40 2.01089323e-40 4.32370990e-40 1.53976126e-40 2.01089323e-40 4.32370990e-40 1.11984652e-08 1.45223102e-08 3.05991218e-08
7.70000000e+03 1.57334566e-40 2.04538953e-40 4.37507391e-40 1.57334566e-40 2.04538953e-40 4.37507391e-40 1.16228890e-08 1.51806079e-08 3.26026236e-08
7.80000000e+03 1.60733819e-40 2.08028600e-40 4.42689858e-40 1.60733819e-40 2.08028600e-40 4.42689858e-40 1.22255711e-08 1.55429178e-08 3.32004123e-08
7.90000000e+03 1.64174059e-40 2.11558460e-40 4.47918666e-40 1.64174059e-40 2.11558460e-40 4.47918666e-40 1.26876255e-08 1.62529693e-08 3.41120937e-08
8.00000000e+03 1.67655459e-40 2.15128728e-40 4.53194082e-40 1.67655459e-40 2.15128728e-40 4.53194082e-40 1.31312877e-08 1.70257029e-08 3.51215205e-08
8.10000000e+03 1.71178192e-40 2.18739601e-40 4.58516367e-40 1.71178192e-40 2.18739601e-40 4.58516367e-40 1.37383386e-08 1.73071068e-08 3.64475258e-08
8.20000000e+03 1.74742432e-40 2.22391278e-40 4.63885777e-40 1.74742432e-40 2.22391278e-40 4.63885777e-40 1.43178971e-08 1.80742140e-08 3.65258408e-08
8.30000000e+03 1.78348352e-40 2.26083954e-40 4.69302557e-40 1.78348352e-40 2.26083954e-40 4.69302557e-40 1.49165315e-08 1.88853647e-08 3.86176497e-08
8.40000000e+03 1.81996125e-40 2.29817830e-40 4.74766947e-40 1.81996125e-40 2.29817830e-40 4.74766947e-40 1.54520600e-08 1.94252404e-08 3.85219289e-08
8.50000000e+03 1.85685922e-40 2.33593101e-40 4.80279178e-40 1.85685922e-40 2.33593101e-40 4.80279178e-40 1.60476852e-08 2.00848533e-08 4.06091966e-08
8.60000000e+03 1.89417914e-40 2.37409966e-40 4.85839474e-40 1.89417914e-40 2.37409966e-40 4.85839474e-40 1.66901204e-08 2.04266271e-08 4.27472549e-08
8.70000000e+03 1.93192269e-40 2.41268620e-40 4.91448049e-40 1.93192269e-40 2.41268620e-40 4.91448049e-40 1.72391851e-08 2.15687456e-08 4.36601260e-08
8.80000000e+03 1.97009156e-40 2.45169259e-40 4.97105109e-40 1.97009156e-40 2.45169259e-40 4.97105109e-40 1.78773549e-08 2.17070079e-08 4.48095120e-08
8.90000000e+03 2.00868739e-40 2.49112076e-40 5.02810853e-40 2.00868739e-40 2.49112076e-40 5.02810853e-40 1.86517653e-08 2.28205358e-08 4.57078231e-08
9.00000000e+03 2.04771181e-40 2.53097263e-40 5.08565467e-40 2.04771181e-40 2.53097263e-40 5.08565467e-40 1.91737706e-08 2.37371758e-08 4.60149211e-08
9.10000000e+03 2.08716643e-40 2.57125012e-40 5.14369133e-40 2.08716643e-40 2.57125012e-40 5.14369133e-40 1.98573175e-08 2.43641673e-08 4.78142631e-08
9.20000000e+03 2.12705283e-40 2.61195510e-40 5.20222020e-40 2.12705283e-40 2.61195510e-40 5.20222020e-40 2.07610457e-08 2.50580045e-08 4.85111890e-08
9.30000000e+03 2.16737257e-40 2.65308942e-40 5.26124288e-40 2.16737257e-40 2.65308942e-40 5.26124288e-40 2.15086003e-08 2.58901308e-08 5.13899140e-08
9.40000000e+03 2.20812715e-40 2.69465493e-40 5.32076089e-40 2.20812715e-40 2.69465493e-40 5.32076089e-40 2.22067774e-08 2.65832108e-08 5.18636621e-08
9.50000000e+03 2.24931808e-40 2.73665343e-40 5.38077564e-40 2.24931808e-40 2.73665343e-40 5.38077564e-40 2.29654398e-08 2.76612042e-08 5.43609632e-08
9.60000000e+03 2.29094680e-40 2.77908668e-40 5.44128845e-40 2.29094680e-40 2.77908668e-40 5.44128845e-40 2.38495865e-08 2.87659550e-08 5.61537049e-08
9.70000000e+03 2.33301475e-40 2.82195643e-40 5.50230053e-40 2.33301475e-40 2.82195643e-40 5.50230053e-40 2.44768631e-08 2.89249033e-08 5.64904023e-08
9.80000000e+03 2.37552329e-40 2.86526439e-40 5.56381302e-40 2.37552329e-40 2.86526439e-40 5.56381302e-40 2.53905901e-08 2.98900086e-08 5.89039081e-08
9.90000000e+03 2.41847377e-40 2.90901221e-40 5.62582692e-40 2.41847377e-40 2.90901221e-40 5.62582692e-40 2.61474726e-08 3.16521711e-08 5.86358141e-08
1.00000000e+04 2.46186750e-40 2.95320152e-40 5.68834316e-40 2.46186750e-40 2.95320152e-40 5.68834316e-40 2.69500179e-08 3.22490709e-08 6.15769380e-08
1.01000000e+04 2.50570575e-40 2.99783392e-40 5.75136257e-40 2.50570575e-40 2.99783392e-40 5.75136257e-40 2.80362519e-08 3.35222519e-08 6.42950058e-08
1.02000000e+04 2.54998972e-40 3.04291094e-40 5.81488587e-40 2.54998972e-40 3.04291094e-40 5.81488587e-40 2.87425813e-08 3.45390706e-08 6.59030318e-08
1.03000000e+04 2.59472059e-40 3.08843408e-40 5.87891367e-40 2.59472059e-40 3.08843408e-40 5.87891367e-40 2.98791556e-08 3.50608651e-08 6.62659424e-08
1.04000000e+04 2.63989950e-40 3.13440480e-40 5.94344651e-40 2.63989950e-40 3.13440480e-40 5.94344651e-40 3.09672486e-08 3.66564006e-08 6.90587170e-08
1.05000000e+04 2.68552753e-40 3.18082449e-40 6.00848481e-40 2.68552753e-40 3.18082449e-40 6.00848481e-40 3.17199125e-08 3.78545682e-08 7.05128431e-08
1.06000000e+04 2.73160572e-40 3.22769450e-40 6.07402889e-40 2.73160572e-40 3.22769450e-40 6.07402889e-40 3.29679871e-08 3.81851912e-08 7.11258288e-08
1.07000000e+04 2.77813506e-40 3.27501615e-40 6.14007898e-40 2.77813506e-40 3.27501615e-40 6.14007898e-40 3.39701021e-08 3.87382419e-08 7.34287768e-08
1.08000000e+04 2.82511648e-40 3.32279067e-40 6.20663521e-40 2.82511648e-40 3.32279067e-40 6.20663521e-40 3.49401272e-08 4.08096747e-08 7.58993254e-08
1.09000000e+04 2.87255088e-40 3.37101927e-40 6.27369762e-40 2.87255088e-40 3.37101927e-40 6.27369762e-40 3.61278320e-08 4.23857485e-08 7.87449890e-08
1.10000000e+04 2.92043910e-40 3.41970309e-40 6.34126614e-40 2.92043910e-40 3.41970309e-40 6.34126614e-40 3.70244827e-08 4.31982196e-08 7.84929936e-08
1.11000000e+04 2.96878192e-40 3.46884321e-40 6.40934061e-40 2.96878192e-40 3.46884321e-40 6.40934061e-40 3.83790981e-08 4.46751751e-08 8.10962522e-08
1.12000000e+04 3.01758010e-40 3.51844066e-40 6.47792079e-40 3.01758010e-40 3.51844066e-40 6.47792079e-40 3.92218047e-08 4.57626894e-08 8.39373179e-08
1.13000000e+04 3.06683431e-40 3.56849641e-40 6.54700632e-40 3.06683431e-40 3.56849641e-40 6.54700632e-40 4.06484011e-08 4.70524564e-08 8.70410448e-08
1.14000000e+04 3.11654519e-40 3.61901137e-40 6.61659678e-40 3.11654519e-40 3.61901137e-40 6.61659678e-40 4.19011121e-08 4.81550901e-08 8.52277167e-08
1.15000000e+04 3.16671331e-40 3.66998640e-40 6.68669162e-40 3.16671331e-40 3.66998640e-40 6.68669162e-40 4.30297537e-08 4.89840826e-08 8.81755107e-08
1.16000000e+04 3.21733921e-40 3.72142229e-40 6.75729023e-40 3.21733921e-40 3.72142229e-40 6.75729023e-40 4.41775452e-08 5.13138391e-08 8.94865874e-08
1.17000000e+04 3.26842337e-40 3.77331978e-40 6.82839191e-40 3.26842337e-40 3.77331978e-40 6.82839191e-40 4.57588485e-08 5.14921451e-08 9.28936960e-08
1.18000000e+04 3.31996619e-40 3.82567953e-40 6.89999586e-40 3.31996619e-40 3.82567953e-40 6.89999586e-40 4.66482246e-08 5.41368429e-08 9.70276737e-08
1.19000000e+04 3.37196806e-40 3.87850215e-40 6.97210120e-40 3.37196806e-40 3.87850215e-40 6.97210120e-40 4.82063095e-08 5.50243956e-08 9.91845952e-08
1.20000000e+04 3.42442927e-40 3.93178821e-40 7.04470697e-40 3.42442927e-40 3.93178821e-40 7.04470697e-40 4.94717530e-08 5.59572283e-08 1.01012596e-07
1.21000000e+04 3.47735010e-40 3.98553817e-40 7.11781212e-40 3.47735010e-40 3.98553817e-40 7.11781212e-40 5.06796118e-08 5.82426518e-08 1.04767791e-07
1.22000000e+04 3.53073074e-40 4.03975248e-40 7.19141552e-40 3.53073074e-40 4.03975248e-40 7.19141552e-40 5.25395177e-08 5.92059736e-08 1.07059250e-07
1.23000000e+04 3.58457134e-40 4.09443149e-40 7.26551596e-40 3.58457134e-40 4.09443149e-40 7.26551596e-40 5.38007837e-08 6.12208918e-08 1.08893027e-07
1.24000000e+04 3.63887201e-40 4.14957550e-40 7.34011216e-40 3.63887201e-40 4.14957550e-40 7.34011216e-40 5.49694699e-08 6.25253294e-08 1.08099754e-07
1.25000000e+04 3.69363277e-40 4.20518475e-40 7.41520276e-40 3.69363277e-40 4.20518475e-40 7.41520276e-40 5.70258133e-08 6.43302738e-08 1.13048845e-07
1.26000000e+04 3.74885363e-40 4.26125943e-40 7.49078630e-40 3.74885363e-40 4.26125943e-40 7.49078630e-40 5.83667633e-08 6.66879900e-08 1.16916684e-07
1.27000000e+04 3.80453452e-40 4.31779963e-40 7.56686129e-40 3.80453452e-40 4.31779963e-40 7.56686129e-40 5.98773325e-08 6.70258991e-08 1.17453438e-07
1.28000000e+04 3.86067531e-40 4.37480543e-40 7.64342614e-40 3.86067531e-40 4.37480543e-40 7.64342614e-40 6.14957491e-08 7.00461894e-08 1.20159286e-07
1.29000000e+04 3.91727584e-40 4.43227680e-40 7.72047919e-40 3.91727584e-40 4.43227680e-40 7.72047919e-40 6.30151410e-08 7.12514914e-08 1.25146675e-07
1.30000000e+04 3.97433588e-40 4.49021367e-40 7.79801873e-40 3.97433588e-40 4.49021367e-40 7.79801873e-40 6.51970140e-08 7.16500616e-08 1.27530553e-07
1.31000000e+04 4.03185515e-40 4.54861592e-40 7.87604295e-40 4.03185515e-40 4.54861592e-40 7.87604295e-40 6.66921294e-08 7.42470508e-08 1.28882812e-07
1.32000000e+04 4.08983333e-40 4.60748336e-40 7.95455001e-40 4.08983333e-40 4.60748336e-40 7.95455001e-40 6.84790555e-08 7.72807868e-08 1.29233686e-07
1.33000000e+04 4.14827003e-40 4.66681572e-40 8.03353799e-40 4.14827003e-40 4.66681572e-40 8.03353799e-40 6.96301173e-08 7.90418555e-08 1.34742475e-07
1.34000000e+04 4.20716481e-40 4.72661269e-40 8.11300490e-40 4.20716481e-40 4.72661269e-40 8.11300490e-40 7.19676946e-08 8.08113850e-08 1.38509622e-07
1.35000000e+04 4.26651720e-40 4.78687391e-40 8.19294871e-40 4.26651720e-40 4.78687391e-40 8.19294871e-40 7.34580033e-08 8.16156055e-08 1.39998724e-07
1.36000000e+04 4.32632666e-40 4.84759895e-40 8.27336731e-40 4.32632666e-40 4.84759895e-40 8.27336731e-40 7.50564035e-08 8.36770379e-08 1.44319523e-07
1.37000000e+04 4.38659260e-40 4.90878730e-40 8.35425855e-40 4.38659260e-40 4.90878730e-40 8.35425855e-40 7.74289137e-08 8.58609558e-08 1.46105448e-07
1.38000000e+04 4.44731439e-40 4.97043843e-40 8.43562022e-40 4.44731439e-40 4.97043843e-40 8.43562022e-40 7.97406565e-08 8.85442249e-08 1.50719253e-07
1.39000000e+04 4.50849134e-40 5.03255173e-40 8.51745004e-40 4.50849134e-40 5.03255173e-40 8.51745004e-40 8.17039694e-08 9.09553874e-08 1.53490048e-07
1.40000000e+04 4.57012274e-40 5.09512655e-40 8.59974571e-40 4.57012274e-40 5.09512655e-40 8.59974571e-40 8.32713455e-08 9.13104673e-08 1.56669196e-07
1.41000000e+04 4.63220778e-40 5.15816215e-40 8.68250486e-40 4.63220778e-40 5.15816215e-40 8.68250486e-40 8.51143481e-08 9.31264570e-08 1.59492584e-07
1.42000000e+04 4.69474565e-40 5.22165777e-40 8.76572507e-40 4.69474565e-40 5.22165777e-40 8.76572507e-40 8.72914473e-08 9.51774924e-08 1.62358774e-07
1.43000000e+04 4.75773547e-40 5.28561259e-40 8.84940387e-40 4.75773547e-40 5.28561259e-40 8.84940387e-40 8.99179511e-08 9.79575958e-08 1.62425355e-07
1.44000000e+04 4.82117633e-40 5.35002572e-40 8.93353876e-40 4.82117633e-40 5.35002572e-40 8.93353876e-40 9.18445169e-08 1.01023087e-07 1.70403866e-07
1.45000000e+04 4.88506725e-40 5.41489623e-40 9.01812718e-40 4.88506725e-40 5.41489623e-40 9.01812718e-40 9.42929526e-08 1.04572901e-07 1.73192123e-07
1.46000000e+04 4.94940723e-40 5.48022313e-40 9.10316653e-40 4.94940723e-40 5.48022313e-40 9.10316653e-40 9.66168015e-08 1.06361229e-07 1.73852621e-07
1.47000000e+04 5.01419521e-40 5.54600540e-40 9.18865419e-40 5.01419521e-40 5.54600540e-40 9.18865419e-40 9.87468299e-08 1.08704083e-07 1.74276705e-07
1.48000000e+04 5.07943009e-40 5.61224194e-40 9.27458747e-40 5.07943009e-40 5.61224194e-40 9.27458747e-40 1.01223211e-07 1.08600417e-07 1.79819744e-07
1.49000000e+04 5.14511074e-40 5.67893161e-40 9.36096367e-40 5.14511074e-40 5.67893161e-40 9.36096367e-40 1.03124978e-07 1.11969233e-07 1.86910507e-07
1.50000000e+04 5.21123596e-40 5.74607323e-40 9.44778002e-40 5.21123596e-40 5.74607323e-40 9.44778002e-40 1.05290880e-07 1.14638800e-07 1.86910771e-07
1.51000000e+04 5.27780454e-40 5.81366557e-40 9.53503375e-40 5.27780454e-40 5.81366557e-40 9.53503375e-40 1.07641177e-07 1.17958654e-07 1.92661112e-07
1.52000000e+04 5.34481521e-40 5.88170735e-40 9.62272204e-40 5.34481521e-40 5.88170735e-40 9.62272204e-40 1.09824846e-07 1.21312516e-07 1.93931997e-07
1.53000000e+04 5.41226667e-40 5.95019723e-40 9.71084203e-40 5.41226667e-40 5.95019723e-40 9.71084203e-40 1.13364653e-07 1.24444389e-07 2.02819004e-07
1.54000000e+04 5.48015757e-40 6.01913386e-40 9.79939085e-40 5.48015757e-40 6.01913386e-40 9.79939085e-40 1.15518086e-07 1.27322611e-07 1.99711766e-07
1.55000000e+04 5.54848652e-40 6.08851581e-40 9.88836558e-40 5.54848652e-40 6.08851581e-40 9.88836558e-40 1.18234353e-07 1.27873637e-07 2.07137068e-07
1.56000000e+04 5.61725212e-40 6.15834162e-40 9.97776330e-40 5.61725212e-40 6.15834162e-40 9.97776330e-40 1.20995075e-07 1.30038312e-07 2.11439783e-07
1.57000000e+04 5.68645289e-40 6.22860980e-40 1.00675810e-39 5.68645289e-40 6.22860980e-40 1.00675810e-39 1.23387652e-07 1.33740289e-07 2.15976968e-07
1.58000000e+04 5.75608736e-40 6.29931879e-40 1.01578158e-39 5.75608736e-40 6.29931879e-40 1.01578158e-39 1.26439510e-07 1.35840357e-07 2.20806522e-07
1.59000000e+04 5.82615398e-40 6.37046702e-40 1.02484645e-39 5.82615398e-40 6.37046702e-40 1.02484645e-39 1.28745640e-07 1.41042203e-07 2.25947561e-07
1.60000000e+04 5.89665120e-40 6.44205286e-40 1.03395242e-39 5.89665120e-40 6.44205286e-40 1.03395242e-39 1.31043029e-07 1.43404630e-07 2.31427311e-07
1.61000000e+04 5.96757742e-40 6.51407464e-40 1.04309919e-39 5.96757742e-40 6.51407464e-40 1.04309919e-39 1.34691627e-07 1.45905969e-07 2.33065114e-07
1.62000000e+04 6.03893100e-40 6.58653067e-40 1.05228644e-39 6.03893100e-40 6.58653067e-40 1.05228644e-39 1.37588806e-07 1.48554406e-07 2.34873994e-07
1.63000000e+04 6.11071029e-40 6.65941921e-40 1.06151386e-39 6.11071029e-40 6.65941921e-40 1.06151386e-39 1.39802175e-07 1.51630628e-07 2.40910760e-07
1.64000000e+04 6.18291358e-40 6.73273849e-40 1.07078114e-39 6.18291358e-40 6.73273849e-40 1.07078114e-39 1.43629070e-07 1.54714749e-07 2.47717957e-07
1.65000000e+04 6.25553916e-40 6.80648669e-40 1.08008797e-39 6.25553916e-40 6.80648669e-40 1.08008797e-39 1.45653225e-07 1.57110852e-07 2.49210496e-07
1.66000000e+04 6.32858527e-40 6.88066198e-40 1.08943404e-39 6.32858527e-40 6.88066198e-40 1.08943404e-39 1.49396872e-07 1.59781287e-07 2.56884275e-07
1.67000000e+04 6.40205012e-40 6.95526247e-40 1.09881902e-39 6.40205012e-40 6.95526247e-40 1.09881902e-39 1.51174536e-07 1.64294782e-07 2.60799660e-07
1.68000000e+04 6.47593189e-40 7.03028626e-40 1.10824261e-39 6.47593189e-40 7.03028626e-40 1.10824261e-39 1.55072158e-07 1.65397045e-07 2.59986298e-07
1.69000000e+04 6.55022875e-40 7.10573140e-40 1.11770448e-39 6.55022875e-40 7.10573140e-40 1.11770448e-39 1.58915402e-07 1.69046257e-07 2.67731213e-07
1.70000000e+04 6.62493883e-40 7.18159593e-40 1.12720430e-39 6.62493883e-40 7.18159593e-40 1.12720430e-39 1.61632740e-07 1.71666183e-07 2.69471110e-07
1.71000000e+04 6.70006022e-40 7.25787785e-40 1.13674177e-39 6.70006022e-40 7.25787785e-40 1.13674177e-39 1.65475810e-07 1.75112662e-07 2.73346249e-07
1.72000000e+04 6.77559102e-40 7.33457512e-40 1.14631656e-39 6.77559102e-40 7.33457512e-40 1.14631656e-39 1.68746326e-07 1.78737445e-07 2.81262886e-07
1.73000000e+04 6.85152926e-40 7.41168569e-40 1.15592834e-39 6.85152926e-40 7.41168569e-40 1.15592834e-39 1.72411037e-07 1.82735421e-07 2.88451593e-07
1.74000000e+04 6.92787299e-40 7.48920746e-40 1.16557680e-39 6.92787299e-40 7.48920746e-40 1.16557680e-39 1.74780759e-07 1.85696032e-07 2.90190277e-07
1.75000000e+04 7.00462021e-40 7.56713834e-40 1.17526161e-39 7.00462021e-40 7.56713834e-40 1.17526161e-39 1.77535423e-07 1.89980565e-07 2.95527183e-07
1.76000000e+04 7.08176889e-40 7.64547619e-40 1.18498243e-39 7.08176889e-40 7.64547619e-40 1.18498243e-39 1.82187204e-07 1.96229715e-07 3.03579900e-07
1.77000000e+04 7.15931701e-40 7.72421883e-40 1.19473896e-39 7.15931701e-40 7.72421883e-40 1.19473896e-39 1.85577181e-07 2.00772181e-07 3.07404484e-07
1.78000000e+04 7.23726250e-40 7.80336409e-40 1.20453086e-39 7.23726250e-40 7.80336409e-40 1.20453086e-39 1.88747350e-07 2.00096286e-07 3.15783260e-07
1.79000000e+04 7.31560327e-40 7.88290977e-40 1.21435781e-39 7.31560327e-40 7.88290977e-40 1.21435781e-39 1.91568226e-07 2.08165750e-07 3.16065087e-07
1.80000000e+04 7.39433724e-40 7.96285362e-40 1.22421948e-39 7.39433724e-40 7.96285362e-40 1.22421948e-39 1.96006136e-07 2.08150903e-07 3.20483661e-07
1.81000000e+04 7.47346227e-40 8.04319340e-40 1.23411554e-39 7.47346227e-40 8.04319340e-40 1.23411554e-39 1.99665816e-07 2.14103540e-07 3.29065729e-07
1.82000000e+04 7.55297623e-40 8.12392684e-40 1.24404567e-39 7.55297623e-40 8.12392684e-40 1.24404567e-39 2.04664467e-07 2.19532717e-07 3.37754251e-07
1.83000000e+04 7.63287696e-40 8.20505165e-40 1.25400955e-39 7.63287696e-40 8.20505165e-40 1.25400955e-39 2.07984419e-07 2.24658847e-07 3.37481766e-07
1.84000000e+04 7.71316228e-40 8.28656551e-40 1.26400684e-39 7.71316228e-40 8.28656551e-40 1.26400684e-39 2.11396593e-07 2.27725376e-07 3.46082830e-07
1.85000000e+04 7.79383001e-40 8.36846610e-40 1.27403722e-39 7.79383001e-40 8.36846610e-40 1.27403722e-39 2.16038674e-07 2.32042216e-07 3.54227298e-07
1.86000000e+04 7.87487793e-40 8.45075107e-40 1.28410036e-39 7.87487793e-40 8.45075107e-40 1.28410036e-39 2.20857081e-07 2.35724868e-07 3.53327678e-07
1.87000000e+04 7.95630383e-40 8.53341807e-40 1.29419594e-39 7.95630383e-40 8.53341807e-40 1.29419594e-39 2.25154626e-07 2.40591969e-07 3.64942739e-07
1.88000000e+04 8.03810547e-40 8.61646470e-40 1.30432364e-39 8.03810547e-40 8.61646470e-40 1.30432364e-39 2.26732926e-07 2.45633296e-07 3.63598307e-07
1.89000000e+04 8.12028059e-40 8.69988859e-40 1.31448312e-39 8.12028059e-40 8.69988859e-40 1.31448312e-39 2.32771426e-07 2.50057464e-07 3.71157722e-07
1.90000000e+04 8.20282693e-40 8.78368732e-40 1.32467406e-39 8.20282693e-40 8.78368732e-40 1.32467406e-39 2.37742244e-07 2.50616452e-07 3.72311898e-07
1.91000000e+04 8.28574222e-40 8.86785847e-40 1.33489615e-39 8.28574222e-40 8.86785847e-40 1.33489615e-39 2.41624344e-07 2.56003336e-07 3.84423249e-07
1.92000000e+04 8.36902415e-40 8.95239961e-40 1.34514905e-39 8.36902415e-40 8.95239961e-40 1.34514905e-39 2.45037594e-07 2.61611805e-07 3.89260725e-07
1.93000000e+04 8.45267044e-40 9.03730829e-40 1.35543245e-39 8.45267044e-40 9.03730829e-40 1.35543245e-39 2.49979509e-07 2.64040420e-07 3.97814230e-07
1.94000000e+04 8.53667876e-40 9.12258205e-40 1.36574602e-39 8.53667876e-40 9.12258205e-40 1.36574602e-39 2.54915798e-07 2.66800367e-07 4.06707945e-07
1.95000000e+04 8.62104680e-40 9.20821843e-40 1.37608944e-39 8.62104680e-40 9.20821843e-40 1.37608944e-39 2.58538016e-07 2.71965937e-07 4.09180175e-07
1.96000000e+04 8.70577222e-40 9.29421495e-40 1.38646239e-39 8.70577222e-40 9.29421495e-40 1.38646239e-39 2.61794555e-07 2.76900331e-07 4.18506107e-07
1.97000000e+04 8.79085267e-40 9.38056911e-40 1.39686455e-39 8.79085267e-40 9.38056911e-40 1.39686455e-39 2.67919789e-07 2.81855076e-07 4.25871099e-07
1.98000000e+04 8.87628581e-40 9.46727842e-40 1.40729561e-39 8.87628581e-40 9.46727842e-40 1.40729561e-39 2.72967301e-07 2.86959160e-07 4.27225157e-07
1.99000000e+04 8.96206927e-40 9.55434037e-40 1.41775524e-39 8.96206927e-40 9.55434037e-40 1.41775524e-39 2.78036069e-07 2.95405334e-07 4.32419152e-07
2.00000000e+04 9.04820069e-40 9.64175245e-40 1.42824313e-39 9.04820069e-40 9.64175245e-40 1.42824313e-39 2.81370131e-07 3.00882732e-07 4.34017846e-07
2.01000000e+04 9.13467769e-40 9.72951213e-40 1.43875896e-39 9.13467769e-40 9.72951213e-40 1.43875896e-39 2.88011402e-07 3.06530386e-07 4.44816268e-07
2.02000000e+04 9.22149789e-40 9.81761690e-40 1.44930242e-39 9.22149789e-40 9.81761690e-40 1.44930242e-39 2.92296821e-07 3.06223861e-07 4.56803739e-07
2.03000000e+04 9.30865890e-40 9.90606421e-40 1.45987319e-39 9.30865890e-40 9.90606421e-40 1.45987319e-39 2.97285187e-07 3.16689251e-07 4.52337701e-07
2.04000000e+04 9.39615833e-40 9.99485153e-40 1.47047097e-39 9.39615833e-40 9.99485153e-40 1.47047097e-39 3.01522095e-07 3.22344175e-07 4.61795349e-07
2.05000000e+04 9.48399378e-40 1.00839763e-39 1.48109544e-39 9.48399378e-40 1.00839763e-39 1.48109544e-39 3.07847159e-07 3.23494367e-07 4.73509760e-07
2.06000000e+04 9.57216284e-40 1.01734360e-39 1.49174629e-39 9.57216284e-40 1.01734360e-39 1.49174629e-39 3.12326564e-07 3.28959448e-07 4.79196225e-07
2.07000000e+04 9.66066311e-40 1.02632281e-39 1.50242321e-39 9.66066311e-40 1.02632281e-39 1.50242321e-39 3.16936388e-07 3.34523052e-07 4.88000695e-07
2.08000000e+04 9.74949217e-40 1.03533499e-39 1.51312590e-39 9.74949217e-40 1.03533499e-39 1.51312590e-39 3.20428362e-07 3.36558602e-07 4.97060182e-07
2.09000000e+04 9.83864761e-40 1.04437990e-39 1.52385405e-39 9.83864761e-40 1.04437990e-39 1.52385405e-39 3.27238649e-07 3.42397336e-07 5.04797784e-07
2.10000000e+04 9.92812701e-40 1.05345728e-39 1.53460735e-39 9.92812701e-40 1.05345728e-39 1.53460735e-39 3.34401427e-07 3.50987089e-07 5.12497073e-07
2.11000000e+04 1.00179279e-39 1.06256687e-39 1.54538551e-39 1.00179279e-39 1.06256687e-39 1.54538551e-39 3.39617678e-07 3.56875206e-07 5.18591009e-07
2.12000000e+04 1.01080480e-39 1.07170842e-39 1.55618822e-39 1.01080480e-39 1.07170842e-39 1.55618822e-39 3.44144433e-07 3.64646260e-07 5.24822706e-07
2.13000000e+04 1.01984848e-39 1.08088167e-39 1.56701518e-39 1.01984848e-39 1.08088167e-39 1.56701518e-39 3.49173411e-07 3.70760488e-07 5.31278728e-07
2.14000000e+04 1.02892358e-39 1.09008636e-39 1.57786609e-39 1.02892358e-39 1.09008636e-39 1.57786609e-39 3.53769544e-07 3.76646610e-07 5.37561951e-07
2.15000000e+04 1.03802986e-39 1.09932223e-39 1.58874065e-39 1.03802986e-39 1.09932223e-39 1.58874065e-39 3.61312300e-07 3.82703707e-07 5.42790142e-07
2.16000000e+04 1.04716709e-39 1.10858904e-39 1.59963858e-39 1.04716709e-39 1.10858904e-39 1.59963858e-39 3.64382042e-07 3.88941379e-07 5.49114488e-07
2.17000000e+04 1.05633501e-39 1.11788652e-39 1.61055956e-39 1.05633501e-39 1.11788652e-39 1.61055956e-39 3.71472795e-07 3.92278910e-07 5.58775868e-07
2.18000000e+04 1.06553339e-39 1.12721441e-39 1.62150332e-39 1.06553339e-39 1.12721441e-39 1.62150332e-39 3.76607127e-07 4.01168616e-07 5.69720495e-07
2.19000000e+04 1.07476199e-39 1.13657247e-39 1.63246956e-39 1.07476199e-39 1.13657247e-39 1.63246956e-39 3.83873523e-07 4.07593303e-07 5.72943802e-07
2.20000000e+04 1.08402055e-39 1.14596043e-39 1.64345800e-39 1.08402055e-39 1.14596043e-39 1.64345800e-39 3.90550891e-07 4.13365728e-07 5.84079156e-07
2.21000000e+04 1.09330885e-39 1.15537804e-39 1.65446833e-39 1.09330885e-39 1.15537804e-39 1.65446833e-39 3.96091083e-07 4.19897346e-07 5.87366661e-07
2.22000000e+04 1.10262663e-39 1.16482505e-39 1.66550029e-39 1.10262663e-39 1.16482505e-39 1.66550029e-39 4.02611141e-07 4.19429937e-07 5.98682220e-07
2.23000000e+04 1.11197365e-39 1.17430120e-39 1.67655357e-39 1.11197365e-39 1.17430120e-39 1.67655357e-39 4.09510796e-07 4.27209818e-07 6.10214325e-07
2.24000000e+04 1.12134968e-39 1.18380623e-39 1.68762791e-39 1.12134968e-39 1.18380623e-39 1.68762791e-39 4.14619600e-07 4.33243484e-07 6.19279755e-07
2.25000000e+04 1.13075447e-39 1.19333989e-39 1.69872302e-39 1.13075447e-39 1.19333989e-39 1.69872302e-39 4.19739448e-07 4.39439269e-07 6.28261052e-07
2.26000000e+04 1.14018777e-39 1.20290193e-39 1.70983862e-39 1.14018777e-39 1.20290193e-39 1.70983862e-39 4.24966746e-07 4.45803878e-07 6.24207340e-07
2.27000000e+04 1.14964936e-39 1.21249209e-39 1.72097443e-39 1.14964936e-39 1.21249209e-39 1.72097443e-39 4.32898287e-07 4.56874124e-07 6.47389971e-07
2.28000000e+04 1.15913899e-39 1.22211012e-39 1.73213018e-39 1.15913899e-39 1.22211012e-39 1.73213018e-39 4.38411875e-07 4.61347124e-07 6.57786685e-07
2.29000000e+04 1.16865641e-39 1.23175577e-39 1.74330559e-39 1.16865641e-39 1.23175577e-39 1.74330559e-39 4.46851467e-07 4.64028050e-07 6.66228295e-07
2.30000000e+04 1.17820140e-39 1.24142879e-39 1.75450039e-39 1.17820140e-39 1.24142879e-39 1.75450039e-39 4.50974163e-07 4.74778457e-07 6.54700364e-07
2.31000000e+04 1.18777370e-39 1.25112892e-39 1.76571432e-39 1.18777370e-39 1.25112892e-39 1.76571432e-39 4.59296153e-07 4.85821301e-07 6.78405109e-07
2.32000000e+04 1.19737309e-39 1.26085592e-39 1.77694709e-39 1.19737309e-39 1.26085592e-39 1.77694709e-39 4.64944065e-07 4.89652562e-07 6.72434206e-07
2.33000000e+04 1.20699932e-39 1.27060953e-39 1.78819845e-39 1.20699932e-39 1.27060953e-39 1.78819845e-39 4.74294150e-07 4.89826952e-07 6.81612478e-07
2.34000000e+04 1.21665215e-39 1.28038951e-39 1.79946813e-39 1.21665215e-39 1.28038951e-39 1.79946813e-39 4.80093647e-07 5.06222066e-07 6.99818562e-07
2.35000000e+04 1.22633136e-39 1.29019560e-39 1.81075587e-39 1.22633136e-39 1.29019560e-39 1.81075587e-39 4.88931621e-07 5.14229032e-07 7.09102347e-07
2.36000000e+04 1.23603669e-39 1.30002756e-39 1.82206140e-39 1.23603669e-39 1.30002756e-39 1.82206140e-39 4.95081502e-07 5.19780063e-07 7.18633138e-07
2.37000000e+04 1.24576793e-39 1.30988515e-39 1.83338447e-39 1.24576793e-39 1.30988515e-39 1.83338447e-39 5.02419773e-07 5.25552324e-07 7.28422432e-07
2.38000000e+04 1.25552483e-39 1.31976812e-39 1.84472481e-39 1.25552483e-39 1.31976812e-39 1.84472481e-39 5.07961744e-07 5.30619605e-07 7.38482737e-07
2.39000000e+04 1.26530715e-39 1.32967621e-39 1.85608218e-39 1.26530715e-39 1.32967621e-39 1.85608218e-39 5.16448553e-07 5.37239410e-07 7.48652700e-07
2.40000000e+04 1.27511467e-39 1.33960919e-39 1.86745632e-39 1.27511467e-39 1.33960919e-39 1.86745632e-39 5.22745577e-07 5.45541249e-07 7.59081843e-07
2.41000000e+04 1.28494714e-39 1.34956682e-39 1.87884697e-39 1.28494714e-39 1.34956682e-39 1.87884697e-39 5.29203417e-07 5.54359654e-07 7.69824167e-07
2.42000000e+04 1.29480435e-39 1.35954884e-39 1.89025389e-39 1.29480435e-39 1.35954884e-39 1.89025389e-39 5.34907036e-07 5.56864077e-07 7.80895758e-07
2.43000000e+04 1.30468605e-39 1.36955502e-39 1.90167683e-39 1.30468605e-39 1.36955502e-39 1.90167683e-39 5.45533675e-07 5.65900317e-07 7.92314360e-07
2.44000000e+04 1.31459202e-39 1.37958512e-39 1.91311554e-39 1.31459202e-39 1.37958512e-39 1.91311554e-39 5.53441993e-07 5.70346475e-07 8.03245498e-07
2.45000000e+04 1.32452202e-39 1.38963890e-39 1.92456977e-39 1.32452202e-39 1.38963890e-39 1.92456977e-39 5.59996789e-07 5.77841689e-07 8.14503930e-07
2.46000000e+04 1.33447583e-39 1.39971611e-39 1.93603929e-39 1.33447583e-39 1.39971611e-39 1.93603929e-39 5.66406731e-07 5.87519920e-07 8.22827419e-07
2.47000000e+04 1.34445322e-39 1.40981652e-39 1.94752385e-39 1.34445322e-39 1.40981652e-39 1.94752385e-39 5.76785277e-07 5.97519781e-07 8.34159168e-07
2.48000000e+04 1.35445396e-39 1.41993990e-39 1.95902322e-39 1.35445396e-39 1.41993990e-39 1.95902322e-39 5.81141551e-07 6.09466474e-07 8.45872851e-07
2.49000000e+04 1.36447782e-39 1.43008600e-39 1.97053715e-39 1.36447782e-39 1.43008600e-39 1.97053715e-39 5.89258471e-07 6.18593698e-07 8.40133640e-07
2.50000000e+04 1.37452458e-39 1.44025459e-39 1.98206542e-39 1.37452458e-39 1.44025459e-39 1.98206542e-39 5.96225403e-07 6.28052320e-07 8.52591745e-07
2.51000000e+04 1.38459401e-39 1.45044544e-39 1.99360779e-39 1.38459401e-39 1.45044544e-39 1.99360779e-39 6.08063841e-07 6.36743639e-07 8.65504856e-07
2.52000000e+04 1.39468590e-39 1.46065832e-39 2.00516402e-39 1.39468590e-39 1.46065832e-39 2.00516402e-39 6.15205448e-07 6.37044582e-07 8.78900564e-07
2.53000000e+04 1.40480000e-39 1.47089298e-39 2.01673389e-39 1.40480000e-39 1.47089298e-39 2.01673389e-39 6.23983780e-07 6.38656766e-07 8.83834752e-07
2.54000000e+04 1.41493612e-39 1.48114921e-39 2.02831717e-39 1.41493612e-39 1.48114921e-39 2.02831717e-39 6.33663457e-07 6.63453615e-07 8.95630954e-07
2.55000000e+04 1.42509401e-39 1.49142677e-39 2.03991364e-39 1.42509401e-39 1.49142677e-39 2.03991364e-39 6.41283078e-07 6.71465080e-07 9.07752836e-07
2.56000000e+04 1.43527347e-39 1.50172543e-39 2.05152306e-39 1.43527347e-39 1.50172543e-39 2.05152306e-39 6.49011042e-07 6.79720489e-07 9.20214944e-07
2.57000000e+04 1.44547427e-39 1.51204497e-39 2.06314523e-39 1.44547427e-39 1.51204497e-39 2.06314523e-39 6.58839032e-07 6.78259290e-07 9.33032340e-07
2.58000000e+04 1.45569619e-39 1.52238515e-39 2.07477991e-39 1.45569619e-39 1.52238515e-39 2.07477991e-39 6.67451420e-07 6.86614212e-07 9.45194978e-07
2.59000000e+04 1.46593902e-39 1.53274576e-39 2.08642690e-39 1.46593902e-39 1.53274576e-39 2.08642690e-39 6.76313575e-07 7.00834505e-07 9.54188953e-07
2.60000000e+04 1.47620255e-39 1.54312657e-39 2.09808596e-39 1.47620255e-39 1.54312657e-39 2.09808596e-39 6.84553645e-07 7.04457695e-07 9.67061225e-07
2.61000000e+04 1.48648655e-39 1.55352736e-39 2.10975690e-39 1.48648655e-39 1.55352736e-39 2.10975690e-39 6.93046771e-07 7.19634044e-07 9.80245346e-07
2.62000000e+04 1.49679081e-39 1.56394790e-39 2.12143949e-39 1.49679081e-39 1.56394790e-39 2.12143949e-39 7.00862008e-07 7.20292121e-07 9.93798380e-07
2.63000000e+04 1.50711512e-39 1.57438797e-39 2.13313353e-39 1.50711512e-39 1.57438797e-39 2.13313353e-39 7.09654998e-07 7.28591726e-07 1.00215568e-06
2.64000000e+04 1.51745927e-39 1.58484736e-39 2.14483881e-39 1.51745927e-39 1.58484736e-39 2.14483881e-39 7.19761126e-07 7.36988078e-07 9.93707195e-07
2.65000000e+04 1.52782304e-39 1.59532585e-39 2.15655512e-39 1.52782304e-39 1.59532585e-39 2.15655512e-39 7.27798032e-07 7.52805232e-07 1.00608000e-06
2.66000000e+04 1.53820623e-39 1.60582322e-39 2.16828225e-39 1.53820623e-39 1.60582322e-39 2.16828225e-39 7.29975288e-07 7.60000596e-07 1.01863452e-06
2.67000000e+04 1.54860863e-39 1.61633925e-39 2.18002000e-39 1.54860863e-39 1.61633925e-39 2.18002000e-39 7.43572011e-07 7.63201111e-07 1.03158524e-06
2.68000000e+04 1.55903003e-39 1.62687373e-39 2.19176818e-39 1.55903003e-39 1.62687373e-39 2.19176818e-39 7.56447654e-07 7.80703924e-07 1.05173760e-06
2.69000000e+04 1.56947022e-39 1.63742645e-39 2.20352657e-39 1.56947022e-39 1.63742645e-39 2.20352657e-39 7.63652219e-07 7.89927699e-07 1.06450792e-06
2.70000000e+04 1.57992899e-39 1.64799719e-39 2.21529499e-39 1.57992899e-39 1.64799719e-39 2.21529499e-39 7.74431488e-07 8.06941240e-07 1.07769744e-06
2.71000000e+04 1.59040616e-39 1.65858575e-39 2.22707323e-39 1.59040616e-39 1.65858575e-39 2.22707323e-39 7.83948473e-07 8.14234525e-07 1.07626114e-06
2.72000000e+04 1.60090149e-39 1.66919191e-39 2.23886110e-39 1.60090149e-39 1.66919191e-39 2.23886110e-39 7.91766360e-07 8.21310684e-07 1.08788428e-06
2.73000000e+04 1.61141481e-39 1.67981547e-39 2.25065841e-39 1.61141481e-39 1.67981547e-39 2.25065841e-39 8.03580582e-07 8.37679370e-07 1.12098920e-06
2.74000000e+04 1.62194591e-39 1.69045622e-39 2.26246497e-39 1.62194591e-39 1.69045622e-39 2.26246497e-39 8.04958471e-07 8.30648492e-07 1.13092610e-06
2.75000000e+04 1.63249458e-39 1.70111395e-39 2.27428059e-39 1.63249458e-39 1.70111395e-39 2.27428059e-39 8.17624247e-07 8.42416196e-07 1.12914815e-06
2.76000000e+04 1.64306063e-39 1.71178846e-39 2.28610508e-39 1.64306063e-39 1.71178846e-39 2.28610508e-39 8.31567561e-07 8.48424466e-07 1.15365268e-06
2.77000000e+04 1.65364386e-39 1.72247955e-39 2.29793826e-39 1.65364386e-39 1.72247955e-39 2.29793826e-39 8.36891052e-07 8.70241399e-07 1.15949969e-06
2.78000000e+04 1.66424407e-39 1.73318702e-39 2.30977994e-39 1.66424407e-39 1.73318702e-39 2.30977994e-39 8.48015127e-07 8.88009905e-07 1.18191009e-06
2.79000000e+04 1.67486108e-39 1.74391066e-39 2.32162994e-39 1.67486108e-39 1.74391066e-39 2.32162994e-39 8.61109958e-07 8.97118706e-07 1.17760310e-06
2.80000000e+04 1.68549467e-39 1.75465027e-39 2.33348809e-39 1.68549467e-39 1.75465027e-39 2.33348809e-39 8.70961836e-07 8.93863237e-07 1.20548172e-06
2.81000000e+04 1.69614467e-39 1.76540566e-39 2.34535419e-39 1.69614467e-39 1.76540566e-39 2.34535419e-39 8.84071525e-07 9.10206072e-07 1.21459674e-06
2.82000000e+04 1.70681089e-39 1.77617664e-39 2.35722808e-39 1.70681089e-39 1.77617664e-39 2.35722808e-39 8.90869097e-07 9.20473357e-07 1.23523135e-06
2.83000000e+04 1.71749312e-39 1.78696300e-39 2.36910959e-39 1.71749312e-39 1.78696300e-39 2.36910959e-39 9.03618441e-07 9.25486645e-07 1.24537673e-06
2.84000000e+04 1.72819118e-39 1.79776455e-39 2.38099853e-39 1.72819118e-39 1.79776455e-39 2.38099853e-39 9.08022820e-07 9.37257289e-07 1.23070757e-06
2.85000000e+04 1.73890488e-39 1.80858110e-39 2.39289474e-39 1.73890488e-39 1.80858110e-39 2.39289474e-39 9.25776374e-07 9.49279946e-07 1.24410950e-06
2.86000000e+04 1.74963404e-39 1.81941246e-39 2.40479804e-39 1.74963404e-39 1.81941246e-39 2.40479804e-39 9.30527994e-07 9.54443877e-07 1.27997985e-06
2.87000000e+04 1.76037848e-39 1.83025844e-39 2.41670828e-39 1.76037848e-39 1.83025844e-39 2.41670828e-39 9.42148176e-07 9.81558596e-07 1.29264361e-06
2.88000000e+04 1.77113799e-39 1.84111885e-39 2.42862527e-39 1.77113799e-39 1.84111885e-39 2.42862527e-39 9.55934819e-07 9.84714876e-07 1.29698850e-06
2.89000000e+04 1.78191241e-39 1.85199350e-39 2.44054886e-39 1.78191241e-39 1.85199350e-39 2.44054886e-39 9.68833472e-07 1.00601640e-06 1.32047811e-06
2.90000000e+04 1.79270155e-39 1.86288221e-39 2.45247889e-39 1.79270155e-39 1.86288221e-39 2.45247889e-39 9.74159585e-07 1.01706375e-06 1.33461794e-06
2.91000000e+04 1.80350522e-39 1.87378479e-39 2.46441519e-39 1.80350522e-39 1.87378479e-39 2.46441519e-39 9.79330249e-07 1.01789415e-06 1.32077216e-06
2.92000000e+04 1.81432326e-39 1.88470105e-39 2.47635760e-39 1.81432326e-39 1.88470105e-39 2.47635760e-39 9.96143048e-07 1.03884195e-06 1.35936046e-06
2.93000000e+04 1.82515548e-39 1.89563083e-39 2.48830597e-39 1.82515548e-39 1.89563083e-39 2.48830597e-39 1.00555265e-06 1.02877367e-06 1.37533995e-06
2.94000000e+04 1.83600170e-39 1.90657392e-39 2.50026013e-39 1.83600170e-39 1.90657392e-39 2.50026013e-39 1.01341221e-06 1.04746835e-06 1.35704872e-06
2.95000000e+04 1.84686175e-39 1.91753017e-39 2.51221994e-39 1.84686175e-39 1.91753017e-39 2.51221994e-39 1.03369857e-06 1.06473473e-06 1.36351259e-06
2.96000000e+04 1.85773545e-39 1.92849938e-39 2.52418524e-39 1.85773545e-39 1.92849938e-39 2.52418524e-39 1.03755576e-06 1.05553705e-06 1.39179636e-06
2.97000000e+04 1.86862263e-39 1.93948138e-39 2.53615587e-39 1.86862263e-39 1.93948138e-39 2.53615587e-39 1.05341588e-06 1.09299604e-06 1.42942962e-06
2.98000000e+04 1.87952311e-39 1.95047600e-39 2.54813170e-39 1.87952311e-39 1.95047600e-39 2.54813170e-39 1.06622867e-06 1.10723457e-06 1.44361531e-06
2.99000000e+04 1.89043673e-39 1.96148306e-39 2.56011256e-39 1.89043673e-39 1.96148306e-39 2.56011256e-39 1.07620245e-06 1.11967604e-06 1.41175509e-06
3.00000000e+04 1.90136332e-39 1.97250238e-39 2.57209832e-39 1.90136332e-39 1.97250238e-39 2.57209832e-39 1.09064485e-06 1.12396077e-06 1.46197206e-06
3.01000000e+04 1.91230270e-39 1.98353381e-39 2.58408882e-39 1.91230270e-39 1.98353381e-39 2.58408882e-39 1.10509001e-06 1.13173817e-06 1.48257031e-06
3.02000000e+04 1.92325471e-39 1.99457716e-39 2.59608392e-39 1.92325471e-39 1.99457716e-39 2.59608392e-39 1.10696934e-06 1.14880964e-06 1.48111006e-06
3.03000000e+04 1.93421918e-39 2.00563226e-39 2.60808349e-39 1.93421918e-39 2.00563226e-39 2.60808349e-39 1.11830044e-06 1.16383972e-06 1.51450080e-06
3.04000000e+04 1.94519594e-39 2.01669896e-39 2.62008737e-39 1.94519594e-39 2.01669896e-39 2.62008737e-39 1.14035209e-06 1.16468294e-06 1.52389071e-06
3.05000000e+04 1.95618484e-39 2.02777708e-39 2.63209544e-39 1.95618484e-39 2.02777708e-39 2.63209544e-39 1.15253075e-06 1.17663340e-06 1.54704727e-06
3.06000000e+04 1.96718571e-39 2.03886646e-39 2.64410755e-39 1.96718571e-39 2.03886646e-39 2.64410755e-39 1.16347054e-06 1.20518565e-06 1.52894490e-06
3.07000000e+04 1.97819839e-39 2.04996693e-39 2.65612356e-39 1.97819839e-39 2.04996693e-39 2.65612356e-39 1.17329251e-06 1.20493131e-06 1.55290026e-06
3.08000000e+04 1.98922271e-39 2.06107834e-39 2.66814334e-39 1.98922271e-39 2.06107834e-39 2.66814334e-39 1.18820593e-06 1.22916590e-06 1.55970833e-06
3.09000000e+04 2.00025852e-39 2.07220051e-39 2.68016677e-39 2.00025852e-39 2.07220051e-39 2.68016677e-39 1.20066441e-06 1.21656256e-06 1.57571184e-06
3.10000000e+04 2.01130566e-39 2.08333330e-39 2.69219370e-39 2.01130566e-39 2.08333330e-39 2.69219370e-39 1.21103595e-06 1.22851400e-06 1.62387660e-06
3.11000000e+04 2.02236398e-39 2.09447654e-39 2.70422400e-39 2.02236398e-39 2.09447654e-39 2.70422400e-39 1.22495242e-06 1.26317555e-06 1.63933429e-06
3.12000000e+04 2.03343331e-39 2.10563007e-39 2.71625755e-39 2.03343331e-39 2.10563007e-39 2.71625755e-39 1.22527525e-06 1.25914927e-06 1.63827237e-06
3.13000000e+04 2.04451350e-39 2.11679374e-39 2.72829422e-39 2.04451350e-39 2.11679374e-39 2.72829422e-39 1.24985770e-06 1.28202610e-06 1.65834637e-06
3.14000000e+04 2.05560440e-39 2.12796739e-39 2.74033388e-39 2.05560440e-39 2.12796739e-39 2.74033388e-39 1.26168388e-06 1.29630931e-06 1.67458106e-06
3.15000000e+04 2.06670586e-39 2.13915088e-39 2.75237641e-39 2.06670586e-39 2.13915088e-39 2.75237641e-39 1.27521269e-06 1.31873124e-06 1.67934102e-06
3.16000000e+04 2.07781773e-39 2.15034404e-39 2.76442169e-39 2.07781773e-39 2.15034404e-39 2.76442169e-39 1.28286734e-06 1.33064297e-06 1.70544806e-06
3.17000000e+04 2.08893985e-39 2.16154673e-39 2.77646958e-39 2.08893985e-39 2.16154673e-39 2.77646958e-39 1.29943346e-06 1.33867119e-06 1.69155810e-06
3.18000000e+04 2.10007207e-39 2.17275880e-39 2.78851998e-39 2.10007207e-39 2.17275880e-39 2.78851998e-39 1.31589830e-06 1.35637414e-06 1.73495312e-06
3.19000000e+04 2.11121426e-39 2.18398009e-39 2.80057276e-39 2.11121426e-39 2.18398009e-39 2.80057276e-39 1.33112074e-06 1.37695065e-06 1.76310872e-06
3.20000000e+04 2.12236626e-39 2.19521046e-39 2.81262781e-39 2.12236626e-39 2.19521046e-39 2.81262781e-39 1.33019424e-06 1.36621096e-06 1.72918383e-06
3.21000000e+04 2.13352793e-39 2.20644977e-39 2.82468500e-39 2.13352793e-39 2.20644977e-39 2.82468500e-39 1.34286546e-06 1.39992376e-06 1.78119384e-06
3.22000000e+04 2.14469912e-39 2.21769787e-39 2.83674423e-39 2.14469912e-39 2.21769787e-39 2.83674423e-39 1.36579795e-06 1.41568861e-06 1.78715714e-06
3.23000000e+04 2.15587970e-39 2.22895462e-39 2.84880538e-39 2.15587970e-39 2.22895462e-39 2.84880538e-39 1.37816785e-06 1.42311887e-06 1.78857262e-06
3.24000000e+04 2.16706951e-39 2.24021987e-39 2.86086833e-39 2.16706951e-39 2.24021987e-39 2.86086833e-39 1.39281415e-06 1.43429601e-06 1.84590680e-06
3.25000000e+04 2.17826842e-39 2.25149348e-39 2.87293298e-39 2.17826842e-39 2.25149348e-39 2.87293298e-39 1.41144113e-06 1.42604540e-06 1.86122140e-06
3.26000000e+04 2.18947629e-39 2.26277531e-39 2.88499922e-39 2.18947629e-39 2.26277531e-39 2.88499922e-39 1.42512413e-06 1.46960944e-06 1.83332338e-06
3.27000000e+04 2.20069298e-39 2.27406523e-39 2.89706693e-39 2.20069298e-39 2.27406523e-39 2.89706693e-39 1.43447795e-06 1.48110677e-06 1.83338687e-06
3.28000000e+04 2.21191835e-39 2.28536310e-39 2.90913601e-39 2.21191835e-39 2.28536310e-39 2.90913601e-39 1.45083528e-06 1.48597501e-06 1.89857756e-06
3.29000000e+04 2.22315228e-39 2.29666877e-39 2.92120636e-39 2.22315228e-39 2.29666877e-39 2.92120636e-39 1.46400971e-06 1.48958234e-06 1.90817387e-06
3.30000000e+04 2.23439461e-39 2.30798212e-39 2.93327786e-39 2.23439461e-39 2.30798212e-39 2.93327786e-39 1.47489958e-06 1.50356400e-06 1.90346865e-06
3.31000000e+04 2.24564522e-39 2.31930301e-39 2.94535042e-39 2.24564522e-39 2.31930301e-39 2.94535042e-39 1.48998567e-06 1.51423158e-06 1.96048523e-06
3.32000000e+04 2.25690398e-39 2.33063130e-39 2.95742394e-39 2.25690398e-39 2.33063130e-39 2.95742394e-39 1.50502365e-06 1.54098978e-06 1.92758624e-06
3.33000000e+04 2.26817075e-39 2.34196687e-39 2.96949830e-39 2.26817075e-39 2.34196687e-39 2.96949830e-39 1.51830970e-06 1.56902876e-06 1.98678247e-06
3.34000000e+04 2.27944541e-39 2.35330959e-39 2.98157342e-39 2.27944541e-39 2.35330959e-39 2.98157342e-39 1.52464106e-06 1.56926921e-06 2.00277401e-06
3.35000000e+04 2.29072782e-39 2.36465933e-39 2.99364919e-39 2.29072782e-39 2.36465933e-39 2.99364919e-39 1.54499656e-06 1.60207260e-06 2.01406811e-06
3.36000000e+04 2.30201786e-39 2.37601595e-39 3.00572552e-39 2.30201786e-39 2.37601595e-39 3.00572552e-39 1.56451035e-06 1.59833498e-06 2.03046201e-06
3.37000000e+04 2.31331539e-39 2.38737933e-39 3.01780230e-39 2.31331539e-39 2.38737933e-39 3.01780230e-39 1.57824178e-06 1.63336436e-06 2.02409475e-06
3.38000000e+04 2.32462030e-39 2.39874935e-39 3.02987945e-39 2.32462030e-39 2.39874935e-39 3.02987945e-39 1.58839146e-06 1.64490322e-06 2.08139956e-06
3.39000000e+04 2.33593245e-39 2.41012587e-39 3.04195688e-39 2.33593245e-39 2.41012587e-39 3.04195688e-39 1.61114004e-06 1.65876062e-06 2.09159813e-06
3.40000000e+04 2.34725173e-39 2.42150879e-39 3.05403447e-39 2.34725173e-39 2.42150879e-39 3.05403447e-39 1.61813535e-06 1.67859007e-06 2.09070684e-06
3.41000000e+04 2.35857801e-39 2.43289797e-39 3.06611216e-39 2.35857801e-39 2.43289797e-39 3.06611216e-39 1.63913665e-06 1.66117032e-06 2.11016138e-06
3.42000000e+04 2.36991116e-39 2.44429329e-39 3.07818984e-39 2.36991116e-39 2.44429329e-39 3.07818984e-39 1.65160086e-06 1.66490661e-06 2.09513093e-06
3.43000000e+04 2.38125108e-39 2.45569463e-39 3.09026743e-39 2.38125108e-39 2.45569463e-39 3.09026743e-39 1.67389952e-06 1.70971460e-06 2.15555801e-06
3.44000000e+04 2.39259763e-39 2.46710188e-39 3.10234483e-39 2.39259763e-39 2.46710188e-39 3.10234483e-39 1.68352851e-06 1.72395611e-06 2.16331527e-06
3.45000000e+04 2.40395070e-39 2.47851491e-39 3.11442197e-39 2.40395070e-39 2.47851491e-39 3.11442197e-39 1.70420531e-06 1.75473877e-06 2.20636289e-06
3.46000000e+04 2.41531017e-39 2.48993361e-39 3.12649875e-39 2.41531017e-39 2.48993361e-39 3.12649875e-39 1.70904391e-06 1.75328469e-06 2.21088896e-06
3.47000000e+04 2.42667592e-39 2.50135786e-39 3.13857509e-39 2.42667592e-39 2.50135786e-39 3.13857509e-39 1.72449139e-06 1.77532329e-06 2.21968365e-06
3.48000000e+04 2.43804785e-39 2.51278755e-39 3.15065091e-39 2.43804785e-39 2.51278755e-39 3.15065091e-39 1.74533181e-06 1.78987582e-06 2.24707650e-06
3.49000000e+04 2.44942583e-39 2.52422256e-39 3.16272612e-39 2.44942583e-39 2.52422256e-39 3.16272612e-39 1.75572851e-06 1.80650388e-06 2.27332818e-06
3.50000000e+04 2.46080975e-39 2.53566279e-39 3.17480064e-39 2.46080975e-39 2.53566279e-39 3.17480064e-39 1.77779689e-06 1.82827595e-06 2.26423651e-06
3.51000000e+04 2.47219950e-39 2.54710812e-39 3.18687439e-39 2.47219950e-39 2.54710812e-39 3.18687439e-39 1.79200036e-06 1.85078482e-06 2.26037587e-06
3.52000000e+04 2.48359497e-39 2.55855843e-39 3.19894730e-39 2.48359497e-39 2.55855843e-39 3.19894730e-39 1.80444287e-06 1.86526549e-06 2.31501892e-06
3.53000000e+04 2.49499604e-39 2.57001362e-39 3.21101927e-39 2.49499604e-39 2.57001362e-39 3.21101927e-39 1.83060788e-06 1.85773358e-06 2.31822374e-06
3.54000000e+04 2.50640261e-39 2.58147359e-39 3.22309024e-39 2.50640261e-39 2.58147359e-39 3.22309024e-39 1.84616031e-06 1.89598351e-06 2.37311679e-06
3.55000000e+04 2.51781456e-39 2.59293822e-39 3.23516013e-39 2.51781456e-39 2.59293822e-39 3.23516013e-39 1.85925124e-06 1.91232829e-06 2.31854121e-06
3.56000000e+04 2.52923180e-39 2.60440741e-39 3.24722886e-39 2.52923180e-39 2.60440741e-39 3.24722886e-39 1.88013119e-06 1.92301757e-06 2.41331109e-06
3.57000000e+04 2.54065421e-39 2.61588104e-39 3.25929636e-39 2.54065421e-39 2.61588104e-39 3.25929636e-39 1.89657092e-06 1.92834527e-06 2.36740253e-06
3.58000000e+04 2.55208169e-39 2.62735903e-39 3.27136256e-39 2.55208169e-39 2.62735903e-39 3.27136256e-39 1.89338903e-06 1.95131910e-06 2.43980663e-06
3.59000000e+04 2.56351414e-39 2.63884126e-39 3.28342737e-39 2.56351414e-39 2.63884126e-39 3.28342737e-39 1.92532003e-06 1.93642567e-06 2.44990984e-06
3.60000000e+04 2.57495144e-39 2.65032764e-39 3.29549074e-39 2.57495144e-39 2.65032764e-39 3.29549074e-39 1.93388388e-06 1.97349011e-06 2.47871144e-06
3.61000000e+04 2.58639351e-39 2.66181805e-39 3.30755259e-39 2.58639351e-39 2.66181805e-39 3.30755259e-39 1.96082346e-06 1.98610851e-06 2.49694851e-06
3.62000000e+04 2.59784022e-39 2.67331241e-39 3.31961284e-39 2.59784022e-39 2.67331241e-39 3.31961284e-39 1.97383068e-06 2.01503674e-06 2.45133635e-06
3.63000000e+04 2.60929150e-39 2.68481061e-39 3.33167144e-39 2.60929150e-39 2.68481061e-39 3.33167144e-39 1.98565260e-06 2.04058473e-06 2.53016462e-06
3.64000000e+04 2.62074723e-39 2.69631255e-39 3.34372831e-39 2.62074723e-39 2.69631255e-39 3.34372831e-39 2.01287230e-06 2.05533225e-06 2.54021008e-06
3.65000000e+04 2.63220731e-39 2.70781814e-39 3.35578339e-39 2.63220731e-39 2.70781814e-39 3.35578339e-39 2.02287525e-06 2.09005597e-06 2.53938279e-06
3.66000000e+04 2.64367165e-39 2.71932728e-39 3.36783661e-39 2.64367165e-39 2.71932728e-39 3.36783661e-39 2.03857148e-06 2.08053717e-06 2.59670737e-06
3.67000000e+04 2.65514016e-39 2.73083987e-39 3.37988790e-39 2.65514016e-39 2.73083987e-39 3.37988790e-39 2.06384182e-06 2.11468498e-06 2.62235226e-06
3.68000000e+04 2.66661273e-39 2.74235582e-39 3.39193721e-39 2.66661273e-39 2.74235582e-39 3.39193721e-39 2.06795577e-06 2.12740366e-06 2.56515282e-06
3.69000000e+04 2.67808927e-39 2.75387503e-39 3.40398446e-39 2.67808927e-39 2.75387503e-39 3.40398446e-39 2.08260840e-06 2.15579407e-06 2.66804427e-06
3.70000000e+04 2.68956968e-39 2.76539742e-39 3.41602959e-39 2.68956968e-39 2.76539742e-39 3.41602959e-39 2.10855349e-06 2.15007279e-06 2.63796557e-06
3.71000000e+04 2.70105388e-39 2.77692290e-39 3.42807255e-39 2.70105388e-39 2.77692290e-39 3.42807255e-39 2.12640012e-06 2.18663000e-06 2.69672619e-06
3.72000000e+04 2.71254176e-39 2.78845136e-39 3.44011328e-39 2.71254176e-39 2.78845136e-39 3.44011328e-39 2.15351844e-06 2.16633899e-06 2.69456003e-06
3.73000000e+04 2.72403325e-39 2.79998273e-39 3.45215170e-39 2.72403325e-39 2.79998273e-39 3.45215170e-39 2.16858193e-06 2.22732064e-06 2.70027375e-06
3.74000000e+04 2.73552824e-39 2.81151690e-39 3.46418777e-39 2.73552824e-39 2.81151690e-39 3.46418777e-39 2.17733675e-06 2.24114947e-06 2.71772740e-06
3.75000000e+04 2.74702665e-39 2.82305381e-39 3.47622143e-39 2.74702665e-39 2.82305381e-39 3.47622143e-39 2.20378440e-06 2.24037962e-06 2.76510586e-06
3.76000000e+04 2.75852839e-39 2.83459335e-39 3.48825261e-39 2.75852839e-39 2.83459335e-39 3.48825261e-39 2.21194306e-06 2.27475656e-06 2.81344967e-06
3.77000000e+04 2.77003336e-39 2.84613544e-39 3.50028127e-39 2.77003336e-39 2.84613544e-39 3.50028127e-39 2.23077762e-06 2.27700807e-06 2.81346596e-06
3.78000000e+04 2.78154150e-39 2.85768000e-39 3.51230734e-39 2.78154150e-39 2.85768000e-39 3.51230734e-39 2.26225659e-06 2.30397657e-06 2.76828351e-06
3.79000000e+04 2.79305269e-39 2.86922694e-39 3.52433078e-39 2.79305269e-39 2.86922694e-39 3.52433078e-39 2.27647902e-06 2.30942148e-06 2.83219745e-06
3.80000000e+04 2.80456687e-39 2.88077617e-39 3.53635152e-39 2.80456687e-39 2.88077617e-39 3.53635152e-39 2.29708871e-06 2.31564349e-06 2.83164994e-06
3.81000000e+04 2.81608395e-39 2.89232763e-39 3.54836952e-39 2.81608395e-39 2.89232763e-39 3.54836952e-39 2.29972496e-06 2.33938233e-06 2.85649304e-06
3.82000000e+04 2.82760384e-39 2.90388121e-39 3.56038472e-39 2.82760384e-39 2.90388121e-39 3.56038472e-39 2.32416157e-06 2.39525932e-06 2.93904596e-06
3.83000000e+04 2.83912645e-39 2.91543685e-39 3.57239706e-39 2.83912645e-39 2.91543685e-39 3.57239706e-39 2.34974972e-06 2.39893322e-06 2.88497093e-06
3.84000000e+04 2.85065172e-39 2.92699447e-39 3.58440651e-39 2.85065172e-39 2.92699447e-39 3.58440651e-39 2.37027317e-06 2.41434859e-06 2.93617639e-06
3.85000000e+04 2.86217955e-39 2.93855397e-39 3.59641300e-39 2.86217955e-39 2.93855397e-39 3.59641300e-39 2.38888109e-06 2.39625766e-06 2.97079604e-06
3.86000000e+04 2.87370987e-39 2.95011530e-39 3.60841650e-39 2.87370987e-39 2.95011530e-39 3.60841650e-39 2.39906615e-06 2.46412209e-06 2.96460973e-06
3.87000000e+04 2.88524259e-39 2.96167835e-39 3.62041694e-39 2.88524259e-39 2.96167835e-39 3.62041694e-39 2.41132919e-06 2.48577930e-06 3.00594884e-06
3.88000000e+04 2.89677764e-39 2.97324307e-39 3.63241429e-39 2.89677764e-39 2.97324307e-39 3.63241429e-39 2.44209803e-06 2.49506440e-06 3.03684083e-06
3.89000000e+04 2.90831494e-39 2.98480938e-39 3.64440849e-39 2.90831494e-39 2.98480938e-39 3.64440849e-39 2.45726516e-06 2.51971340e-06 3.04478831e-06
3.90000000e+04 2.91985441e-39 2.99637720e-39 3.65639950e-39 2.91985441e-39 2.99637720e-39 3.65639950e-39 2.46306420e-06 2.54940291e-06 3.02405858e-06
3.91000000e+04 2.93139597e-39 3.00794645e-39 3.66838728e-39 2.93139597e-39 3.00794645e-39 3.66838728e-39 2.47881505e-06 2.57105074e-06 3.11866803e-06
3.92000000e+04 2.94293955e-39 3.01951706e-39 3.68037177e-39 2.94293955e-39 3.01951706e-39 3.68037177e-39 2.51938530e-06 2.59157721e-06 3.10231740e-06
3.93000000e+04 2.95448508e-39 3.03108896e-39 3.69235294e-39 2.95448508e-39 3.03108896e-39 3.69235294e-39 2.54561446e-06 2.60371754e-06 3.16837990e-06
3.94000000e+04 2.96603248e-39 3.04266208e-39 3.70433073e-39 2.96603248e-39 3.04266208e-39 3.70433073e-39 2.54706530e-06 2.62900264e-06 3.20538249e-06
3.95000000e+04 2.97758167e-39 3.05423635e-39 3.71630511e-39 2.97758167e-39 3.05423635e-39 3.71630511e-39 2.58299143e-06 2.65054430e-06 3.22796420e-06
3.96000000e+04 2.98913258e-39 3.06581169e-39 3.72827604e-39 2.98913258e-39 3.06581169e-39 3.72827604e-39 2.58002183e-06 2.64504963e-06 3.22858933e-06
3.97000000e+04 3.00068515e-39 3.07738804e-39 3.74024347e-39 3.00068515e-39 3.07738804e-39 3.74024347e-39 2.62181170e-06 2.67332598e-06 3.24210983e-06
3.98000000e+04 3.01223930e-39 3.08896533e-39 3.75220736e-39 3.01223930e-39 3.08896533e-39 3.75220736e-39 2.62096640e-06 2.70285613e-06 3.23017392e-06
3.99000000e+04 3.02379496e-39 3.10054348e-39 3.76416767e-39 3.02379496e-39 3.10054348e-39 3.76416767e-39 2.66479128e-06 2.66292352e-06 3.27483494e-06
4.00000000e+04 3.03535205e-39 3.11212244e-39 3.77612436e-39 3.03535205e-39 3.11212244e-39 3.77612436e-39 2.67737449e-06 2.75390013e-06 3.24378271e-06
4.01000000e+04 3.04691052e-39 3.12370213e-39 3.78807740e-39 3.04691052e-39 3.12370213e-39 3.78807740e-39 2.69974859e-06 2.73958934e-06 3.34203571e-06
4.02000000e+04 3.05847029e-39 3.13528250e-39 3.80002674e-39 3.05847029e-39 3.13528250e-39 3.80002674e-39 2.71841562e-06 2.78531757e-06 3.34880904e-06
4.03000000e+04 3.07003130e-39 3.14686347e-39 3.81197235e-39 3.07003130e-39 3.14686347e-39 3.81197235e-39 2.72102949e-06 2.80674437e-06 3.39097937e-06
4.04000000e+04 3.08159348e-39 3.15844498e-39 3.82391418e-39 3.08159348e-39 3.15844498e-39 3.82391418e-39 2.76152847e-06 2.79962381e-06 3.41057303e-06
4.05000000e+04 3.09315675e-39 3.17002696e-39 3.83585221e-39 3.09315675e-39 3.17002696e-39 3.83585221e-39 2.78732665e-06 2.82887177e-06 3.45130064e-06
4.06000000e+04 3.10472107e-39 3.18160936e-39 3.84778640e-39 3.10472107e-39 3.18160936e-39 3.84778640e-39 2.80596544e-06 2.86314153e-06 3.44720921e-06
4.07000000e+04 3.11628635e-39 3.19319212e-39 3.85971671e-39 3.11628635e-39 3.19319212e-39 3.85971671e-39 2.82332867e-06 2.85462483e-06 3.42785446e-06
4.08000000e+04 3.12785255e-39 3.20477516e-39 3.87164310e-39 3.12785255e-39 3.20477516e-39 3.87164310e-39 2.84344142e-06 2.89128000e-06 3.51817450e-06
4.09000000e+04 3.13941959e-39 3.21635843e-39 3.88356555e-39 3.13941959e-39 3.21635843e-39 3.88356555e-39 2.85496083e-06 2.94197988e-06 3.54195139e-06
4.10000000e+04 3.15098741e-39 3.22794187e-39 3.89548401e-39 3.15098741e-39 3.22794187e-39 3.89548401e-39 2.89190857e-06 2.96050856e-06 3.50039772e-06
4.11000000e+04 3.16255595e-39 3.23952542e-39 3.90739847e-39 3.16255595e-39 3.23952542e-39 3.90739847e-39 2.91177047e-06 2.96130457e-06 3.55560961e-06
4.12000000e+04 3.17412515e-39 3.25110902e-39 3.91930887e-39 3.17412515e-39 3.25110902e-39 3.91930887e-39 2.92027979e-06 2.99979980e-06 3.61942641e-06
4.13000000e+04 3.18569495e-39 3.26269262e-39 3.93121520e-39 3.18569495e-39 3.26269262e-39 3.93121520e-39 2.95444340e-06 3.01582148e-06 3.58530356e-06
4.14000000e+04 3.19726528e-39 3.27427615e-39 3.94311742e-39 3.19726528e-39 3.27427615e-39 3.94311742e-39 2.95404140e-06 3.03018840e-06 3.66225662e-06
4.15000000e+04 3.20883610e-39 3.28585956e-39 3.95501550e-39 3.20883610e-39 3.28585956e-39 3.95501550e-39 2.98972382e-06 3.00673258e-06 3.60201216e-06
4.16000000e+04 3.22040733e-39 3.29744279e-39 3.96690941e-39 3.22040733e-39 3.29744279e-39 3.96690941e-39 3.00648120e-06 3.06249534e-06 3.64805441e-06
4.17000000e+04 3.23197893e-39 3.30902579e-39 3.97879911e-39 3.23197893e-39 3.30902579e-39 3.97879911e-39 3.02424272e-06 3.10634471e-06 3.64732529e-06
4.18000000e+04 3.24355083e-39 3.32060850e-39 3.99068459e-39 3.24355083e-39 3.32060850e-39 3.99068459e-39 3.05015502e-06 3.13483364e-06 3.75790983e-06
4.19000000e+04 3.25512298e-39 3.33219087e-39 4.00256582e-39 3.25512298e-39 3.33219087e-39 4.00256582e-39 3.07639885e-06 3.09389531e-06 3.67578444e-06
4.20000000e+04 3.26669532e-39 3.34377285e-39 4.01444275e-39 3.26669532e-39 3.34377285e-39 4.01444275e-39 3.08519470e-06 3.17235445e-06 3.70401353e-06
4.21000000e+04 3.27826779e-39 3.35535438e-39 4.02631538e-39 3.27826779e-39 3.35535438e-39 4.02631538e-39 3.11544796e-06 3.17520456e-06 3.77884001e-06
4.22000000e+04 3.28984035e-39 3.36693541e-39 4.03818366e-39 3.28984035e-39 3.36693541e-39 4.03818366e-39 3.15195028e-06 3.19620052e-06 3.81213425e-06
4.23000000e+04 3.30141294e-39 3.37851588e-39 4.05004758e-39 3.30141294e-39 3.37851588e-39 4.05004758e-39 3.17638403e-06 3.21467732e-06 3.81967894e-06
4.24000000e+04 3.31298550e-39 3.39009576e-39 4.06190711e-39 3.31298550e-39 3.39009576e-39 4.06190711e-39 3.19508767e-06 3.24773888e-06 3.89103197e-06
4.25000000e+04 3.32455797e-39 3.40167498e-39 4.07376222e-39 3.32455797e-39 3.40167498e-39 4.07376222e-39 3.18691145e-06 3.25673641e-06 3.85169133e-06
4.26000000e+04 3.33613032e-39 3.41325350e-39 4.08561288e-39 3.33613032e-39 3.41325350e-39 4.08561288e-39 3.22270148e-06 3.24358321e-06 3.89556398e-06
4.27000000e+04 3.34770248e-39 3.42483126e-39 4.09745908e-39 3.34770248e-39 3.42483126e-39 4.09745908e-39 3.23904909e-06 3.26360088e-06 3.87659220e-06
4.28000000e+04 3.35927441e-39 3.43640823e-39 4.10930079e-39 3.35927441e-39 3.43640823e-39 4.10930079e-39 3.28112798e-06 3.35901644e-06 4.02421455e-06
4.29000000e+04 3.37084605e-39 3.44798434e-39 4.12113798e-39 3.37084605e-39 3.44798434e-39 4.12113798e-39 3.30731324e-06 3.31122803e-06 4.04739581e-06
4.30000000e+04 3.38241736e-39 3.45955956e-39 4.13297064e-39 3.38241736e-39 3.45955956e-39 4.13297064e-39 3.31549864e-06 3.39114723e-06 4.04021908e-06
4.31000000e+04 3.39398827e-39 3.47113384e-39 4.14479873e-39 3.39398827e-39 3.47113384e-39 4.14479873e-39 3.33314298e-06 3.35057349e-06 4.00953798e-06
4.32000000e+04 3.40555876e-39 3.48270713e-39 4.15662224e-39 3.40555876e-39 3.48270713e-39 4.15662224e-39 3.38341112e-06 3.37454833e-06 4.03920831e-06
4.33000000e+04 3.41712876e-39 3.49427938e-39 4.16844115e-39 3.41712876e-39 3.49427938e-39 4.16844115e-39 3.40193079e-06 3.41216082e-06 4.12397614e-06
4.34000000e+04 3.42869823e-39 3.50585056e-39 4.18025543e-39 3.42869823e-39 3.50585056e-39 4.18025543e-39 3.41722880e-06 3.47939699e-06 4.11151078e-06
4.35000000e+04 3.44026712e-39 3.51742061e-39 4.19206507e-39 3.44026712e-39 3.51742061e-39 4.19206507e-39 3.42862298e-06 3.49365514e-06 4.10134416e-06
4.36000000e+04 3.45183539e-39 3.52898949e-39 4.20387004e-39 3.45183539e-39 3.52898949e-39 4.20387004e-39 3.46523954e-06 3.52154364e-06 4.11971735e-06
4.37000000e+04 3.46340299e-39 3.54055716e-39 4.21567032e-39 3.46340299e-39 3.54055716e-39 4.21567032e-39 3.46358806e-06 3.53947583e-06 4.24795387e-06
4.38000000e+04 3.47496987e-39 3.55212357e-39 4.22746590e-39 3.47496987e-39 3.55212357e-39 4.22746590e-39 3.52546860e-06 3.55408627e-06 4.19114899e-06
4.39000000e+04 3.48653599e-39 3.56368869e-39 4.23925675e-39 3.48653599e-39 3.56368869e-39 4.23925675e-39 3.53764527e-06 3.61897493e-06 4.30259654e-06
4.40000000e+04 3.49810130e-39 3.57525246e-39 4.25104285e-39 3.49810130e-39 3.57525246e-39 4.25104285e-39 3.54932247e-06 3.59409902e-06 4.30242541e-06
4.41000000e+04 3.50966576e-39 3.58681486e-39 4.26282420e-39 3.50966576e-39 3.58681486e-39 4.26282420e-39 3.58480101e-06 3.62869057e-06 4.23559023e-06
4.42000000e+04 3.52122933e-39 3.59837584e-39 4.27460077e-39 3.52122933e-39 3.59837584e-39 4.27460077e-39 3.60893539e-06 3.68512785e-06 4.35524833e-06
4.43000000e+04 3.53279196e-39 3.60993535e-39 4.28637254e-39 3.53279196e-39 3.60993535e-39 4.28637254e-39 3.62826654e-06 3.70043308e-06 4.31392423e-06
4.44000000e+04 3.54435361e-39 3.62149336e-39 4.29813949e-39 3.54435361e-39 3.62149336e-39 4.29813949e-39 3.65143047e-06 3.72182771e-06 4.43114617e-06
4.45000000e+04 3.55591424e-39 3.63304984e-39 4.30990161e-39 3.55591424e-39 3.63304984e-39 4.30990161e-39 3.68980485e-06 3.71485087e-06 4.38476241e-06
4.46000000e+04 3.56747380e-39 3.64460473e-39 4.32165889e-39 3.56747380e-39 3.64460473e-39 4.32165889e-39 3.70530883e-06 3.75352281e-06 4.40828696e-06
4.47000000e+04 3.57903227e-39 3.65615800e-39 4.33341131e-39 3.57903227e-39 3.65615800e-39 4.33341131e-39 3.71340557e-06 3.77240336e-06 4.47773671e-06
4.48000000e+04 3.59058958e-39 3.66770962e-39 4.34515884e-39 3.59058958e-39 3.66770962e-39 4.34515884e-39 3.73885400e-06 3.80212972e-06 4.55877969e-06
4.49000000e+04 3.60214572e-39 3.67925955e-39 4.35690148e-39 3.60214572e-39 3.67925955e-39 4.35690148e-39 3.78217806e-06 3.84544393e-06 4.57626619e-06
4.50000000e+04 3.61370063e-39 3.69080775e-39 4.36863922e-39 3.61370063e-39 3.69080775e-39 4.36863922e-39 3.78215663e-06 3.89294707e-06 4.54377657e-06
4.51000000e+04 3.62525428e-39 3.70235418e-39 4.38037203e-39 3.62525428e-39 3.70235418e-39 4.38037203e-39 3.82118682e-06 3.90715510e-06 4.60819169e-06
4.52000000e+04 3.63680662e-39 3.71389881e-39 4.39209990e-39 3.63680662e-39 3.71389881e-39 4.39209990e-39 3.82283918e-06 3.89762457e-06 4.65298502e-06
4.53000000e+04 3.64835763e-39 3.72544160e-39 4.40382283e-39 3.64835763e-39 3.72544160e-39 4.40382283e-39 3.87526195e-06 3.87075015e-06 4.67326966e-06
4.54000000e+04 3.65990726e-39 3.73698252e-39 4.41554079e-39 3.65990726e-39 3.73698252e-39 4.41554079e-39 3.90130465e-06 3.96506743e-06 4.63022868e-06
4.55000000e+04 3.67145548e-39 3.74852154e-39 4.42725378e-39 3.67145548e-39 3.74852154e-39 4.42725378e-39 3.92432044e-06 3.97709011e-06 4.60153506e-06
4.56000000e+04 3.68300224e-39 3.76005862e-39 4.43896178e-39 3.68300224e-39 3.76005862e-39 4.43896178e-39 3.92316616e-06 3.97418002e-06 4.76815632e-06
4.57000000e+04 3.69454752e-39 3.77159372e-39 4.45066477e-39 3.69454752e-39 3.77159372e-39 4.45066477e-39 3.96161323e-06 4.00868346e-06 4.66538186e-06
4.58000000e+04 3.70609127e-39 3.78312681e-39 4.46236276e-39 3.70609127e-39 3.78312681e-39 4.46236276e-39 4.02060933e-06 4.10249407e-06 4.68357771e-06
4.59000000e+04 3.71763347e-39 3.79465787e-39 4.47405571e-39 3.71763347e-39 3.79465787e-39 4.47405571e-39 4.00265002e-06 4.07013895e-06 4.80171385e-06
4.60000000e+04 3.72917408e-39 3.80618686e-39 4.48574364e-39 3.72917408e-39 3.80618686e-39 4.48574364e-39 4.06222143e-06 4.10646461e-06 4.88297090e-06
4.61000000e+04 3.74071306e-39 3.81771374e-39 4.49742652e-39 3.74071306e-39 3.81771374e-39 4.49742652e-39 4.09682250e-06 4.15637986e-06 4.90565086e-06
4.62000000e+04 3.75225037e-39 3.82923849e-39 4.50910434e-39 3.75225037e-39 3.82923849e-39 4.50910434e-39 4.10735141e-06 4.20179284e-06 4.93392187e-06
4.63000000e+04 3.76378600e-39 3.84076107e-39 4.52077709e-39 3.76378600e-39 3.84076107e-39 4.52077709e-39 4.12942192e-06 4.18584884e-06 4.95149253e-06
4.64000000e+04 3.77531989e-39 3.85228146e-39 4.53244477e-39 3.77531989e-39 3.85228146e-39 4.53244477e-39 4.17503769e-06 4.23337280e-06 4.99306667e-06
4.65000000e+04 3.78685203e-39 3.86379962e-39 4.54410736e-39 3.78685203e-39 3.86379962e-39 4.54410736e-39 4.16151743e-06 4.28726216e-06 4.98506513e-06
4.66000000e+04 3.79838237e-39 3.87531553e-39 4.55576485e-39 3.79838237e-39 3.87531553e-39 4.55576485e-39 4.21405114e-06 4.28769321e-06 5.00229704e-06
4.67000000e+04 3.80991089e-39 3.88682915e-39 4.56741724e-39 3.80991089e-39 3.88682915e-39 4.56741724e-39 4.20968579e-06 4.27630616e-06 5.06701409e-06
4.68000000e+04 3.82143755e-39 3.89834046e-39 4.57906451e-39 3.82143755e-39 3.89834046e-39 4.57906451e-39 4.26955201e-06 4.32790144e-06 5.09622988e-06
4.69000000e+04 3.83296232e-39 3.90984943e-39 4.59070667e-39 3.83296232e-39 3.90984943e-39 4.59070667e-39 4.27133977e-06 4.36074990e-06 5.11321062e-06
4.70000000e+04 3.84448518e-39 3.92135603e-39 4.60234369e-39 3.84448518e-39 3.92135603e-39 4.60234369e-39 4.30986873e-06 4.41602110e-06 5.15321523e-06
4.71000000e+04 3.85600609e-39 3.93286023e-39 4.61397557e-39 3.85600609e-39 3.93286023e-39 4.61397557e-39 4.31710034e-06 4.43739763e-06 5.06452523e-06
4.72000000e+04 3.86752503e-39 3.94436201e-39 4.62560231e-39 3.86752503e-39 3.94436201e-39 4.62560231e-39 4.35902403e-06 4.39916875e-06 5.08795672e-06
4.73000000e+04 3.87904195e-39 3.95586134e-39 4.63722390e-39 3.87904195e-39 3.95586134e-39 4.63722390e-39 4.38646094e-06 4.49412455e-06 5.26549918e-06
4.74000000e+04 3.89055684e-39 3.96735819e-39 4.64884033e-39 3.89055684e-39 3.96735819e-39 4.64884033e-39 4.40948156e-06 4.48521950e-06 5.25798124e-06
4.75000000e+04 3.90206967e-39 3.97885254e-39 4.66045159e-39 3.90206967e-39 3.97885254e-39 4.66045159e-39 4.47018539e-06 4.52508631e-06 5.22837581e-06
4.76000000e+04 3.91358041e-39 3.99034437e-39 4.67205768e-39 3.91358041e-39 3.99034437e-39 4.67205768e-39 4.49857805e-06 4.48608324e-06 5.32081952e-06
4.77000000e+04 3.92508902e-39 4.00183363e-39 4.68365859e-39 3.92508902e-39 4.00183363e-39 4.68365859e-39 4.49741604e-06 4.60127066e-06 5.35532739e-06
4.78000000e+04 3.93659549e-39 4.01332032e-39 4.69525431e-39 3.93659549e-39 4.01332032e-39 4.69525431e-39 4.49524399e-06 4.53158359e-06 5.39874992e-06
4.79000000e+04 3.94809978e-39 4.02480441e-39 4.70684485e-39 3.94809978e-39 4.02480441e-39 4.70684485e-39 4.52549126e-06 4.57982898e-06 5.38186577e-06
4.80000000e+04 3.95960187e-39 4.03628587e-39 4.71843019e-39 3.95960187e-39 4.03628587e-39 4.71843019e-39 4.54941344e-06 4.68120393e-06 5.38916374e-06
4.81000000e+04 3.97110174e-39 4.04776468e-39 4.73001032e-39 3.97110174e-39 4.04776468e-39 4.73001032e-39 4.63675341e-06 4.66776595e-06 5.39822834e-06
4.82000000e+04 3.98259935e-39 4.05924081e-39 4.74158526e-39 3.98259935e-39 4.05924081e-39 4.74158526e-39 4.66359375e-06 4.71216552e-06 5.48616882e-06
4.83000000e+04 3.99409468e-39 4.07071425e-39 4.75315498e-39 3.99409468e-39 4.07071425e-39 4.75315498e-39 4.68062641e-06 4.69131958e-06 5.48006798e-06
4.84000000e+04 4.00558770e-39 4.08218496e-39 4.76471949e-39 4.00558770e-39 4.08218496e-39 4.76471949e-39 4.69610934e-06 4.79431564e-06 5.50114889e-06
4.85000000e+04 4.01707840e-39 4.09365294e-39 4.77627877e-39 4.01707840e-39 4.09365294e-39 4.77627877e-39 4.74607813e-06 4.81806836e-06 5.54892407e-06
4.86000000e+04 4.02856674e-39 4.10511815e-39 4.78783284e-39 4.02856674e-39 4.10511815e-39 4.78783284e-39 4.76551374e-06 4.78141851e-06 5.56571159e-06
4.87000000e+04 4.04005271e-39 4.11658058e-39 4.79938168e-39 4.04005271e-39 4.11658058e-39 4.79938168e-39 4.77625652e-06 4.88220456e-06 5.54939406e-06
4.88000000e+04 4.05153627e-39 4.12804020e-39 4.81092529e-39 4.05153627e-39 4.12804020e-39 4.81092529e-39 4.80562279e-06 4.85361283e-06 5.63739629e-06
4.89000000e+04 4.06301741e-39 4.13949699e-39 4.82246367e-39 4.06301741e-39 4.13949699e-39 4.82246367e-39 4.83704591e-06 4.90605136e-06 5.63877741e-06
4.90000000e+04 4.07449610e-39 4.15095093e-39 4.83399681e-39 4.07449610e-39 4.15095093e-39 4.83399681e-39 4.85859195e-06 4.96180195e-06 5.75330965e-06
4.91000000e+04 4.08597231e-39 4.16240200e-39 4.84552471e-39 4.08597231e-39 4.16240200e-39 4.84552471e-39 4.91156199e-06 4.97585002e-06 5.71985796e-06
4.92000000e+04 4.09744604e-39 4.17385019e-39 4.85704738e-39 4.09744604e-39 4.17385019e-39 4.85704738e-39 4.91159232e-06 4.91821155e-06 5.74598380e-06
4.93000000e+04 4.10891724e-39 4.18529546e-39 4.86856480e-39 4.10891724e-39 4.18529546e-39 4.86856480e-39 4.93196685e-06 5.05493778e-06 5.79932850e-06
4.94000000e+04 4.12038591e-39 4.19673781e-39 4.88007697e-39 4.12038591e-39 4.19673781e-39 4.88007697e-39 5.00390796e-06 5.09269043e-06 5.89133379e-06
4.95000000e+04 4.13185202e-39 4.20817721e-39 4.89158390e-39 4.13185202e-39 4.20817721e-39 4.89158390e-39 5.00745705e-06 5.04337153e-06 5.92367720e-06
4.96000000e+04 4.14331555e-39 4.21961365e-39 4.90308558e-39 4.14331555e-39 4.21961365e-39 4.90308558e-39 5.03597132e-06 5.10387600e-06 5.97791949e-06
4.97000000e+04 4.15477648e-39 4.23104710e-39 4.91458201e-39 4.15477648e-39 4.23104710e-39 4.91458201e-39 5.08960401e-06 5.11017655e-06 5.95553604e-06
4.98000000e+04 4.16623478e-39 4.24247755e-39 4.92607319e-39 4.16623478e-39 4.24247755e-39 4.92607319e-39 5.12434250e-06 5.19084446e-06 6.00596667e-06
4.99000000e+04 4.17769045e-39 4.25390498e-39 4.93755911e-39 4.17769045e-39 4.25390498e-39 4.93755911e-39 5.11146942e-06 5.24168630e-06 6.00107143e-06
5.00000000e+04 4.18914345e-39 4.26532937e-39 4.94903978e-39 4.18914345e-39 4.26532937e-39 4.94903978e-39 5.17636232e-06 5.19099620e-06 6.06846336e-06
