# Te [K]  Qff_DL [cm^5]  Qff_PL [cm^5]  Qff_KW [cm^5] int_DL  int_PL  int_KD abserr_int_DL  abserr_int_PL  abserr_int_KW
3.00000000e+02 1.01222075e-40 2.76036009e-40 9.37715459e-40 1.01222075e-40 2.76036009e-40 9.37715459e-40 5.65356910e-11 1.43019220e-10 4.57322691e-10
4.00000000e+02 1.17615188e-40 2.81616456e-40 9.45602995e-40 1.17615188e-40 2.81616456e-40 9.45602995e-40 1.01807636e-10 2.33560196e-10 7.87987064e-10
5.00000000e+02 1.32550784e-40 2.87362749e-40 9.54113023e-40 1.32550784e-40 2.87362749e-40 9.54113023e-40 1.61391206e-10 3.44359275e-10 1.13757939e-09
6.00000000e+02 1.46404376e-40 2.93243578e-40 9.63379271e-40 1.46404376e-40 2.93243578e-40 9.63379271e-40 2.36402140e-10 4.65921061e-10 1.41289733e-09
7.00000000e+02 1.59411569e-40 2.99261845e-40 9.73380568e-40 1.59411569e-40 2.99261845e-40 9.73380568e-40 3.22889974e-10 5.87561274e-10 1.74532171e-09
8.00000000e+02 1.71726428e-40 3.05435833e-40 9.83988883e-40 1.71726428e-40 3.05435833e-40 9.83988883e-40 4.25154278e-10 7.50616819e-10 2.26568861e-09
9.00000000e+02 1.83453110e-40 3.11788490e-40 9.95023057e-40 1.83453110e-40 3.11788490e-40 9.95023057e-40 5.37944029e-10 9.26369048e-10 2.91842824e-09
1.00000000e+03 1.94665094e-40 3.18341225e-40 1.00629065e-39 1.94665094e-40 3.18341225e-40 1.00629065e-39 6.70038789e-10 1.07997533e-09 3.29719370e-09
1.10000000e+03 2.05417143e-40 3.25110649e-40 1.01761426e-39 2.05417143e-40 3.25110649e-40 1.01761426e-39 8.10178076e-10 1.30324441e-09 3.96299128e-09
1.20000000e+03 2.15752639e-40 3.32107354e-40 1.02884463e-39 2.15752639e-40 3.32107354e-40 1.02884463e-39 9.67270035e-10 1.52805068e-09 4.54148660e-09
1.30000000e+03 2.25708002e-40 3.39335965e-40 1.03986456e-39 2.25708002e-40 3.39335965e-40 1.03986456e-39 1.15648935e-09 1.70397461e-09 5.24859327e-09
1.40000000e+03 2.35315289e-40 3.46795887e-40 1.05058766e-39 2.35315289e-40 3.46795887e-40 1.05058766e-39 1.35413165e-09 1.94258694e-09 5.97969036e-09
1.50000000e+03 2.44603691e-40 3.54482319e-40 1.06095436e-39 2.44603691e-40 3.54482319e-40 1.06095436e-39 1.55792271e-09 2.27266226e-09 6.68593084e-09
1.60000000e+03 2.53600385e-40 3.62387279e-40 1.07092719e-39 2.53600385e-40 3.62387279e-40 1.07092719e-39 1.78487221e-09 2.53434768e-09 7.28609665e-09
1.70000000e+03 2.62330994e-40 3.70500501e-40 1.08048610e-39 2.62330994e-40 3.70500501e-40 1.08048610e-39 2.02209609e-09 2.86887583e-09 8.19132117e-09
1.80000000e+03 2.70819838e-40 3.78810167e-40 1.08962426e-39 2.70819838e-40 3.78810167e-40 1.08962426e-39 2.25611005e-09 3.19737844e-09 8.84129168e-09
1.90000000e+03 2.79090046e-40 3.87303461e-40 1.09834465e-39 2.79090046e-40 3.87303461e-40 1.09834465e-39 2.54373205e-09 3.48517469e-09 9.46502196e-09
2.00000000e+03 2.87163616e-40 3.95966990e-40 1.10665720e-39 2.87163616e-40 3.95966990e-40 1.10665720e-39 2.81696091e-09 3.80914849e-09 1.05105361e-08
2.10000000e+03 2.95061424e-40 4.04787074e-40 1.11457663e-39 2.95061424e-40 4.04787074e-40 1.11457663e-39 3.10581295e-09 4.31095299e-09 1.17465596e-08
2.20000000e+03 3.02803229e-40 4.13749967e-40 1.12212078e-39 3.02803229e-40 4.13749967e-40 1.12212078e-39 3.44707523e-09 4.61176373e-09 1.26074443e-08
2.30000000e+03 3.10407658e-40 4.22842003e-40 1.12930933e-39 3.10407658e-40 4.22842003e-40 1.12930933e-39 3.78853114e-09 5.13107303e-09 1.34696221e-08
2.40000000e+03 3.17892207e-40 4.32049715e-40 1.13616291e-39 3.17892207e-40 4.32049715e-40 1.13616291e-39 4.12967891e-09 5.60427001e-09 1.46102516e-08
2.50000000e+03 3.25273237e-40 4.41359912e-40 1.14270242e-39 3.25273237e-40 4.41359912e-40 1.14270242e-39 4.45868104e-09 6.08133340e-09 1.53242833e-08
2.60000000e+03 3.32565975e-40 4.50759752e-40 1.14894853e-39 3.32565975e-40 4.50759752e-40 1.14894853e-39 4.86503798e-09 6.59752877e-09 1.64338673e-08
2.70000000e+03 3.39784531e-40 4.60236788e-40 1.15492139e-39 3.39784531e-40 4.60236788e-40 1.15492139e-39 5.25012609e-09 6.89094798e-09 1.73116671e-08
2.80000000e+03 3.46941913e-40 4.69779010e-40 1.16064040e-39 3.46941913e-40 4.69779010e-40 1.16064040e-39 5.68359058e-09 7.62564614e-09 1.86133635e-08
2.90000000e+03 3.54050049e-40 4.79374885e-40 1.16612406e-39 3.54050049e-40 4.79374885e-40 1.16612406e-39 6.07714601e-09 8.26510347e-09 2.01479442e-08
3.00000000e+03 3.61119824e-40 4.89013379e-40 1.17138993e-39 3.61119824e-40 4.89013379e-40 1.17138993e-39 6.56781671e-09 8.80105208e-09 2.08217380e-08
3.10000000e+03 3.68161109e-40 4.98683982e-40 1.17645456e-39 3.68161109e-40 4.98683982e-40 1.17645456e-39 6.96220479e-09 9.46030266e-09 2.22611431e-08
3.20000000e+03 3.75182808e-40 5.08376724e-40 1.18133351e-39 3.75182808e-40 5.08376724e-40 1.18133351e-39 7.51108647e-09 9.86901723e-09 2.31162614e-08
3.30000000e+03 3.82192895e-40 5.18082183e-40 1.18604135e-39 3.82192895e-40 5.18082183e-40 1.18604135e-39 7.95869560e-09 1.08187943e-08 2.47048854e-08
3.40000000e+03 3.89198466e-40 5.27791494e-40 1.19059174e-39 3.89198466e-40 5.27791494e-40 1.19059174e-39 8.51474679e-09 1.14958361e-08 2.54184948e-08
3.50000000e+03 3.96205784e-40 5.37496351e-40 1.19499738e-39 3.96205784e-40 5.37496351e-40 1.19499738e-39 9.02731231e-09 1.22051686e-08 2.68656062e-08
3.60000000e+03 4.03220331e-40 5.47189000e-40 1.19927015e-39 4.03220331e-40 5.47189000e-40 1.19927015e-39 9.55035108e-09 1.29444646e-08 2.80805378e-08
3.70000000e+03 4.10246855e-40 5.56862235e-40 1.20342109e-39 4.10246855e-40 5.56862235e-40 1.20342109e-39 1.01838427e-08 1.34974411e-08 2.99748190e-08
3.80000000e+03 4.17289425e-40 5.66509389e-40 1.20746050e-39 4.17289425e-40 5.66509389e-40 1.20746050e-39 1.07273199e-08 1.46281175e-08 3.06444889e-08
3.90000000e+03 4.24351476e-40 5.76124318e-40 1.21139795e-39 4.24351476e-40 5.76124318e-40 1.21139795e-39 1.13740416e-08 1.54008581e-08 3.21032846e-08
4.00000000e+03 4.31435862e-40 5.85701387e-40 1.21524234e-39 4.31435862e-40 5.85701387e-40 1.21524234e-39 1.19560304e-08 1.60761810e-08 3.37154143e-08
4.10000000e+03 4.38544900e-40 5.95235455e-40 1.21900195e-39 4.38544900e-40 5.95235455e-40 1.21900195e-39 1.25729091e-08 1.70704803e-08 3.43953445e-08
4.20000000e+03 4.45680418e-40 6.04721850e-40 1.22268448e-39 4.45680418e-40 6.04721850e-40 1.22268448e-39 1.33007437e-08 1.78528381e-08 3.54710708e-08
4.30000000e+03 4.52843798e-40 6.14156355e-40 1.22629710e-39 4.52843798e-40 6.14156355e-40 1.22629710e-39 1.39529411e-08 1.91302571e-08 3.74592982e-08
4.40000000e+03 4.60036021e-40 6.23535184e-40 1.22984647e-39 4.60036021e-40 6.23535184e-40 1.22984647e-39 1.46438767e-08 1.98264422e-08 3.93163724e-08
4.50000000e+03 4.67257702e-40 6.32854960e-40 1.23333878e-39 4.67257702e-40 6.32854960e-40 1.23333878e-39 1.54633681e-08 2.08761563e-08 4.08026625e-08
4.60000000e+03 4.74509133e-40 6.42112694e-40 1.23677980e-39 4.74509133e-40 6.42112694e-40 1.23677980e-39 1.63792893e-08 2.19922585e-08 4.22995579e-08
4.70000000e+03 4.81790314e-40 6.51305763e-40 1.24017490e-39 4.81790314e-40 6.51305763e-40 1.24017490e-39 1.71304121e-08 2.29631339e-08 4.34455651e-08
4.80000000e+03 4.89100991e-40 6.60431888e-40 1.24352906e-39 4.89100991e-40 6.60431888e-40 1.24352906e-39 1.79975642e-08 2.35084280e-08 4.40456920e-08
4.90000000e+03 4.96440682e-40 6.69489114e-40 1.24684694e-39 4.96440682e-40 6.69489114e-40 1.24684694e-39 1.87684236e-08 2.50808360e-08 4.59752619e-08
5.00000000e+03 5.03808711e-40 6.78475786e-40 1.25013286e-39 5.03808711e-40 6.78475786e-40 1.25013286e-39 1.95605521e-08 2.62640937e-08 4.78552869e-08
5.10000000e+03 5.11204228e-40 6.87390532e-40 1.25339086e-39 5.11204228e-40 6.87390532e-40 1.25339086e-39 2.05272451e-08 2.73618819e-08 4.88749735e-08
5.20000000e+03 5.18626242e-40 6.96232241e-40 1.25662467e-39 5.18626242e-40 6.96232241e-40 1.25662467e-39 2.12962510e-08 2.87493840e-08 5.09325922e-08
5.30000000e+03 5.26073635e-40 7.05000046e-40 1.25983780e-39 5.26073635e-40 7.05000046e-40 1.25983780e-39 2.22134910e-08 3.00449221e-08 5.26025359e-08
5.40000000e+03 5.33545188e-40 7.13693302e-40 1.26303351e-39 5.33545188e-40 7.13693302e-40 1.26303351e-39 2.34149048e-08 3.06460961e-08 5.36147693e-08
5.50000000e+03 5.41039599e-40 7.22311576e-40 1.26621483e-39 5.41039599e-40 7.22311576e-40 1.26621483e-39 2.43249413e-08 3.23480920e-08 5.60934528e-08
5.60000000e+03 5.48555498e-40 7.30854622e-40 1.26938460e-39 5.48555498e-40 7.30854622e-40 1.26938460e-39 2.51638524e-08 3.38022760e-08 5.76258142e-08
5.70000000e+03 5.56091463e-40 7.39322370e-40 1.27254543e-39 5.56091463e-40 7.39322370e-40 1.27254543e-39 2.62586175e-08 3.45709297e-08 5.98459083e-08
5.80000000e+03 5.63646035e-40 7.47714914e-40 1.27569980e-39 5.63646035e-40 7.47714914e-40 1.27569980e-39 2.73206538e-08 3.57824784e-08 6.06631511e-08
5.90000000e+03 5.71217731e-40 7.56032490e-40 1.27885000e-39 5.71217731e-40 7.56032490e-40 1.27885000e-39 2.84832938e-08 3.75275812e-08 6.21959587e-08
6.00000000e+03 5.78805051e-40 7.64275470e-40 1.28199815e-39 5.78805051e-40 7.64275470e-40 1.28199815e-39 2.96838630e-08 3.86774753e-08 6.35703347e-08
6.10000000e+03 5.86406493e-40 7.72444347e-40 1.28514626e-39 5.86406493e-40 7.72444347e-40 1.28514626e-39 3.06882969e-08 4.04700730e-08 6.50409933e-08
6.20000000e+03 5.94020558e-40 7.80539724e-40 1.28829617e-39 5.94020558e-40 7.80539724e-40 1.28829617e-39 3.16346733e-08 4.21032267e-08 6.77240390e-08
6.30000000e+03 6.01645759e-40 7.88562303e-40 1.29144961e-39 6.01645759e-40 7.88562303e-40 1.29144961e-39 3.31907714e-08 4.35007276e-08 6.87361775e-08
6.40000000e+03 6.09280628e-40 7.96512873e-40 1.29460821e-39 6.09280628e-40 7.96512873e-40 1.29460821e-39 3.44291261e-08 4.39475473e-08 7.27791296e-08
6.50000000e+03 6.16923721e-40 8.04392304e-40 1.29777346e-39 6.16923721e-40 8.04392304e-40 1.29777346e-39 3.56006163e-08 4.54024891e-08 7.40345816e-08
6.60000000e+03 6.24573624e-40 8.12201538e-40 1.30094675e-39 6.24573624e-40 8.12201538e-40 1.30094675e-39 3.68294716e-08 4.76619185e-08 7.38919775e-08
6.70000000e+03 6.32228955e-40 8.19941577e-40 1.30412941e-39 6.32228955e-40 8.19941577e-40 1.30412941e-39 3.82721526e-08 4.90522620e-08 7.62824091e-08
6.80000000e+03 6.39888371e-40 8.27613479e-40 1.30732263e-39 6.39888371e-40 8.27613479e-40 1.30732263e-39 3.96217909e-08 5.10548449e-08 7.83205526e-08
6.90000000e+03 6.47550567e-40 8.35218351e-40 1.31052756e-39 6.47550567e-40 8.35218351e-40 1.31052756e-39 4.10075321e-08 5.26037993e-08 8.18263148e-08
7.00000000e+03 6.55214283e-40 8.42757341e-40 1.31374524e-39 6.55214283e-40 8.42757341e-40 1.31374524e-39 4.20258576e-08 5.38134303e-08 8.36496617e-08
7.10000000e+03 6.62878303e-40 8.50231632e-40 1.31697666e-39 6.62878303e-40 8.50231632e-40 1.31697666e-39 4.35689520e-08 5.47523518e-08 8.41252355e-08
7.20000000e+03 6.70541455e-40 8.57642440e-40 1.32022272e-39 6.70541455e-40 8.57642440e-40 1.32022272e-39 4.53113033e-08 5.74670615e-08 8.90143660e-08
7.30000000e+03 6.78202615e-40 8.64991002e-40 1.32348428e-39 6.78202615e-40 8.64991002e-40 1.32348428e-39 4.68128960e-08 5.85641733e-08 9.00470940e-08
7.40000000e+03 6.85860709e-40 8.72278579e-40 1.32676211e-39 6.85860709e-40 8.72278579e-40 1.32676211e-39 4.80899765e-08 6.08703205e-08 9.06531201e-08
7.50000000e+03 6.93514707e-40 8.79506448e-40 1.33005694e-39 6.93514707e-40 8.79506448e-40 1.33005694e-39 4.97553397e-08 6.31108890e-08 9.37310169e-08
7.60000000e+03 7.01163632e-40 8.86675896e-40 1.33336946e-39 7.01163632e-40 8.86675896e-40 1.33336946e-39 5.10760518e-08 6.40244359e-08 9.36885902e-08
7.70000000e+03 7.08806552e-40 8.93788222e-40 1.33670029e-39 7.08806552e-40 8.93788222e-40 1.33670029e-39 5.28801396e-08 6.48185523e-08 9.99601877e-08
7.80000000e+03 7.16442585e-40 9.00844729e-40 1.34005001e-39 7.16442585e-40 9.00844729e-40 1.34005001e-39 5.44722988e-08 6.72615006e-08 9.77419813e-08
7.90000000e+03 7.24070894e-40 9.07846722e-40 1.34341916e-39 7.24070894e-40 9.07846722e-40 1.34341916e-39 5.59402421e-08 6.96201062e-08 1.04374451e-07
8.00000000e+03 7.31690693e-40 9.14795507e-40 1.34680823e-39 7.31690693e-40 9.14795507e-40 1.34680823e-39 5.71358801e-08 7.21300457e-08 1.03134633e-07
8.10000000e+03 7.39301238e-40 9.21692388e-40 1.35021767e-39 7.39301238e-40 9.21692388e-40 1.35021767e-39 5.91576787e-08 7.39826651e-08 1.07739222e-07
8.20000000e+03 7.46901832e-40 9.28538663e-40 1.35364791e-39 7.46901832e-40 9.28538663e-40 1.35364791e-39 6.10742656e-08 7.62469022e-08 1.10801710e-07
8.30000000e+03 7.54491823e-40 9.35335624e-40 1.35709934e-39 7.54491823e-40 9.35335624e-40 1.35709934e-39 6.25998131e-08 7.82226223e-08 1.10703024e-07
8.40000000e+03 7.62070601e-40 9.42084554e-40 1.36057229e-39 7.62070601e-40 9.42084554e-40 1.36057229e-39 6.46165719e-08 7.91422701e-08 1.15413738e-07
8.50000000e+03 7.69637598e-40 9.48786727e-40 1.36406711e-39 7.69637598e-40 9.48786727e-40 1.36406711e-39 6.61412883e-08 8.20622281e-08 1.18207255e-07
8.60000000e+03 7.77192287e-40 9.55443404e-40 1.36758408e-39 7.77192287e-40 9.55443404e-40 1.36758408e-39 6.76742872e-08 8.31562630e-08 1.17686124e-07
8.70000000e+03 7.84734182e-40 9.62055834e-40 1.37112347e-39 7.84734182e-40 9.62055834e-40 1.37112347e-39 7.00935796e-08 8.63841472e-08 1.21769478e-07
8.80000000e+03 7.92262832e-40 9.68625251e-40 1.37468552e-39 7.92262832e-40 9.68625251e-40 1.37468552e-39 7.21457764e-08 8.69272647e-08 1.20679380e-07
8.90000000e+03 7.99777826e-40 9.75152874e-40 1.37827045e-39 7.99777826e-40 9.75152874e-40 1.37827045e-39 7.39931161e-08 8.91776731e-08 1.25402660e-07
9.00000000e+03 8.07278787e-40 9.81639908e-40 1.38187846e-39 8.07278787e-40 9.81639908e-40 1.38187846e-39 7.59399519e-08 9.27472053e-08 1.26409317e-07
9.10000000e+03 8.14765372e-40 9.88087539e-40 1.38550973e-39 8.14765372e-40 9.88087539e-40 1.38550973e-39 7.78319001e-08 9.40429639e-08 1.32611100e-07
9.20000000e+03 8.22237274e-40 9.94496936e-40 1.38916440e-39 8.22237274e-40 9.94496936e-40 1.38916440e-39 7.99965757e-08 9.53468745e-08 1.34501858e-07
9.30000000e+03 8.29694214e-40 1.00086925e-39 1.39284261e-39 8.29694214e-40 1.00086925e-39 1.39284261e-39 8.23409563e-08 9.79170368e-08 1.33489786e-07
9.40000000e+03 8.37135945e-40 1.00720561e-39 1.39654449e-39 8.37135945e-40 1.00720561e-39 1.39654449e-39 8.40764028e-08 1.01392860e-07 1.36962965e-07
9.50000000e+03 8.44562249e-40 1.01350714e-39 1.40027013e-39 8.44562249e-40 1.01350714e-39 1.40027013e-39 8.64879826e-08 1.03748099e-07 1.43282102e-07
9.60000000e+03 8.51972935e-40 1.01977493e-39 1.40401962e-39 8.51972935e-40 1.01977493e-39 1.40401962e-39 8.75895309e-08 1.06054429e-07 1.44727431e-07
9.70000000e+03 8.59367842e-40 1.02601005e-39 1.40779304e-39 8.59367842e-40 1.02601005e-39 1.40779304e-39 8.96679619e-08 1.07688533e-07 1.47394222e-07
9.80000000e+03 8.66746829e-40 1.03221356e-39 1.41159043e-39 8.66746829e-40 1.03221356e-39 1.41159043e-39 9.30003973e-08 1.09925304e-07 1.51575552e-07
9.90000000e+03 8.74109783e-40 1.03838649e-39 1.41541184e-39 8.74109783e-40 1.03838649e-39 1.41541184e-39 9.46777401e-08 1.11207180e-07 1.49511721e-07
1.00000000e+04 8.81456613e-40 1.04452985e-39 1.41925732e-39 8.81456613e-40 1.04452985e-39 1.41925732e-39 9.70636008e-08 1.13445290e-07 1.52692225e-07
1.01000000e+04 8.88787249e-40 1.05064465e-39 1.42312686e-39 8.88787249e-40 1.05064465e-39 1.42312686e-39 9.85556330e-08 1.17417032e-07 1.56708446e-07
1.02000000e+04 8.96101643e-40 1.05673186e-39 1.42702049e-39 8.96101643e-40 1.05673186e-39 1.42702049e-39 1.01115529e-07 1.19185301e-07 1.61004398e-07
1.03000000e+04 9.03399765e-40 1.06279243e-39 1.43093820e-39 9.03399765e-40 1.06279243e-39 1.43093820e-39 1.03678999e-07 1.19593685e-07 1.62015418e-07
1.04000000e+04 9.10681607e-40 1.06882730e-39 1.43487998e-39 9.10681607e-40 1.06882730e-39 1.43487998e-39 1.06044096e-07 1.23825068e-07 1.62912520e-07
1.05000000e+04 9.17947174e-40 1.07483737e-39 1.43884581e-39 9.17947174e-40 1.07483737e-39 1.43884581e-39 1.08346218e-07 1.27848760e-07 1.67138891e-07
1.06000000e+04 9.25196491e-40 1.08082355e-39 1.44283566e-39 9.25196491e-40 1.08082355e-39 1.44283566e-39 1.11576843e-07 1.27859624e-07 1.70293217e-07
1.07000000e+04 9.32429596e-40 1.08678672e-39 1.44684950e-39 9.32429596e-40 1.08678672e-39 1.44684950e-39 1.12878620e-07 1.32044631e-07 1.75095994e-07
1.08000000e+04 9.39646546e-40 1.09272771e-39 1.45088727e-39 9.39646546e-40 1.09272771e-39 1.45088727e-39 1.16438692e-07 1.32202404e-07 1.73943008e-07
1.09000000e+04 9.46847407e-40 1.09864738e-39 1.45494892e-39 9.46847407e-40 1.09864738e-39 1.45494892e-39 1.18592206e-07 1.35797834e-07 1.78724466e-07
1.10000000e+04 9.54032260e-40 1.10454653e-39 1.45903439e-39 9.54032260e-40 1.10454653e-39 1.45903439e-39 1.21781745e-07 1.38413550e-07 1.83761445e-07
1.11000000e+04 9.61201200e-40 1.11042597e-39 1.46314362e-39 9.61201200e-40 1.11042597e-39 1.46314362e-39 1.24392823e-07 1.41575603e-07 1.87866128e-07
1.12000000e+04 9.68354331e-40 1.11628647e-39 1.46727653e-39 9.68354331e-40 1.11628647e-39 1.46727653e-39 1.25999607e-07 1.44773291e-07 1.86358568e-07
1.13000000e+04 9.75491768e-40 1.12212879e-39 1.47143305e-39 9.75491768e-40 1.12212879e-39 1.47143305e-39 1.29463285e-07 1.46474952e-07 1.90677518e-07
1.14000000e+04 9.82613637e-40 1.12795368e-39 1.47561309e-39 9.82613637e-40 1.12795368e-39 1.47561309e-39 1.31738711e-07 1.50149768e-07 1.96057503e-07
1.15000000e+04 9.89720073e-40 1.13376186e-39 1.47981656e-39 9.89720073e-40 1.13376186e-39 1.47981656e-39 1.33992247e-07 1.54022383e-07 2.01707711e-07
1.16000000e+04 9.96811219e-40 1.13955403e-39 1.48404337e-39 9.96811219e-40 1.13955403e-39 1.48404337e-39 1.36753109e-07 1.53160729e-07 2.01373089e-07
1.17000000e+04 1.00388723e-39 1.14533089e-39 1.48829342e-39 1.00388723e-39 1.14533089e-39 1.48829342e-39 1.39752836e-07 1.57383313e-07 2.01070278e-07
1.18000000e+04 1.01094825e-39 1.15109310e-39 1.49256660e-39 1.01094825e-39 1.15109310e-39 1.49256660e-39 1.42410199e-07 1.58812689e-07 2.08366061e-07
1.19000000e+04 1.01799446e-39 1.15684132e-39 1.49686282e-39 1.01799446e-39 1.15684132e-39 1.49686282e-39 1.45970261e-07 1.62246071e-07 2.12651998e-07
1.20000000e+04 1.02502603e-39 1.16257618e-39 1.50118195e-39 1.02502603e-39 1.16257618e-39 1.50118195e-39 1.48182562e-07 1.68039830e-07 2.16976968e-07
1.21000000e+04 1.03204314e-39 1.16829832e-39 1.50552389e-39 1.03204314e-39 1.16829832e-39 1.50552389e-39 1.51416988e-07 1.67311437e-07 2.21241637e-07
1.22000000e+04 1.03904596e-39 1.17400833e-39 1.50988851e-39 1.03904596e-39 1.17400833e-39 1.50988851e-39 1.53984460e-07 1.71838321e-07 2.17939371e-07
1.23000000e+04 1.04603468e-39 1.17970680e-39 1.51427570e-39 1.04603468e-39 1.17970680e-39 1.51427570e-39 1.57782914e-07 1.76495868e-07 2.22762486e-07
1.24000000e+04 1.05300951e-39 1.18539431e-39 1.51868534e-39 1.05300951e-39 1.18539431e-39 1.51868534e-39 1.60848295e-07 1.78278686e-07 2.29648205e-07
1.25000000e+04 1.05997062e-39 1.19107141e-39 1.52311729e-39 1.05997062e-39 1.19107141e-39 1.52311729e-39 1.62780787e-07 1.83117656e-07 2.35368187e-07
1.26000000e+04 1.06691822e-39 1.19673866e-39 1.52757143e-39 1.06691822e-39 1.19673866e-39 1.52757143e-39 1.65877992e-07 1.85117897e-07 2.33438896e-07
1.27000000e+04 1.07385252e-39 1.20239658e-39 1.53204763e-39 1.07385252e-39 1.20239658e-39 1.53204763e-39 1.70062693e-07 1.89873672e-07 2.39419985e-07
1.28000000e+04 1.08077371e-39 1.20804568e-39 1.53654576e-39 1.08077371e-39 1.20804568e-39 1.53654576e-39 1.71077897e-07 1.92678513e-07 2.38803201e-07
1.29000000e+04 1.08768201e-39 1.21368647e-39 1.54106567e-39 1.08768201e-39 1.21368647e-39 1.54106567e-39 1.76102708e-07 1.93000232e-07 2.44738922e-07
1.30000000e+04 1.09457762e-39 1.21931944e-39 1.54560724e-39 1.09457762e-39 1.21931944e-39 1.54560724e-39 1.79366272e-07 1.99535106e-07 2.51082822e-07
1.31000000e+04 1.10146076e-39 1.22494505e-39 1.55017033e-39 1.10146076e-39 1.22494505e-39 1.55017033e-39 1.82491772e-07 2.02020925e-07 2.48330870e-07
1.32000000e+04 1.10833163e-39 1.23056378e-39 1.55475479e-39 1.10833163e-39 1.23056378e-39 1.55475479e-39 1.84106693e-07 2.04020316e-07 2.55784023e-07
1.33000000e+04 1.11519044e-39 1.23617607e-39 1.55936048e-39 1.11519044e-39 1.23617607e-39 1.55936048e-39 1.89113460e-07 2.08978710e-07 2.61307100e-07
1.34000000e+04 1.12203743e-39 1.24178235e-39 1.56398726e-39 1.12203743e-39 1.24178235e-39 1.56398726e-39 1.91796543e-07 2.12538826e-07 2.67494065e-07
1.35000000e+04 1.12887279e-39 1.24738305e-39 1.56863499e-39 1.12887279e-39 1.24738305e-39 1.56863499e-39 1.95908376e-07 2.13989089e-07 2.70317559e-07
1.36000000e+04 1.13569674e-39 1.25297858e-39 1.57330352e-39 1.13569674e-39 1.25297858e-39 1.57330352e-39 1.98666657e-07 2.16784825e-07 2.75865265e-07
1.37000000e+04 1.14250949e-39 1.25856934e-39 1.57799271e-39 1.14250949e-39 1.25856934e-39 1.57799271e-39 2.02784123e-07 2.22528010e-07 2.78285897e-07
1.38000000e+04 1.14931127e-39 1.26415572e-39 1.58270240e-39 1.14931127e-39 1.26415572e-39 1.58270240e-39 2.06101033e-07 2.26430789e-07 2.79591665e-07
1.39000000e+04 1.15610229e-39 1.26973809e-39 1.58743245e-39 1.15610229e-39 1.26973809e-39 1.58743245e-39 2.08472143e-07 2.28268778e-07 2.85981416e-07
1.40000000e+04 1.16288276e-39 1.27531683e-39 1.59218272e-39 1.16288276e-39 1.27531683e-39 1.59218272e-39 2.12330530e-07 2.31559425e-07 2.91221614e-07
1.41000000e+04 1.16965289e-39 1.28089229e-39 1.59695304e-39 1.16965289e-39 1.28089229e-39 1.59695304e-39 2.16582084e-07 2.36874248e-07 2.94850975e-07
1.42000000e+04 1.17641290e-39 1.28646481e-39 1.60174328e-39 1.17641290e-39 1.28646481e-39 1.60174328e-39 2.19732382e-07 2.37001040e-07 2.96597989e-07
1.43000000e+04 1.18316299e-39 1.29203472e-39 1.60655328e-39 1.18316299e-39 1.29203472e-39 1.60655328e-39 2.22002925e-07 2.43590829e-07 3.02413280e-07
1.44000000e+04 1.18990339e-39 1.29760236e-39 1.61138290e-39 1.18990339e-39 1.29760236e-39 1.61138290e-39 2.24894472e-07 2.44198792e-07 3.04741648e-07
1.45000000e+04 1.19663429e-39 1.30316804e-39 1.61623197e-39 1.19663429e-39 1.30316804e-39 1.61623197e-39 2.30105833e-07 2.49333329e-07 3.07155029e-07
1.46000000e+04 1.20335592e-39 1.30873207e-39 1.62110035e-39 1.20335592e-39 1.30873207e-39 1.62110035e-39 2.31824685e-07 2.54193910e-07 3.15500220e-07
1.47000000e+04 1.21006846e-39 1.31429473e-39 1.62598790e-39 1.21006846e-39 1.31429473e-39 1.62598790e-39 2.35706953e-07 2.59274907e-07 3.17803380e-07
1.48000000e+04 1.21677213e-39 1.31985632e-39 1.63089445e-39 1.21677213e-39 1.31985632e-39 1.63089445e-39 2.41502163e-07 2.57200177e-07 3.13877183e-07
1.49000000e+04 1.22346713e-39 1.32541712e-39 1.63581985e-39 1.22346713e-39 1.32541712e-39 1.63581985e-39 2.45180327e-07 2.62017085e-07 3.25770887e-07
1.50000000e+04 1.23015367e-39 1.33097740e-39 1.64076397e-39 1.23015367e-39 1.33097740e-39 1.64076397e-39 2.47132424e-07 2.67266963e-07 3.33555118e-07
1.51000000e+04 1.23683194e-39 1.33653741e-39 1.64572663e-39 1.23683194e-39 1.33653741e-39 1.64572663e-39 2.52389261e-07 2.72483063e-07 3.30513050e-07
1.52000000e+04 1.24350213e-39 1.34209742e-39 1.65070770e-39 1.24350213e-39 1.34209742e-39 1.65070770e-39 2.56403821e-07 2.77888651e-07 3.35517908e-07
1.53000000e+04 1.25016445e-39 1.34765767e-39 1.65570701e-39 1.25016445e-39 1.34765767e-39 1.65570701e-39 2.60486802e-07 2.81293300e-07 3.37224368e-07
1.54000000e+04 1.25681910e-39 1.35321839e-39 1.66072443e-39 1.25681910e-39 1.35321839e-39 1.66072443e-39 2.65714425e-07 2.85887622e-07 3.46801898e-07
1.55000000e+04 1.26346625e-39 1.35877981e-39 1.66575980e-39 1.26346625e-39 1.35877981e-39 1.66575980e-39 2.68684840e-07 2.88087725e-07 3.51211744e-07
1.56000000e+04 1.27010610e-39 1.36434217e-39 1.67081297e-39 1.27010610e-39 1.36434217e-39 1.67081297e-39 2.71492051e-07 2.89430557e-07 3.57568568e-07
1.57000000e+04 1.27673884e-39 1.36990567e-39 1.67588378e-39 1.27673884e-39 1.36990567e-39 1.67588378e-39 2.77109668e-07 2.93975146e-07 3.64324490e-07
1.58000000e+04 1.28336465e-39 1.37547052e-39 1.68097210e-39 1.28336465e-39 1.37547052e-39 1.68097210e-39 2.81345971e-07 2.99225066e-07 3.69269338e-07
1.59000000e+04 1.28998371e-39 1.38103692e-39 1.68607776e-39 1.28998371e-39 1.38103692e-39 1.68607776e-39 2.84667474e-07 3.02291279e-07 3.71597779e-07
1.60000000e+04 1.29659621e-39 1.38660508e-39 1.69120063e-39 1.29659621e-39 1.38660508e-39 1.69120063e-39 2.88291881e-07 3.07493450e-07 3.78315326e-07
1.61000000e+04 1.30320232e-39 1.39217517e-39 1.69634055e-39 1.30320232e-39 1.39217517e-39 1.69634055e-39 2.94427397e-07 3.12938211e-07 3.70815269e-07
1.62000000e+04 1.30980221e-39 1.39774738e-39 1.70149738e-39 1.30980221e-39 1.39774738e-39 1.70149738e-39 2.97738930e-07 3.12229350e-07 3.77626712e-07
1.63000000e+04 1.31639607e-39 1.40332189e-39 1.70667096e-39 1.31639607e-39 1.40332189e-39 1.70667096e-39 3.02855564e-07 3.15744346e-07 3.84753341e-07
1.64000000e+04 1.32298405e-39 1.40889886e-39 1.71186116e-39 1.32298405e-39 1.40889886e-39 1.71186116e-39 3.06167903e-07 3.21191445e-07 3.92929127e-07
1.65000000e+04 1.32956634e-39 1.41447846e-39 1.71706782e-39 1.32956634e-39 1.41447846e-39 1.71706782e-39 3.11568356e-07 3.26827825e-07 3.99918581e-07
1.66000000e+04 1.33614308e-39 1.42006084e-39 1.72229080e-39 1.33614308e-39 1.42006084e-39 1.72229080e-39 3.16248618e-07 3.35206855e-07 4.02753764e-07
1.67000000e+04 1.34271446e-39 1.42564617e-39 1.72752996e-39 1.34271446e-39 1.42564617e-39 1.72752996e-39 3.20512121e-07 3.39879656e-07 4.01026339e-07
1.68000000e+04 1.34928062e-39 1.43123459e-39 1.73278515e-39 1.34928062e-39 1.43123459e-39 1.73278515e-39 3.23919060e-07 3.36671953e-07 4.06187708e-07
1.69000000e+04 1.35584172e-39 1.43682623e-39 1.73805622e-39 1.35584172e-39 1.43682623e-39 1.73805622e-39 3.27788667e-07 3.42581810e-07 4.18255627e-07
1.70000000e+04 1.36239792e-39 1.44242124e-39 1.74334303e-39 1.36239792e-39 1.44242124e-39 1.74334303e-39 3.32475438e-07 3.47488978e-07 4.14832149e-07
1.71000000e+04 1.36894938e-39 1.44801975e-39 1.74864545e-39 1.36894938e-39 1.44801975e-39 1.74864545e-39 3.37480346e-07 3.56904979e-07 4.27454223e-07
1.72000000e+04 1.37549624e-39 1.45362188e-39 1.75396333e-39 1.37549624e-39 1.45362188e-39 1.75396333e-39 3.42284402e-07 3.59565457e-07 4.36570614e-07
1.73000000e+04 1.38203864e-39 1.45922776e-39 1.75929653e-39 1.38203864e-39 1.45922776e-39 1.75929653e-39 3.47593584e-07 3.62917566e-07 4.32555167e-07
1.74000000e+04 1.38857675e-39 1.46483750e-39 1.76464490e-39 1.38857675e-39 1.46483750e-39 1.76464490e-39 3.51968818e-07 3.70005589e-07 4.48220421e-07
1.75000000e+04 1.39511070e-39 1.47045122e-39 1.77000832e-39 1.39511070e-39 1.47045122e-39 1.77000832e-39 3.55918404e-07 3.76247995e-07 4.53041389e-07
1.76000000e+04 1.40164062e-39 1.47606902e-39 1.77538663e-39 1.40164062e-39 1.47606902e-39 1.77538663e-39 3.61794469e-07 3.76889896e-07 4.55968981e-07
1.77000000e+04 1.40816666e-39 1.48169102e-39 1.78077971e-39 1.40816666e-39 1.48169102e-39 1.78077971e-39 3.66010095e-07 3.78758283e-07 4.62311329e-07
1.78000000e+04 1.41468896e-39 1.48731730e-39 1.78618742e-39 1.41468896e-39 1.48731730e-39 1.78618742e-39 3.70756789e-07 3.87426759e-07 4.65323368e-07
1.79000000e+04 1.42120764e-39 1.49294797e-39 1.79160961e-39 1.42120764e-39 1.49294797e-39 1.79160961e-39 3.75943354e-07 3.93482889e-07 4.74620308e-07
1.80000000e+04 1.42772283e-39 1.49858312e-39 1.79704617e-39 1.42772283e-39 1.49858312e-39 1.79704617e-39 3.80418722e-07 3.93055166e-07 4.79665703e-07
1.81000000e+04 1.43423467e-39 1.50422284e-39 1.80249694e-39 1.43423467e-39 1.50422284e-39 1.80249694e-39 3.84052500e-07 3.97774602e-07 4.70123429e-07
1.82000000e+04 1.44074329e-39 1.50986720e-39 1.80796179e-39 1.44074329e-39 1.50986720e-39 1.80796179e-39 3.91135117e-07 4.08933889e-07 4.80521858e-07
1.83000000e+04 1.44724879e-39 1.51551630e-39 1.81344061e-39 1.44724879e-39 1.51551630e-39 1.81344061e-39 3.94157721e-07 4.14001827e-07 4.95259799e-07
1.84000000e+04 1.45375131e-39 1.52117021e-39 1.81893324e-39 1.45375131e-39 1.52117021e-39 1.81893324e-39 3.98557427e-07 4.12198014e-07 4.93728497e-07
1.85000000e+04 1.46025097e-39 1.52682901e-39 1.82443956e-39 1.46025097e-39 1.52682901e-39 1.82443956e-39 4.04857874e-07 4.19781084e-07 4.94769352e-07
1.86000000e+04 1.46674787e-39 1.53249275e-39 1.82995945e-39 1.46674787e-39 1.53249275e-39 1.82995945e-39 4.08275413e-07 4.27421270e-07 5.02246528e-07
1.87000000e+04 1.47324214e-39 1.53816152e-39 1.83549276e-39 1.47324214e-39 1.53816152e-39 1.83549276e-39 4.14984973e-07 4.34477173e-07 5.04113654e-07
1.88000000e+04 1.47973389e-39 1.54383538e-39 1.84103938e-39 1.47973389e-39 1.54383538e-39 1.84103938e-39 4.21641112e-07 4.39480816e-07 5.24410068e-07
1.89000000e+04 1.48622322e-39 1.54951438e-39 1.84659917e-39 1.48622322e-39 1.54951438e-39 1.84659917e-39 4.26080346e-07 4.37749212e-07 5.15895692e-07
1.90000000e+04 1.49271024e-39 1.55519858e-39 1.85217201e-39 1.49271024e-39 1.55519858e-39 1.85217201e-39 4.30388681e-07 4.43985017e-07 5.24731787e-07
1.91000000e+04 1.49919507e-39 1.56088805e-39 1.85775777e-39 1.49919507e-39 1.56088805e-39 1.85775777e-39 4.38017919e-07 4.46408563e-07 5.41790295e-07
1.92000000e+04 1.50567779e-39 1.56658283e-39 1.86335633e-39 1.50567779e-39 1.56658283e-39 1.86335633e-39 4.42695802e-07 4.52392262e-07 5.43378508e-07
1.93000000e+04 1.51215852e-39 1.57228297e-39 1.86896756e-39 1.51215852e-39 1.57228297e-39 1.86896756e-39 4.48276852e-07 4.57736207e-07 5.52364374e-07
1.94000000e+04 1.51863735e-39 1.57798853e-39 1.87459134e-39 1.51863735e-39 1.57798853e-39 1.87459134e-39 4.53953122e-07 4.67462989e-07 5.50046286e-07
1.95000000e+04 1.52511438e-39 1.58369953e-39 1.88022755e-39 1.52511438e-39 1.58369953e-39 1.88022755e-39 4.56343581e-07 4.73890971e-07 5.60126287e-07
1.96000000e+04 1.53158970e-39 1.58941603e-39 1.88587606e-39 1.53158970e-39 1.58941603e-39 1.88587606e-39 4.63522772e-07 4.80476244e-07 5.67192199e-07
1.97000000e+04 1.53806340e-39 1.59513807e-39 1.89153676e-39 1.53806340e-39 1.59513807e-39 1.89153676e-39 4.68845084e-07 4.87087137e-07 5.77440950e-07
1.98000000e+04 1.54453559e-39 1.60086568e-39 1.89720953e-39 1.54453559e-39 1.60086568e-39 1.89720953e-39 4.75031948e-07 4.84282641e-07 5.65298470e-07
1.99000000e+04 1.55100633e-39 1.60659890e-39 1.90289424e-39 1.55100633e-39 1.60659890e-39 1.90289424e-39 4.80868174e-07 4.91020267e-07 5.91186330e-07
2.00000000e+04 1.55747573e-39 1.61233775e-39 1.90859077e-39 1.55747573e-39 1.61233775e-39 1.90859077e-39 4.87559973e-07 5.01116989e-07 5.97286806e-07
2.01000000e+04 1.56394387e-39 1.61808228e-39 1.91429902e-39 1.56394387e-39 1.61808228e-39 1.91429902e-39 4.89450321e-07 5.08365625e-07 5.91398531e-07
2.02000000e+04 1.57041082e-39 1.62383250e-39 1.92001887e-39 1.57041082e-39 1.62383250e-39 1.92001887e-39 4.95455131e-07 5.15903837e-07 6.04679092e-07
2.03000000e+04 1.57687667e-39 1.62958845e-39 1.92575020e-39 1.57687667e-39 1.62958845e-39 1.92575020e-39 5.03889868e-07 5.18971713e-07 6.14666808e-07
2.04000000e+04 1.58334150e-39 1.63535014e-39 1.93149289e-39 1.58334150e-39 1.63535014e-39 1.93149289e-39 5.08573111e-07 5.26771511e-07 6.04202856e-07
2.05000000e+04 1.58980539e-39 1.64111761e-39 1.93724683e-39 1.58980539e-39 1.64111761e-39 1.93724683e-39 5.16383952e-07 5.19538421e-07 6.15051197e-07
2.06000000e+04 1.59626841e-39 1.64689086e-39 1.94301192e-39 1.59626841e-39 1.64689086e-39 1.94301192e-39 5.18688861e-07 5.25915951e-07 6.23018105e-07
2.07000000e+04 1.60273064e-39 1.65266993e-39 1.94878803e-39 1.60273064e-39 1.65266993e-39 1.94878803e-39 5.27678141e-07 5.36484552e-07 6.37954685e-07
2.08000000e+04 1.60919214e-39 1.65845481e-39 1.95457506e-39 1.60919214e-39 1.65845481e-39 1.95457506e-39 5.31906852e-07 5.49613392e-07 6.41846558e-07
2.09000000e+04 1.61565299e-39 1.66424554e-39 1.96037289e-39 1.61565299e-39 1.66424554e-39 1.96037289e-39 5.37236054e-07 5.55502646e-07 6.53143110e-07
2.10000000e+04 1.62211326e-39 1.67004212e-39 1.96618143e-39 1.62211326e-39 1.67004212e-39 1.96618143e-39 5.41616426e-07 5.61523684e-07 6.59100655e-07
2.11000000e+04 1.62857300e-39 1.67584457e-39 1.97200055e-39 1.62857300e-39 1.67584457e-39 1.97200055e-39 5.49983962e-07 5.67393082e-07 6.65292111e-07
2.12000000e+04 1.63503230e-39 1.68165289e-39 1.97783016e-39 1.63503230e-39 1.68165289e-39 1.97783016e-39 5.58247193e-07 5.70376216e-07 6.71730366e-07
2.13000000e+04 1.64149121e-39 1.68746710e-39 1.98367014e-39 1.64149121e-39 1.68746710e-39 1.98367014e-39 5.61155806e-07 5.76297400e-07 6.78429690e-07
2.14000000e+04 1.64794979e-39 1.69328719e-39 1.98952039e-39 1.64794979e-39 1.69328719e-39 1.98952039e-39 5.67070811e-07 5.76074840e-07 6.85407158e-07
2.15000000e+04 1.65440811e-39 1.69911318e-39 1.99538081e-39 1.65440811e-39 1.69911318e-39 1.99538081e-39 5.74559815e-07 5.81611449e-07 6.79453010e-07
2.16000000e+04 1.66086622e-39 1.70494507e-39 2.00125129e-39 1.66086622e-39 1.70494507e-39 2.00125129e-39 5.80555384e-07 5.87266198e-07 6.80570806e-07
2.17000000e+04 1.66732418e-39 1.71078286e-39 2.00713173e-39 1.66732418e-39 1.71078286e-39 2.00713173e-39 5.86689705e-07 5.93044109e-07 7.09937464e-07
2.18000000e+04 1.67378205e-39 1.71662655e-39 2.01302203e-39 1.67378205e-39 1.71662655e-39 2.01302203e-39 5.92968148e-07 5.98950441e-07 7.02162620e-07
2.19000000e+04 1.68023988e-39 1.72247615e-39 2.01892208e-39 1.68023988e-39 1.72247615e-39 2.01892208e-39 5.99396310e-07 6.04990723e-07 7.10965449e-07
2.20000000e+04 1.68669772e-39 1.72833165e-39 2.02483178e-39 1.68669772e-39 1.72833165e-39 2.02483178e-39 6.08639904e-07 6.11170960e-07 7.20092648e-07
2.21000000e+04 1.69315563e-39 1.73419305e-39 2.03075104e-39 1.69315563e-39 1.73419305e-39 2.03075104e-39 6.15323895e-07 6.29340868e-07 7.29448911e-07
2.22000000e+04 1.69961365e-39 1.74006035e-39 2.03667976e-39 1.69961365e-39 1.74006035e-39 2.03667976e-39 6.22173118e-07 6.25098864e-07 7.25283219e-07
2.23000000e+04 1.70607184e-39 1.74593354e-39 2.04261783e-39 1.70607184e-39 1.74593354e-39 2.04261783e-39 6.25812972e-07 6.30556829e-07 7.34486868e-07
2.24000000e+04 1.71253024e-39 1.75181262e-39 2.04856517e-39 1.71253024e-39 1.75181262e-39 2.04856517e-39 6.35462457e-07 6.42315124e-07 7.43888615e-07
2.25000000e+04 1.71898890e-39 1.75769757e-39 2.05452166e-39 1.71898890e-39 1.75769757e-39 2.05452166e-39 6.41517692e-07 6.47388906e-07 7.63550083e-07
2.26000000e+04 1.72544786e-39 1.76358840e-39 2.06048723e-39 1.72544786e-39 1.76358840e-39 2.06048723e-39 6.44209111e-07 6.61026701e-07 7.72599354e-07
2.27000000e+04 1.73190717e-39 1.76948509e-39 2.06646177e-39 1.73190717e-39 1.76948509e-39 2.06646177e-39 6.53809408e-07 6.65379123e-07 7.81844728e-07
2.28000000e+04 1.73836687e-39 1.77538763e-39 2.07244519e-39 1.73836687e-39 1.77538763e-39 2.07244519e-39 6.56840620e-07 6.69837742e-07 7.72314437e-07
2.29000000e+04 1.74482700e-39 1.78129602e-39 2.07843740e-39 1.74482700e-39 1.78129602e-39 2.07843740e-39 6.66568976e-07 6.74408117e-07 7.81775517e-07
2.30000000e+04 1.75128760e-39 1.78721023e-39 2.08443830e-39 1.75128760e-39 1.78721023e-39 2.08443830e-39 6.73421400e-07 6.79096345e-07 7.91475514e-07
2.31000000e+04 1.75774872e-39 1.79313027e-39 2.09044780e-39 1.75774872e-39 1.79313027e-39 2.09044780e-39 6.80430110e-07 6.83908511e-07 8.01275745e-07
2.32000000e+04 1.76421037e-39 1.79905611e-39 2.09646582e-39 1.76421037e-39 1.79905611e-39 2.09646582e-39 6.84664019e-07 6.88616902e-07 8.16645632e-07
2.33000000e+04 1.77067262e-39 1.80498774e-39 2.10249225e-39 1.77067262e-39 1.80498774e-39 2.10249225e-39 6.91973981e-07 7.09470351e-07 8.24122351e-07
2.34000000e+04 1.77713548e-39 1.81092514e-39 2.10852702e-39 1.77713548e-39 1.81092514e-39 2.10852702e-39 7.01894858e-07 7.14404042e-07 8.31818750e-07
2.35000000e+04 1.78359899e-39 1.81686831e-39 2.11457004e-39 1.78359899e-39 1.81686831e-39 2.11457004e-39 7.09312816e-07 7.19490266e-07 8.39743931e-07
2.36000000e+04 1.79006319e-39 1.82281722e-39 2.12062121e-39 1.79006319e-39 1.82281722e-39 2.12062121e-39 7.16911814e-07 7.24737967e-07 8.47691845e-07
2.37000000e+04 1.79652811e-39 1.82877186e-39 2.12668044e-39 1.79652811e-39 1.82877186e-39 2.12668044e-39 7.22988947e-07 7.38233961e-07 8.55488217e-07
2.38000000e+04 1.80299378e-39 1.83473220e-39 2.13274766e-39 1.80299378e-39 1.83473220e-39 2.13274766e-39 7.30818639e-07 7.36047602e-07 8.63518327e-07
2.39000000e+04 1.80946024e-39 1.84069824e-39 2.13882278e-39 1.80946024e-39 1.84069824e-39 2.13882278e-39 7.38338425e-07 7.49351085e-07 8.71792599e-07
2.40000000e+04 1.81592750e-39 1.84666994e-39 2.14490571e-39 1.81592750e-39 1.84666994e-39 2.14490571e-39 7.46046752e-07 7.55193520e-07 8.79463704e-07
2.41000000e+04 1.82239559e-39 1.85264730e-39 2.15099637e-39 1.82239559e-39 1.85264730e-39 2.15099637e-39 7.51616081e-07 7.66145760e-07 8.88039150e-07
2.42000000e+04 1.82886455e-39 1.85863029e-39 2.15709467e-39 1.82886455e-39 1.85863029e-39 2.15709467e-39 7.59564557e-07 7.73797075e-07 8.85904417e-07
2.43000000e+04 1.83533441e-39 1.86461889e-39 2.16320054e-39 1.83533441e-39 1.86461889e-39 2.16320054e-39 7.67726936e-07 7.81717895e-07 8.94960481e-07
2.44000000e+04 1.84180518e-39 1.87061308e-39 2.16931389e-39 1.84180518e-39 1.87061308e-39 2.16931389e-39 7.70316492e-07 7.77775946e-07 9.04316961e-07
2.45000000e+04 1.84827689e-39 1.87661283e-39 2.17543463e-39 1.84827689e-39 1.87661283e-39 2.17543463e-39 7.78086586e-07 7.96165722e-07 9.11422779e-07
2.46000000e+04 1.85474956e-39 1.88261813e-39 2.18156270e-39 1.85474956e-39 1.88261813e-39 2.18156270e-39 7.89480466e-07 7.93105693e-07 9.31590152e-07
2.47000000e+04 1.86122322e-39 1.88862895e-39 2.18769800e-39 1.86122322e-39 1.88862895e-39 2.18769800e-39 7.97650867e-07 8.00931241e-07 9.29444970e-07
2.48000000e+04 1.86769789e-39 1.89464527e-39 2.19384047e-39 1.86769789e-39 1.89464527e-39 2.19384047e-39 8.03767798e-07 8.09003833e-07 9.38911203e-07
2.49000000e+04 1.87417359e-39 1.90066706e-39 2.19999001e-39 1.87417359e-39 1.90066706e-39 2.19999001e-39 8.14654168e-07 8.17336914e-07 9.48701949e-07
2.50000000e+04 1.88065034e-39 1.90669430e-39 2.20614656e-39 1.88065034e-39 1.90669430e-39 2.20614656e-39 8.20647870e-07 8.25945267e-07 9.58834237e-07
2.51000000e+04 1.88712815e-39 1.91272696e-39 2.21231004e-39 1.88712815e-39 1.91272696e-39 2.21231004e-39 8.25382482e-07 8.34845510e-07 9.66895629e-07
2.52000000e+04 1.89360706e-39 1.91876502e-39 2.21848037e-39 1.89360706e-39 1.91876502e-39 2.21848037e-39 8.37686991e-07 8.44057708e-07 9.77380056e-07
2.53000000e+04 1.90008707e-39 1.92480846e-39 2.22465747e-39 1.90008707e-39 1.92480846e-39 2.22465747e-39 8.37362533e-07 8.53612760e-07 9.88252080e-07
2.54000000e+04 1.90656821e-39 1.93085724e-39 2.23084127e-39 1.90656821e-39 1.93085724e-39 2.23084127e-39 8.45358927e-07 8.63601173e-07 9.78662803e-07
2.55000000e+04 1.91305048e-39 1.93691135e-39 2.23703170e-39 1.91305048e-39 1.93691135e-39 2.23703170e-39 8.52540869e-07 8.67028888e-07 9.89509976e-07
2.56000000e+04 1.91953391e-39 1.94297075e-39 2.24322868e-39 1.91953391e-39 1.94297075e-39 2.24322868e-39 8.60168160e-07 8.72057190e-07 1.00078429e-06
2.57000000e+04 1.92601851e-39 1.94903542e-39 2.24943214e-39 1.92601851e-39 1.94903542e-39 2.24943214e-39 8.74847990e-07 8.83341506e-07 1.01251065e-06
2.58000000e+04 1.93250429e-39 1.95510532e-39 2.25564201e-39 1.93250429e-39 1.95510532e-39 2.25564201e-39 8.86396735e-07 8.73464428e-07 1.01246439e-06
2.59000000e+04 1.93899127e-39 1.96118044e-39 2.26185821e-39 1.93899127e-39 1.96118044e-39 2.26185821e-39 8.91878688e-07 8.83432558e-07 1.03737316e-06
2.60000000e+04 1.94547945e-39 1.96726075e-39 2.26808067e-39 1.94547945e-39 1.96726075e-39 2.26808067e-39 9.00447208e-07 8.93663809e-07 1.03826690e-06
2.61000000e+04 1.95196887e-39 1.97334621e-39 2.27430933e-39 1.95196887e-39 1.97334621e-39 2.27430933e-39 9.10058442e-07 9.04158123e-07 1.05648164e-06
2.62000000e+04 1.95845951e-39 1.97943680e-39 2.28054411e-39 1.95845951e-39 1.97943680e-39 2.28054411e-39 9.13907665e-07 9.07961938e-07 1.03898899e-06
2.63000000e+04 1.96495140e-39 1.98553248e-39 2.28678495e-39 1.96495140e-39 1.98553248e-39 2.28678495e-39 9.18155299e-07 9.18669726e-07 1.06329385e-06
2.64000000e+04 1.97144455e-39 1.99163324e-39 2.29303177e-39 1.97144455e-39 1.99163324e-39 2.29303177e-39 9.29369891e-07 9.41992220e-07 1.07543884e-06
2.65000000e+04 1.97793896e-39 1.99773904e-39 2.29928450e-39 1.97793896e-39 1.99773904e-39 2.29928450e-39 9.44151032e-07 9.52830989e-07 1.08800702e-06
2.66000000e+04 1.98443464e-39 2.00384985e-39 2.30554309e-39 1.98443464e-39 2.00384985e-39 2.30554309e-39 9.51765287e-07 9.38910430e-07 1.08217538e-06
2.67000000e+04 1.99093161e-39 2.00996564e-39 2.31180746e-39 1.99093161e-39 2.00996564e-39 2.31180746e-39 9.58412992e-07 9.49363383e-07 1.09366302e-06
2.68000000e+04 1.99742987e-39 2.01608639e-39 2.31807755e-39 1.99742987e-39 2.01608639e-39 2.31807755e-39 9.64143145e-07 9.60143671e-07 1.10500159e-06
2.69000000e+04 2.00392943e-39 2.02221205e-39 2.32435329e-39 2.00392943e-39 2.02221205e-39 2.32435329e-39 9.73203683e-07 9.84765917e-07 1.11671744e-06
2.70000000e+04 2.01043029e-39 2.02834261e-39 2.33063462e-39 2.01043029e-39 2.02834261e-39 2.33063462e-39 9.77880302e-07 9.89437010e-07 1.12882767e-06
2.71000000e+04 2.01693247e-39 2.03447803e-39 2.33692146e-39 2.01693247e-39 2.03447803e-39 2.33692146e-39 9.88164568e-07 9.87460696e-07 1.14341113e-06
2.72000000e+04 2.02343596e-39 2.04061829e-39 2.34321377e-39 2.02343596e-39 2.04061829e-39 2.34321377e-39 9.97785041e-07 9.99248006e-07 1.16097305e-06
2.73000000e+04 2.02994078e-39 2.04676334e-39 2.34951147e-39 2.02994078e-39 2.04676334e-39 2.34951147e-39 1.01180324e-06 1.00659752e-06 1.13208940e-06
2.74000000e+04 2.03644692e-39 2.05291316e-39 2.35581450e-39 2.03644692e-39 2.05291316e-39 2.35581450e-39 1.01529046e-06 1.03013659e-06 1.15642368e-06
2.75000000e+04 2.04295440e-39 2.05906772e-39 2.36212280e-39 2.04295440e-39 2.05906772e-39 2.36212280e-39 1.03067016e-06 1.02904780e-06 1.15834486e-06
2.76000000e+04 2.04946321e-39 2.06522699e-39 2.36843631e-39 2.04946321e-39 2.06522699e-39 2.36843631e-39 1.03941934e-06 1.02517653e-06 1.16966260e-06
2.77000000e+04 2.05597336e-39 2.07139094e-39 2.37475496e-39 2.05597336e-39 2.07139094e-39 2.37475496e-39 1.04531079e-06 1.05661470e-06 1.19616371e-06
2.78000000e+04 2.06248486e-39 2.07755953e-39 2.38107870e-39 2.06248486e-39 2.07755953e-39 2.38107870e-39 1.05232491e-06 1.06363109e-06 1.21858345e-06
2.79000000e+04 2.06899770e-39 2.08373274e-39 2.38740746e-39 2.06899770e-39 2.08373274e-39 2.38740746e-39 1.06571524e-06 1.06547306e-06 1.23085474e-06
2.80000000e+04 2.07551189e-39 2.08991052e-39 2.39374119e-39 2.07551189e-39 2.08991052e-39 2.39374119e-39 1.06440676e-06 1.06978604e-06 1.23172463e-06
2.81000000e+04 2.08202743e-39 2.09609287e-39 2.40007983e-39 2.08202743e-39 2.09609287e-39 2.40007983e-39 1.07869102e-06 1.09131038e-06 1.24477772e-06
2.82000000e+04 2.08854432e-39 2.10227973e-39 2.40642332e-39 2.08854432e-39 2.10227973e-39 2.40642332e-39 1.09400363e-06 1.09940166e-06 1.24773098e-06
2.83000000e+04 2.09506256e-39 2.10847108e-39 2.41277160e-39 2.09506256e-39 2.10847108e-39 2.41277160e-39 1.09872252e-06 1.10264631e-06 1.24154245e-06
2.84000000e+04 2.10158216e-39 2.11466688e-39 2.41912461e-39 2.10158216e-39 2.11466688e-39 2.41912461e-39 1.11308253e-06 1.09203471e-06 1.24788692e-06
2.85000000e+04 2.10810311e-39 2.12086711e-39 2.42548229e-39 2.10810311e-39 2.12086711e-39 2.42548229e-39 1.11936622e-06 1.10980790e-06 1.28525430e-06
2.86000000e+04 2.11462541e-39 2.12707174e-39 2.43184460e-39 2.11462541e-39 2.12707174e-39 2.43184460e-39 1.12324648e-06 1.12968738e-06 1.28806205e-06
2.87000000e+04 2.12114906e-39 2.13328073e-39 2.43821147e-39 2.12114906e-39 2.13328073e-39 2.43821147e-39 1.13612793e-06 1.14018220e-06 1.27812168e-06
2.88000000e+04 2.12767407e-39 2.13949404e-39 2.44458285e-39 2.12767407e-39 2.13949404e-39 2.44458285e-39 1.14796721e-06 1.13590814e-06 1.28025586e-06
2.89000000e+04 2.13420043e-39 2.14571166e-39 2.45095868e-39 2.13420043e-39 2.14571166e-39 2.45095868e-39 1.15992362e-06 1.15844502e-06 1.28936625e-06
2.90000000e+04 2.14072813e-39 2.15193354e-39 2.45733891e-39 2.14072813e-39 2.15193354e-39 2.45733891e-39 1.16319523e-06 1.16835925e-06 1.33264913e-06
2.91000000e+04 2.14725718e-39 2.15815965e-39 2.46372349e-39 2.14725718e-39 2.15815965e-39 2.46372349e-39 1.17069891e-06 1.16612239e-06 1.33897929e-06
2.92000000e+04 2.15378758e-39 2.16438997e-39 2.47011235e-39 2.15378758e-39 2.16438997e-39 2.47011235e-39 1.18323830e-06 1.18299364e-06 1.35283464e-06
2.93000000e+04 2.16031932e-39 2.17062445e-39 2.47650546e-39 2.16031932e-39 2.17062445e-39 2.47650546e-39 1.19336058e-06 1.20039595e-06 1.37402831e-06
2.94000000e+04 2.16685240e-39 2.17686308e-39 2.48290275e-39 2.16685240e-39 2.17686308e-39 2.48290275e-39 1.20837631e-06 1.20495349e-06 1.37850144e-06
2.95000000e+04 2.17338681e-39 2.18310581e-39 2.48930417e-39 2.17338681e-39 2.18310581e-39 2.48930417e-39 1.21733518e-06 1.20189948e-06 1.36108022e-06
2.96000000e+04 2.17992256e-39 2.18935262e-39 2.49570968e-39 2.17992256e-39 2.18935262e-39 2.49570968e-39 1.21600598e-06 1.20866172e-06 1.37125267e-06
2.97000000e+04 2.18645964e-39 2.19560347e-39 2.50211921e-39 2.18645964e-39 2.19560347e-39 2.50211921e-39 1.22790721e-06 1.24219630e-06 1.39759713e-06
2.98000000e+04 2.19299804e-39 2.20185833e-39 2.50853273e-39 2.19299804e-39 2.20185833e-39 2.50853273e-39 1.24679207e-06 1.23537472e-06 1.37583221e-06
2.99000000e+04 2.19953776e-39 2.20811717e-39 2.51495017e-39 2.19953776e-39 2.20811717e-39 2.51495017e-39 1.25094804e-06 1.23358512e-06 1.42798206e-06
3.00000000e+04 2.20607880e-39 2.21437995e-39 2.52137150e-39 2.20607880e-39 2.21437995e-39 2.52137150e-39 1.26722380e-06 1.26278597e-06 1.40804313e-06
3.01000000e+04 2.21262115e-39 2.22064666e-39 2.52779665e-39 2.21262115e-39 2.22064666e-39 2.52779665e-39 1.26930726e-06 1.27236224e-06 1.43939663e-06
3.02000000e+04 2.21916481e-39 2.22691724e-39 2.53422559e-39 2.21916481e-39 2.22691724e-39 2.53422559e-39 1.28550574e-06 1.26552359e-06 1.46956374e-06
3.03000000e+04 2.22570977e-39 2.23319168e-39 2.54065826e-39 2.22570977e-39 2.23319168e-39 2.54065826e-39 1.29881630e-06 1.30350752e-06 1.47071574e-06
3.04000000e+04 2.23225602e-39 2.23946994e-39 2.54709461e-39 2.23225602e-39 2.23946994e-39 2.54709461e-39 1.30604008e-06 1.31258610e-06 1.49238805e-06
3.05000000e+04 2.23880357e-39 2.24575199e-39 2.55353460e-39 2.23880357e-39 2.24575199e-39 2.55353460e-39 1.30946400e-06 1.31667094e-06 1.48180824e-06
3.06000000e+04 2.24535240e-39 2.25203780e-39 2.55997818e-39 2.24535240e-39 2.25203780e-39 2.55997818e-39 1.32991806e-06 1.31744379e-06 1.47058939e-06
3.07000000e+04 2.25190251e-39 2.25832733e-39 2.56642530e-39 2.25190251e-39 2.25832733e-39 2.56642530e-39 1.32523380e-06 1.32872067e-06 1.50899537e-06
3.08000000e+04 2.25845389e-39 2.26462056e-39 2.57287592e-39 2.25845389e-39 2.26462056e-39 2.57287592e-39 1.34446738e-06 1.33627717e-06 1.51141114e-06
3.09000000e+04 2.26500653e-39 2.27091745e-39 2.57932999e-39 2.26500653e-39 2.27091745e-39 2.57932999e-39 1.35362108e-06 1.35448719e-06 1.53097096e-06
3.10000000e+04 2.27156044e-39 2.27721797e-39 2.58578746e-39 2.27156044e-39 2.27721797e-39 2.58578746e-39 1.36478817e-06 1.36115333e-06 1.53400799e-06
3.11000000e+04 2.27811559e-39 2.28352209e-39 2.59224830e-39 2.27811559e-39 2.28352209e-39 2.59224830e-39 1.37600306e-06 1.37113016e-06 1.56135399e-06
3.12000000e+04 2.28467199e-39 2.28982978e-39 2.59871244e-39 2.28467199e-39 2.28982978e-39 2.59871244e-39 1.38444975e-06 1.39188967e-06 1.58021731e-06
3.13000000e+04 2.29122963e-39 2.29614102e-39 2.60517986e-39 2.29122963e-39 2.29614102e-39 2.60517986e-39 1.39542426e-06 1.40216102e-06 1.55409239e-06
3.14000000e+04 2.29778850e-39 2.30245575e-39 2.61165050e-39 2.29778850e-39 2.30245575e-39 2.61165050e-39 1.41064805e-06 1.41127617e-06 1.58992319e-06
3.15000000e+04 2.30434858e-39 2.30877397e-39 2.61812432e-39 2.30434858e-39 2.30877397e-39 2.61812432e-39 1.41571606e-06 1.41781856e-06 1.58709424e-06
3.16000000e+04 2.31090988e-39 2.31509563e-39 2.62460129e-39 2.31090988e-39 2.31509563e-39 2.62460129e-39 1.43503801e-06 1.43322823e-06 1.61249862e-06
3.17000000e+04 2.31747239e-39 2.32142070e-39 2.63108135e-39 2.31747239e-39 2.32142070e-39 2.63108135e-39 1.43350024e-06 1.42373851e-06 1.63104608e-06
3.18000000e+04 2.32403610e-39 2.32774916e-39 2.63756446e-39 2.32403610e-39 2.32774916e-39 2.63756446e-39 1.45841445e-06 1.45413676e-06 1.63998645e-06
3.19000000e+04 2.33060099e-39 2.33408097e-39 2.64405058e-39 2.33060099e-39 2.33408097e-39 2.64405058e-39 1.46956307e-06 1.46002404e-06 1.64352230e-06
3.20000000e+04 2.33716707e-39 2.34041611e-39 2.65053967e-39 2.33716707e-39 2.34041611e-39 2.65053967e-39 1.46672538e-06 1.46352042e-06 1.66598667e-06
3.21000000e+04 2.34373431e-39 2.34675453e-39 2.65703169e-39 2.34373431e-39 2.34675453e-39 2.65703169e-39 1.47887030e-06 1.46205464e-06 1.68746777e-06
3.22000000e+04 2.35030272e-39 2.35309622e-39 2.66352660e-39 2.35030272e-39 2.35309622e-39 2.66352660e-39 1.49884496e-06 1.47755974e-06 1.65856380e-06
3.23000000e+04 2.35687229e-39 2.35944114e-39 2.67002435e-39 2.35687229e-39 2.35944114e-39 2.67002435e-39 1.51205718e-06 1.48583997e-06 1.68144736e-06
3.24000000e+04 2.36344300e-39 2.36578927e-39 2.67652491e-39 2.36344300e-39 2.36578927e-39 2.67652491e-39 1.52523040e-06 1.49297951e-06 1.72348261e-06
3.25000000e+04 2.37001485e-39 2.37214056e-39 2.68302823e-39 2.37001485e-39 2.37214056e-39 2.68302823e-39 1.52159202e-06 1.52290381e-06 1.73105682e-06
3.26000000e+04 2.37658782e-39 2.37849499e-39 2.68953428e-39 2.37658782e-39 2.37849499e-39 2.68953428e-39 1.54081388e-06 1.53573834e-06 1.75095314e-06
3.27000000e+04 2.38316191e-39 2.38485254e-39 2.69604301e-39 2.38316191e-39 2.38485254e-39 2.69604301e-39 1.54265684e-06 1.53763405e-06 1.74981489e-06
3.28000000e+04 2.38973711e-39 2.39121317e-39 2.70255440e-39 2.38973711e-39 2.39121317e-39 2.70255440e-39 1.56758587e-06 1.53337432e-06 1.75370747e-06
3.29000000e+04 2.39631340e-39 2.39757685e-39 2.70906839e-39 2.39631340e-39 2.39757685e-39 2.70906839e-39 1.57083647e-06 1.57248900e-06 1.76051758e-06
3.30000000e+04 2.40289079e-39 2.40394356e-39 2.71558495e-39 2.40289079e-39 2.40394356e-39 2.71558495e-39 1.59248407e-06 1.58952412e-06 1.79475882e-06
3.31000000e+04 2.40946925e-39 2.41031325e-39 2.72210404e-39 2.40946925e-39 2.41031325e-39 2.72210404e-39 1.59884092e-06 1.57668194e-06 1.76465564e-06
3.32000000e+04 2.41604878e-39 2.41668591e-39 2.72862563e-39 2.41604878e-39 2.41668591e-39 2.72862563e-39 1.61634613e-06 1.61391898e-06 1.80556249e-06
3.33000000e+04 2.42262937e-39 2.42306151e-39 2.73514968e-39 2.42262937e-39 2.42306151e-39 2.73514968e-39 1.62360410e-06 1.60531651e-06 1.80196977e-06
3.34000000e+04 2.42921100e-39 2.42944001e-39 2.74167615e-39 2.42921100e-39 2.42944001e-39 2.74167615e-39 1.63083569e-06 1.63237879e-06 1.83943661e-06
3.35000000e+04 2.43579368e-39 2.43582139e-39 2.74820500e-39 2.43579368e-39 2.43582139e-39 2.74820500e-39 1.64029021e-06 1.64165502e-06 1.84580432e-06
3.36000000e+04 2.44237738e-39 2.44220561e-39 2.75473619e-39 2.44237738e-39 2.44220561e-39 2.75473619e-39 1.65415725e-06 1.65188051e-06 1.83058165e-06
3.37000000e+04 2.44896210e-39 2.44859266e-39 2.76126970e-39 2.44896210e-39 2.44859266e-39 2.76126970e-39 1.66516598e-06 1.65971934e-06 1.88052172e-06
3.38000000e+04 2.45554782e-39 2.45498249e-39 2.76780549e-39 2.45554782e-39 2.45498249e-39 2.76780549e-39 1.68140586e-06 1.68585269e-06 1.84986651e-06
3.39000000e+04 2.46213454e-39 2.46137509e-39 2.77434351e-39 2.46213454e-39 2.46137509e-39 2.77434351e-39 1.69366641e-06 1.69619442e-06 1.88245545e-06
3.40000000e+04 2.46872225e-39 2.46777042e-39 2.78088374e-39 2.46872225e-39 2.46777042e-39 2.78088374e-39 1.70324008e-06 1.70023219e-06 1.88822636e-06
3.41000000e+04 2.47531093e-39 2.47416845e-39 2.78742614e-39 2.47531093e-39 2.47416845e-39 2.78742614e-39 1.71899804e-06 1.72254044e-06 1.93901698e-06
3.42000000e+04 2.48190057e-39 2.48056916e-39 2.79397067e-39 2.48190057e-39 2.48056916e-39 2.79397067e-39 1.73496024e-06 1.71542259e-06 1.92257351e-06
3.43000000e+04 2.48849116e-39 2.48697252e-39 2.80051731e-39 2.48849116e-39 2.48697252e-39 2.80051731e-39 1.74330451e-06 1.74726658e-06 1.95722998e-06
3.44000000e+04 2.49508270e-39 2.49337850e-39 2.80706601e-39 2.49508270e-39 2.49337850e-39 2.80706601e-39 1.74807398e-06 1.73038751e-06 1.95390643e-06
3.45000000e+04 2.50167516e-39 2.49978707e-39 2.81361675e-39 2.50167516e-39 2.49978707e-39 2.81361675e-39 1.76966088e-06 1.76480562e-06 1.96322773e-06
3.46000000e+04 2.50826855e-39 2.50619820e-39 2.82016949e-39 2.50826855e-39 2.50619820e-39 2.82016949e-39 1.78547447e-06 1.77710052e-06 1.94695374e-06
3.47000000e+04 2.51486284e-39 2.51261188e-39 2.82672419e-39 2.51486284e-39 2.51261188e-39 2.82672419e-39 1.78461056e-06 1.76219921e-06 2.00531634e-06
3.48000000e+04 2.52145803e-39 2.51902806e-39 2.83328083e-39 2.52145803e-39 2.51902806e-39 2.83328083e-39 1.79104025e-06 1.77548516e-06 2.00557571e-06
3.49000000e+04 2.52805410e-39 2.52544673e-39 2.83983937e-39 2.52805410e-39 2.52544673e-39 2.83983937e-39 1.82436961e-06 1.82153142e-06 2.03368865e-06
3.50000000e+04 2.53465105e-39 2.53186785e-39 2.84639978e-39 2.53465105e-39 2.53186785e-39 2.84639978e-39 1.82277235e-06 1.81221139e-06 2.03447057e-06
3.51000000e+04 2.54124886e-39 2.53829140e-39 2.85296203e-39 2.54124886e-39 2.53829140e-39 2.85296203e-39 1.84924881e-06 1.83445261e-06 2.06607262e-06
3.52000000e+04 2.54784753e-39 2.54471735e-39 2.85952608e-39 2.54784753e-39 2.54471735e-39 2.85952608e-39 1.85972831e-06 1.84254207e-06 2.08749630e-06
3.53000000e+04 2.55444703e-39 2.55114567e-39 2.86609191e-39 2.55444703e-39 2.55114567e-39 2.86609191e-39 1.86535262e-06 1.86887384e-06 2.09018942e-06
3.54000000e+04 2.56104736e-39 2.55757634e-39 2.87265948e-39 2.56104736e-39 2.55757634e-39 2.87265948e-39 1.88393863e-06 1.86518964e-06 2.09977227e-06
3.55000000e+04 2.56764850e-39 2.56400934e-39 2.87922876e-39 2.56764850e-39 2.56400934e-39 2.87922876e-39 1.89580580e-06 1.89614661e-06 2.08654311e-06
3.56000000e+04 2.57425046e-39 2.57044462e-39 2.88579972e-39 2.57425046e-39 2.57044462e-39 2.88579972e-39 1.90884689e-06 1.87903503e-06 2.13795668e-06
3.57000000e+04 2.58085320e-39 2.57688218e-39 2.89237234e-39 2.58085320e-39 2.57688218e-39 2.89237234e-39 1.91435983e-06 1.91567405e-06 2.15402093e-06
3.58000000e+04 2.58745673e-39 2.58332197e-39 2.89894657e-39 2.58745673e-39 2.58332197e-39 2.89894657e-39 1.93930911e-06 1.92100211e-06 2.15369174e-06
3.59000000e+04 2.59406102e-39 2.58976399e-39 2.90552240e-39 2.59406102e-39 2.58976399e-39 2.90552240e-39 1.94284924e-06 1.92544554e-06 2.13728661e-06
3.60000000e+04 2.60066608e-39 2.59620819e-39 2.91209979e-39 2.60066608e-39 2.59620819e-39 2.91209979e-39 1.95194872e-06 1.92375578e-06 2.19951064e-06
3.61000000e+04 2.60727188e-39 2.60265455e-39 2.91867871e-39 2.60727188e-39 2.60265455e-39 2.91867871e-39 1.97716669e-06 1.97549883e-06 2.17317577e-06
3.62000000e+04 2.61387841e-39 2.60910306e-39 2.92525914e-39 2.61387841e-39 2.60910306e-39 2.92525914e-39 1.99191871e-06 1.96409109e-06 2.21882728e-06
3.63000000e+04 2.62048567e-39 2.61555367e-39 2.93184103e-39 2.62048567e-39 2.61555367e-39 2.93184103e-39 2.00159846e-06 1.99420440e-06 2.19626057e-06
3.64000000e+04 2.62709364e-39 2.62200637e-39 2.93842438e-39 2.62709364e-39 2.62200637e-39 2.93842438e-39 2.00526338e-06 1.97131502e-06 2.25135842e-06
3.65000000e+04 2.63370231e-39 2.62846114e-39 2.94500914e-39 2.63370231e-39 2.62846114e-39 2.94500914e-39 2.01049515e-06 2.02374203e-06 2.24887613e-06
3.66000000e+04 2.64031167e-39 2.63491793e-39 2.95159529e-39 2.64031167e-39 2.63491793e-39 2.95159529e-39 2.04164156e-06 2.02760431e-06 2.26774885e-06
3.67000000e+04 2.64692170e-39 2.64137675e-39 2.95818280e-39 2.64692170e-39 2.64137675e-39 2.95818280e-39 2.05893488e-06 2.05166919e-06 2.27969203e-06
3.68000000e+04 2.65353239e-39 2.64783754e-39 2.96477165e-39 2.65353239e-39 2.64783754e-39 2.96477165e-39 2.06401620e-06 2.04368485e-06 2.28167739e-06
3.69000000e+04 2.66014374e-39 2.65430030e-39 2.97136180e-39 2.66014374e-39 2.65430030e-39 2.97136180e-39 2.07245926e-06 2.06234561e-06 2.26502033e-06
3.70000000e+04 2.66675572e-39 2.66076499e-39 2.97795323e-39 2.66675572e-39 2.66076499e-39 2.97795323e-39 2.09703598e-06 2.04131987e-06 2.29016820e-06
3.71000000e+04 2.67336834e-39 2.66723160e-39 2.98454591e-39 2.67336834e-39 2.66723160e-39 2.98454591e-39 2.10796247e-06 2.09511753e-06 2.28650262e-06
3.72000000e+04 2.67998157e-39 2.67370009e-39 2.99113981e-39 2.67998157e-39 2.67370009e-39 2.99113981e-39 2.11016485e-06 2.10170475e-06 2.34515216e-06
3.73000000e+04 2.68659540e-39 2.68017045e-39 2.99773492e-39 2.68659540e-39 2.68017045e-39 2.99773492e-39 2.13070005e-06 2.11281884e-06 2.35073899e-06
3.74000000e+04 2.69320982e-39 2.68664264e-39 3.00433120e-39 2.69320982e-39 2.68664264e-39 3.00433120e-39 2.13588511e-06 2.12523550e-06 2.40326251e-06
3.75000000e+04 2.69982483e-39 2.69311665e-39 3.01092862e-39 2.69982483e-39 2.69311665e-39 3.01092862e-39 2.15432292e-06 2.14271808e-06 2.39174587e-06
3.76000000e+04 2.70644040e-39 2.69959245e-39 3.01752716e-39 2.70644040e-39 2.69959245e-39 3.01752716e-39 2.17589136e-06 2.16133350e-06 2.40682411e-06
3.77000000e+04 2.71305653e-39 2.70607002e-39 3.02412680e-39 2.71305653e-39 2.70607002e-39 3.02412680e-39 2.18519222e-06 2.16751640e-06 2.44220628e-06
3.78000000e+04 2.71967320e-39 2.71254933e-39 3.03072751e-39 2.71967320e-39 2.71254933e-39 3.03072751e-39 2.20754388e-06 2.18073712e-06 2.43316734e-06
3.79000000e+04 2.72629041e-39 2.71903036e-39 3.03732926e-39 2.72629041e-39 2.71903036e-39 3.03732926e-39 2.20736973e-06 2.20059291e-06 2.43895197e-06
3.80000000e+04 2.73290813e-39 2.72551308e-39 3.04393202e-39 2.73290813e-39 2.72551308e-39 3.04393202e-39 2.23988406e-06 2.22270071e-06 2.48751812e-06
3.81000000e+04 2.73952636e-39 2.73199748e-39 3.05053579e-39 2.73952636e-39 2.73199748e-39 3.05053579e-39 2.24869213e-06 2.23765505e-06 2.43590441e-06
3.82000000e+04 2.74614509e-39 2.73848353e-39 3.05714052e-39 2.74614509e-39 2.73848353e-39 3.05714052e-39 2.26925942e-06 2.25143013e-06 2.50082613e-06
3.83000000e+04 2.75276430e-39 2.74497120e-39 3.06374620e-39 2.75276430e-39 2.74497120e-39 3.06374620e-39 2.28031659e-06 2.24005200e-06 2.47995825e-06
3.84000000e+04 2.75938398e-39 2.75146048e-39 3.07035279e-39 2.75938398e-39 2.75146048e-39 3.07035279e-39 2.29178230e-06 2.26408488e-06 2.51059041e-06
3.85000000e+04 2.76600413e-39 2.75795134e-39 3.07696029e-39 2.76600413e-39 2.75795134e-39 3.07696029e-39 2.29022991e-06 2.30214387e-06 2.53761145e-06
3.86000000e+04 2.77262472e-39 2.76444375e-39 3.08356865e-39 2.77262472e-39 2.76444375e-39 3.08356865e-39 2.31600495e-06 2.31592085e-06 2.57498361e-06
3.87000000e+04 2.77924575e-39 2.77093770e-39 3.09017787e-39 2.77924575e-39 2.77093770e-39 3.09017787e-39 2.33501891e-06 2.32868495e-06 2.59775790e-06
3.88000000e+04 2.78586720e-39 2.77743316e-39 3.09678791e-39 2.78586720e-39 2.77743316e-39 3.09678791e-39 2.34775620e-06 2.31656737e-06 2.57263573e-06
3.89000000e+04 2.79248907e-39 2.78393012e-39 3.10339875e-39 2.79248907e-39 2.78393012e-39 3.10339875e-39 2.35655292e-06 2.35667082e-06 2.62760246e-06
3.90000000e+04 2.79911133e-39 2.79042854e-39 3.11001038e-39 2.79911133e-39 2.79042854e-39 3.11001038e-39 2.37346176e-06 2.36536940e-06 2.58363287e-06
3.91000000e+04 2.80573398e-39 2.79692841e-39 3.11662276e-39 2.80573398e-39 2.79692841e-39 3.11662276e-39 2.39833786e-06 2.37195851e-06 2.64290628e-06
3.92000000e+04 2.81235701e-39 2.80342970e-39 3.12323587e-39 2.81235701e-39 2.80342970e-39 3.12323587e-39 2.40440838e-06 2.39093773e-06 2.63214472e-06
3.93000000e+04 2.81898041e-39 2.80993239e-39 3.12984969e-39 2.81898041e-39 2.80993239e-39 3.12984969e-39 2.41161192e-06 2.40025926e-06 2.63101938e-06
3.94000000e+04 2.82560416e-39 2.81643646e-39 3.13646421e-39 2.82560416e-39 2.81643646e-39 3.13646421e-39 2.42864596e-06 2.38945369e-06 2.64104238e-06
3.95000000e+04 2.83222825e-39 2.82294189e-39 3.14307939e-39 2.83222825e-39 2.82294189e-39 3.14307939e-39 2.44401975e-06 2.39739079e-06 2.70854392e-06
3.96000000e+04 2.83885267e-39 2.82944866e-39 3.14969521e-39 2.83885267e-39 2.82944866e-39 3.14969521e-39 2.46475756e-06 2.42806690e-06 2.70065973e-06
3.97000000e+04 2.84547740e-39 2.83595675e-39 3.15631166e-39 2.84547740e-39 2.83595675e-39 3.15631166e-39 2.48537444e-06 2.46960706e-06 2.73852024e-06
3.98000000e+04 2.85210244e-39 2.84246613e-39 3.16292871e-39 2.85210244e-39 2.84246613e-39 3.16292871e-39 2.47933108e-06 2.49687726e-06 2.74792859e-06
3.99000000e+04 2.85872778e-39 2.84897678e-39 3.16954635e-39 2.85872778e-39 2.84897678e-39 3.16954635e-39 2.51395744e-06 2.47998667e-06 2.75535674e-06
4.00000000e+04 2.86535340e-39 2.85548868e-39 3.17616454e-39 2.86535340e-39 2.85548868e-39 3.17616454e-39 2.52339871e-06 2.51832262e-06 2.78599378e-06
4.01000000e+04 2.87197929e-39 2.86200182e-39 3.18278326e-39 2.87197929e-39 2.86200182e-39 3.18278326e-39 2.52798812e-06 2.48838269e-06 2.74629077e-06
4.02000000e+04 2.87860543e-39 2.86851617e-39 3.18940251e-39 2.87860543e-39 2.86851617e-39 3.18940251e-39 2.56329805e-06 2.53487461e-06 2.84456493e-06
4.03000000e+04 2.88523183e-39 2.87503170e-39 3.19602225e-39 2.88523183e-39 2.87503170e-39 3.19602225e-39 2.56310966e-06 2.54180630e-06 2.80924825e-06
4.04000000e+04 2.89185846e-39 2.88154841e-39 3.20264247e-39 2.89185846e-39 2.88154841e-39 3.20264247e-39 2.59389077e-06 2.58460548e-06 2.83376665e-06
4.05000000e+04 2.89848531e-39 2.88806626e-39 3.20926314e-39 2.89848531e-39 2.88806626e-39 3.20926314e-39 2.60683834e-06 2.57748598e-06 2.83438083e-06
4.06000000e+04 2.90511238e-39 2.89458524e-39 3.21588425e-39 2.90511238e-39 2.89458524e-39 3.21588425e-39 2.60372213e-06 2.61595094e-06 2.85097593e-06
4.07000000e+04 2.91173964e-39 2.90110534e-39 3.22250577e-39 2.91173964e-39 2.90110534e-39 3.22250577e-39 2.62123023e-06 2.62772647e-06 2.91620542e-06
4.08000000e+04 2.91836710e-39 2.90762652e-39 3.22912769e-39 2.91836710e-39 2.90762652e-39 3.22912769e-39 2.64135705e-06 2.64688349e-06 2.89766568e-06
4.09000000e+04 2.92499473e-39 2.91414876e-39 3.23574998e-39 2.92499473e-39 2.91414876e-39 3.23574998e-39 2.66495127e-06 2.62265969e-06 2.86856518e-06
4.10000000e+04 2.93162253e-39 2.92067206e-39 3.24237263e-39 2.93162253e-39 2.92067206e-39 3.24237263e-39 2.68203031e-06 2.67191380e-06 2.94386675e-06
4.11000000e+04 2.93825048e-39 2.92719638e-39 3.24899562e-39 2.93825048e-39 2.92719638e-39 3.24899562e-39 2.69628844e-06 2.68601918e-06 2.97662985e-06
4.12000000e+04 2.94487858e-39 2.93372172e-39 3.25561892e-39 2.94487858e-39 2.93372172e-39 3.25561892e-39 2.70524923e-06 2.71335248e-06 2.96410608e-06
4.13000000e+04 2.95150681e-39 2.94024804e-39 3.26224253e-39 2.95150681e-39 2.94024804e-39 3.26224253e-39 2.73367399e-06 2.72601341e-06 3.01849960e-06
4.14000000e+04 2.95813515e-39 2.94677533e-39 3.26886641e-39 2.95813515e-39 2.94677533e-39 3.26886641e-39 2.75516034e-06 2.71201559e-06 2.99851372e-06
4.15000000e+04 2.96476361e-39 2.95330358e-39 3.27549055e-39 2.96476361e-39 2.95330358e-39 3.27549055e-39 2.76302165e-06 2.72511153e-06 3.00180819e-06
4.16000000e+04 2.97139217e-39 2.95983275e-39 3.28211493e-39 2.97139217e-39 2.95983275e-39 3.28211493e-39 2.76543417e-06 2.73041105e-06 3.02894062e-06
4.17000000e+04 2.97802081e-39 2.96636284e-39 3.28873954e-39 2.97802081e-39 2.96636284e-39 3.28873954e-39 2.79869036e-06 2.78502493e-06 3.03585145e-06
4.18000000e+04 2.98464952e-39 2.97289382e-39 3.29536435e-39 2.98464952e-39 2.97289382e-39 3.29536435e-39 2.81625128e-06 2.77723234e-06 3.03534137e-06
4.19000000e+04 2.99127830e-39 2.97942567e-39 3.30198935e-39 2.99127830e-39 2.97942567e-39 3.30198935e-39 2.82726212e-06 2.82595420e-06 3.11951289e-06
4.20000000e+04 2.99790714e-39 2.98595838e-39 3.30861452e-39 2.99790714e-39 2.98595838e-39 3.30861452e-39 2.84583360e-06 2.83080773e-06 3.14596762e-06
4.21000000e+04 3.00453601e-39 2.99249193e-39 3.31523983e-39 3.00453601e-39 2.99249193e-39 3.31523983e-39 2.85249048e-06 2.85534219e-06 3.12544235e-06
4.22000000e+04 3.01116491e-39 2.99902630e-39 3.32186528e-39 3.01116491e-39 2.99902630e-39 3.32186528e-39 2.88731729e-06 2.86095127e-06 3.17564696e-06
4.23000000e+04 3.01779383e-39 3.00556147e-39 3.32849085e-39 3.01779383e-39 3.00556147e-39 3.32849085e-39 2.89730177e-06 2.87722962e-06 3.16407737e-06
4.24000000e+04 3.02442276e-39 3.01209742e-39 3.33511651e-39 3.02442276e-39 3.01209742e-39 3.33511651e-39 2.89376407e-06 2.86882161e-06 3.15685849e-06
4.25000000e+04 3.03105169e-39 3.01863413e-39 3.34174226e-39 3.03105169e-39 3.01863413e-39 3.34174226e-39 2.93736258e-06 2.87058296e-06 3.19437148e-06
4.26000000e+04 3.03768061e-39 3.02517159e-39 3.34836806e-39 3.03768061e-39 3.02517159e-39 3.34836806e-39 2.95635666e-06 2.92969986e-06 3.21824941e-06
4.27000000e+04 3.04430949e-39 3.03170977e-39 3.35499392e-39 3.04430949e-39 3.03170977e-39 3.35499392e-39 2.97105290e-06 2.93011403e-06 3.23265686e-06
4.28000000e+04 3.05093834e-39 3.03824867e-39 3.36161980e-39 3.05093834e-39 3.03824867e-39 3.36161980e-39 2.97995012e-06 2.96286008e-06 3.24069466e-06
4.29000000e+04 3.05756715e-39 3.04478825e-39 3.36824570e-39 3.05756715e-39 3.04478825e-39 3.36824570e-39 3.00534207e-06 2.94210631e-06 3.27503044e-06
4.30000000e+04 3.06419590e-39 3.05132852e-39 3.37487159e-39 3.06419590e-39 3.05132852e-39 3.37487159e-39 3.01732290e-06 2.97549524e-06 3.31804233e-06
4.31000000e+04 3.07082457e-39 3.05786943e-39 3.38149746e-39 3.07082457e-39 3.05786943e-39 3.38149746e-39 3.04062068e-06 2.99607612e-06 3.33834483e-06
4.32000000e+04 3.07745317e-39 3.06441099e-39 3.38812329e-39 3.07745317e-39 3.06441099e-39 3.38812329e-39 3.02528460e-06 2.99912170e-06 3.31554908e-06
4.33000000e+04 3.08408168e-39 3.07095317e-39 3.39474907e-39 3.08408168e-39 3.07095317e-39 3.39474907e-39 3.05941899e-06 3.05616025e-06 3.36295504e-06
4.34000000e+04 3.09071009e-39 3.07749595e-39 3.40137478e-39 3.09071009e-39 3.07749595e-39 3.40137478e-39 3.08458255e-06 3.04375587e-06 3.34924479e-06
4.35000000e+04 3.09733838e-39 3.08403932e-39 3.40800040e-39 3.09733838e-39 3.08403932e-39 3.40800040e-39 3.08196200e-06 3.04879553e-06 3.36969290e-06
4.36000000e+04 3.10396656e-39 3.09058327e-39 3.41462592e-39 3.10396656e-39 3.09058327e-39 3.41462592e-39 3.09621994e-06 3.07582977e-06 3.38652157e-06
4.37000000e+04 3.11059459e-39 3.09712776e-39 3.42125133e-39 3.11059459e-39 3.09712776e-39 3.42125133e-39 3.13862290e-06 3.13045389e-06 3.43354206e-06
4.38000000e+04 3.11722249e-39 3.10367279e-39 3.42787660e-39 3.11722249e-39 3.10367279e-39 3.42787660e-39 3.14312703e-06 3.10062324e-06 3.42800366e-06
4.39000000e+04 3.12385023e-39 3.11021834e-39 3.43450172e-39 3.12385023e-39 3.11021834e-39 3.43450172e-39 3.14319705e-06 3.10093002e-06 3.47400923e-06
4.40000000e+04 3.13047781e-39 3.11676440e-39 3.44112668e-39 3.13047781e-39 3.11676440e-39 3.44112668e-39 3.16633856e-06 3.17798667e-06 3.46204835e-06
4.41000000e+04 3.13710521e-39 3.12331094e-39 3.44775146e-39 3.13710521e-39 3.12331094e-39 3.44775146e-39 3.19359988e-06 3.19747118e-06 3.47694356e-06
4.42000000e+04 3.14373242e-39 3.12985795e-39 3.45437605e-39 3.14373242e-39 3.12985795e-39 3.45437605e-39 3.23328373e-06 3.19252242e-06 3.53973251e-06
4.43000000e+04 3.15035944e-39 3.13640541e-39 3.46100042e-39 3.15035944e-39 3.13640541e-39 3.46100042e-39 3.24080576e-06 3.21572092e-06 3.55396588e-06
4.44000000e+04 3.15698625e-39 3.14295331e-39 3.46762457e-39 3.15698625e-39 3.14295331e-39 3.46762457e-39 3.26331067e-06 3.18487794e-06 3.55782660e-06
4.45000000e+04 3.16361285e-39 3.14950163e-39 3.47424848e-39 3.16361285e-39 3.14950163e-39 3.47424848e-39 3.28617778e-06 3.20039003e-06 3.59451586e-06
4.46000000e+04 3.17023922e-39 3.15605036e-39 3.48087214e-39 3.17023922e-39 3.15605036e-39 3.48087214e-39 3.28721757e-06 3.21061423e-06 3.60534754e-06
4.47000000e+04 3.17686535e-39 3.16259948e-39 3.48749553e-39 3.17686535e-39 3.16259948e-39 3.48749553e-39 3.32312772e-06 3.30783413e-06 3.59376523e-06
4.48000000e+04 3.18349123e-39 3.16914897e-39 3.49411863e-39 3.18349123e-39 3.16914897e-39 3.49411863e-39 3.30479532e-06 3.29080780e-06 3.66639076e-06
4.49000000e+04 3.19011685e-39 3.17569881e-39 3.50074144e-39 3.19011685e-39 3.17569881e-39 3.50074144e-39 3.33504723e-06 3.27376559e-06 3.62470437e-06
4.50000000e+04 3.19674221e-39 3.18224900e-39 3.50736394e-39 3.19674221e-39 3.18224900e-39 3.50736394e-39 3.37062681e-06 3.31984156e-06 3.65292571e-06
4.51000000e+04 3.20336728e-39 3.18879952e-39 3.51398611e-39 3.20336728e-39 3.18879952e-39 3.51398611e-39 3.37273258e-06 3.36455340e-06 3.71619248e-06
4.52000000e+04 3.20999207e-39 3.19535034e-39 3.52060794e-39 3.20999207e-39 3.19535034e-39 3.52060794e-39 3.39124456e-06 3.37431820e-06 3.72105607e-06
4.53000000e+04 3.21661656e-39 3.20190147e-39 3.52722941e-39 3.21661656e-39 3.20190147e-39 3.52722941e-39 3.40131190e-06 3.40627048e-06 3.72630944e-06
4.54000000e+04 3.22324075e-39 3.20845287e-39 3.53385052e-39 3.22324075e-39 3.20845287e-39 3.53385052e-39 3.44914399e-06 3.42928210e-06 3.76734846e-06
4.55000000e+04 3.22986461e-39 3.21500453e-39 3.54047125e-39 3.22986461e-39 3.21500453e-39 3.54047125e-39 3.46157257e-06 3.40706096e-06 3.80245161e-06
4.56000000e+04 3.23648814e-39 3.22155645e-39 3.54709158e-39 3.23648814e-39 3.22155645e-39 3.54709158e-39 3.47516916e-06 3.45058310e-06 3.81809047e-06
4.57000000e+04 3.24311134e-39 3.22810860e-39 3.55371151e-39 3.24311134e-39 3.22810860e-39 3.55371151e-39 3.49138469e-06 3.45883949e-06 3.76671544e-06
4.58000000e+04 3.24973419e-39 3.23466097e-39 3.56033101e-39 3.24973419e-39 3.23466097e-39 3.56033101e-39 3.50988246e-06 3.48718378e-06 3.84085584e-06
4.59000000e+04 3.25635668e-39 3.24121354e-39 3.56695007e-39 3.25635668e-39 3.24121354e-39 3.56695007e-39 3.51890143e-06 3.47458388e-06 3.85232019e-06
4.60000000e+04 3.26297880e-39 3.24776630e-39 3.57356869e-39 3.26297880e-39 3.24776630e-39 3.57356869e-39 3.53492709e-06 3.52806981e-06 3.86210409e-06
4.61000000e+04 3.26960055e-39 3.25431924e-39 3.58018685e-39 3.26960055e-39 3.25431924e-39 3.58018685e-39 3.58140964e-06 3.56075095e-06 3.81312209e-06
4.62000000e+04 3.27622191e-39 3.26087234e-39 3.58680453e-39 3.27622191e-39 3.26087234e-39 3.58680453e-39 3.58130403e-06 3.56472986e-06 3.92305346e-06
4.63000000e+04 3.28284287e-39 3.26742559e-39 3.59342172e-39 3.28284287e-39 3.26742559e-39 3.59342172e-39 3.60613038e-06 3.59065775e-06 3.93784155e-06
4.64000000e+04 3.28946342e-39 3.27397896e-39 3.60003842e-39 3.28946342e-39 3.27397896e-39 3.60003842e-39 3.63864357e-06 3.55163297e-06 3.93793325e-06
4.65000000e+04 3.29608356e-39 3.28053246e-39 3.60665460e-39 3.29608356e-39 3.28053246e-39 3.60665460e-39 3.63145632e-06 3.64011077e-06 3.93072715e-06
4.66000000e+04 3.30270328e-39 3.28708606e-39 3.61327025e-39 3.30270328e-39 3.28708606e-39 3.61327025e-39 3.67191940e-06 3.57659134e-06 3.99006903e-06
4.67000000e+04 3.30932255e-39 3.29363974e-39 3.61988537e-39 3.30932255e-39 3.29363974e-39 3.61988537e-39 3.65578431e-06 3.62452752e-06 4.00067469e-06
4.68000000e+04 3.31594139e-39 3.30019350e-39 3.62649993e-39 3.31594139e-39 3.30019350e-39 3.62649993e-39 3.68086372e-06 3.68620266e-06 4.03824825e-06
4.69000000e+04 3.32255977e-39 3.30674733e-39 3.63311394e-39 3.32255977e-39 3.30674733e-39 3.63311394e-39 3.72528749e-06 3.70343131e-06 4.00759907e-06
4.70000000e+04 3.32917768e-39 3.31330119e-39 3.63972737e-39 3.32917768e-39 3.31330119e-39 3.63972737e-39 3.72041648e-06 3.67938819e-06 4.01499601e-06
4.71000000e+04 3.33579513e-39 3.31985510e-39 3.64634021e-39 3.33579513e-39 3.31985510e-39 3.64634021e-39 3.76466723e-06 3.67448895e-06 4.05539332e-06
4.72000000e+04 3.34241209e-39 3.32640902e-39 3.65295245e-39 3.34241209e-39 3.32640902e-39 3.65295245e-39 3.78853962e-06 3.74525699e-06 4.12390966e-06
4.73000000e+04 3.34902856e-39 3.33296294e-39 3.65956408e-39 3.34902856e-39 3.33296294e-39 3.65956408e-39 3.80129694e-06 3.79375791e-06 4.04834369e-06
4.74000000e+04 3.35564453e-39 3.33951686e-39 3.66617509e-39 3.35564453e-39 3.33951686e-39 3.66617509e-39 3.82557472e-06 3.80764148e-06 4.06739961e-06
4.75000000e+04 3.36225999e-39 3.34607076e-39 3.67278546e-39 3.36225999e-39 3.34607076e-39 3.67278546e-39 3.85171403e-06 3.75113055e-06 4.16258413e-06
4.76000000e+04 3.36887493e-39 3.35262462e-39 3.67939518e-39 3.36887493e-39 3.35262462e-39 3.67939518e-39 3.86500165e-06 3.84205777e-06 4.19404491e-06
4.77000000e+04 3.37548935e-39 3.35917844e-39 3.68600425e-39 3.37548935e-39 3.35917844e-39 3.68600425e-39 3.87006113e-06 3.83622130e-06 4.16383825e-06
4.78000000e+04 3.38210322e-39 3.36573219e-39 3.69261265e-39 3.38210322e-39 3.36573219e-39 3.69261265e-39 3.90061385e-06 3.81753825e-06 4.18257926e-06
4.79000000e+04 3.38871655e-39 3.37228587e-39 3.69922037e-39 3.38871655e-39 3.37228587e-39 3.69922037e-39 3.90336510e-06 3.84010983e-06 4.27584720e-06
4.80000000e+04 3.39532933e-39 3.37883946e-39 3.70582739e-39 3.39532933e-39 3.37883946e-39 3.70582739e-39 3.92398566e-06 3.90690999e-06 4.29469815e-06
4.81000000e+04 3.40194154e-39 3.38539295e-39 3.71243371e-39 3.40194154e-39 3.38539295e-39 3.71243371e-39 3.92990464e-06 3.94741296e-06 4.33278270e-06
4.82000000e+04 3.40855318e-39 3.39194632e-39 3.71903932e-39 3.40855318e-39 3.39194632e-39 3.71903932e-39 3.98717159e-06 3.95491445e-06 4.22504243e-06
4.83000000e+04 3.41516423e-39 3.39849957e-39 3.72564420e-39 3.41516423e-39 3.39849957e-39 3.72564420e-39 4.00851412e-06 3.97519133e-06 4.36493431e-06
4.84000000e+04 3.42177470e-39 3.40505268e-39 3.73224834e-39 3.42177470e-39 3.40505268e-39 3.73224834e-39 4.02704343e-06 3.93579457e-06 4.39012885e-06
4.85000000e+04 3.42838457e-39 3.41160564e-39 3.73885173e-39 3.42838457e-39 3.41160564e-39 3.73885173e-39 4.02686946e-06 3.98245390e-06 4.36362922e-06
4.86000000e+04 3.43499382e-39 3.41815844e-39 3.74545437e-39 3.43499382e-39 3.41815844e-39 3.74545437e-39 4.06543552e-06 3.97812517e-06 4.35298165e-06
4.87000000e+04 3.44160247e-39 3.42471105e-39 3.75205624e-39 3.44160247e-39 3.42471105e-39 3.75205624e-39 4.06958312e-06 4.04847418e-06 4.44908297e-06
4.88000000e+04 3.44821048e-39 3.43126348e-39 3.75865732e-39 3.44821048e-39 3.43126348e-39 3.75865732e-39 4.08979907e-06 4.04934479e-06 4.46284627e-06
4.89000000e+04 3.45481786e-39 3.43781570e-39 3.76525762e-39 3.45481786e-39 3.43781570e-39 3.76525762e-39 4.10453047e-06 4.02468896e-06 4.44553053e-06
4.90000000e+04 3.46142460e-39 3.44436771e-39 3.77185711e-39 3.46142460e-39 3.44436771e-39 3.77185711e-39 4.15367650e-06 4.07205275e-06 4.46185624e-06
4.91000000e+04 3.46803069e-39 3.45091950e-39 3.77845579e-39 3.46803069e-39 3.45091950e-39 3.77845579e-39 4.15551286e-06 4.12552702e-06 4.48345066e-06
4.92000000e+04 3.47463611e-39 3.45747104e-39 3.78505366e-39 3.47463611e-39 3.45747104e-39 3.78505366e-39 4.16752915e-06 4.10136830e-06 4.46390502e-06
4.93000000e+04 3.48124087e-39 3.46402234e-39 3.79165068e-39 3.48124087e-39 3.46402234e-39 3.79165068e-39 4.19862730e-06 4.16063944e-06 4.54012112e-06
4.94000000e+04 3.48784496e-39 3.47057337e-39 3.79824687e-39 3.48784496e-39 3.47057337e-39 3.79824687e-39 4.19539279e-06 4.20450312e-06 4.57143841e-06
4.95000000e+04 3.49444835e-39 3.47712412e-39 3.80484220e-39 3.49444835e-39 3.47712412e-39 3.80484220e-39 4.25800293e-06 4.15180049e-06 4.57254281e-06
4.96000000e+04 3.50105105e-39 3.48367459e-39 3.81143667e-39 3.50105105e-39 3.48367459e-39 3.81143667e-39 4.26992429e-06 4.25467950e-06 4.52368807e-06
4.97000000e+04 3.50765305e-39 3.49022476e-39 3.81803027e-39 3.50765305e-39 3.49022476e-39 3.81803027e-39 4.25096714e-06 4.27966677e-06 4.60922071e-06
4.98000000e+04 3.51425434e-39 3.49677462e-39 3.82462298e-39 3.51425434e-39 3.49677462e-39 3.82462298e-39 4.31014992e-06 4.22282837e-06 4.68435098e-06
4.99000000e+04 3.52085492e-39 3.50332416e-39 3.83121480e-39 3.52085492e-39 3.50332416e-39 3.83121480e-39 4.33586058e-06 4.22262646e-06 4.66852005e-06
5.00000000e+04 3.52745476e-39 3.50987336e-39 3.83780572e-39 3.52745476e-39 3.50987336e-39 3.83780572e-39 4.35333461e-06 4.31969548e-06 4.70671642e-06
