# Te [K]  der_Qff_DL [cm^5/K]  Qff_PL [cm^5/K]  Qff_KW [cm^5/K]
3.00000000e+02 8.94200093e-42 4.34067972e-44 4.14387268e-44
4.00000000e+02 4.37347675e-42 4.36324175e-44 4.13108588e-44
5.00000000e+02 1.54194460e-42 4.38298320e-44 4.12294786e-44
6.00000000e+02 5.31369426e-45 4.40121340e-44 4.12183432e-44
7.00000000e+02 -7.79003428e-43 4.41852689e-44 4.12763741e-44
8.00000000e+02 -1.15046105e-42 4.43516227e-44 4.13926526e-44
9.00000000e+02 -1.29885460e-42 4.45120478e-44 4.15544763e-44
1.00000000e+03 -1.32796919e-42 4.46666965e-44 4.17504219e-44
1.10000000e+03 -1.29465764e-42 4.48153562e-44 4.19711184e-44
1.20000000e+03 -1.23027408e-42 4.49576109e-44 4.22091782e-44
1.30000000e+03 -1.15217819e-42 4.50929474e-44 4.24588797e-44
1.40000000e+03 -1.06994464e-42 4.52208480e-44 4.27158342e-44
1.50000000e+03 -9.88762983e-43 4.53408681e-44 4.29767002e-44
1.60000000e+03 -9.11331387e-43 4.54526966e-44 4.32389536e-44
1.70000000e+03 -8.38927560e-43 4.55561920e-44 4.35007115e-44
1.80000000e+03 -7.72023116e-43 4.56513975e-44 4.37605933e-44
1.90000000e+03 -7.10639635e-43 4.57385352e-44 4.40176108e-44
2.00000000e+03 -6.54556378e-43 4.58179882e-44 4.42710836e-44
2.10000000e+03 -6.03431615e-43 4.58902727e-44 4.45205689e-44
2.20000000e+03 -5.56873119e-43 4.59560066e-44 4.47658066e-44
2.30000000e+03 -5.14478502e-43 4.60158793e-44 4.50066750e-44
2.40000000e+03 -4.75857465e-43 4.60706218e-44 4.52431561e-44
2.50000000e+03 -4.40643511e-43 4.61209777e-44 4.54753058e-44
2.60000000e+03 -4.08499282e-43 4.61676986e-44 4.57032332e-44
2.70000000e+03 -3.79117955e-43 4.62114950e-44 4.59270826e-44
2.80000000e+03 -3.52222848e-43 4.62530557e-44 4.61470204e-44
2.90000000e+03 -3.27565732e-43 4.62930228e-44 4.63632250e-44
3.00000000e+03 -3.04924632e-43 4.63319889e-44 4.65758791e-44
3.10000000e+03 -2.84101429e-43 4.63704943e-44 4.67851642e-44
3.20000000e+03 -2.64919460e-43 4.64090346e-44 4.69912566e-44
3.30000000e+03 -2.47221237e-43 4.64480144e-44 4.71943246e-44
3.40000000e+03 -2.30866301e-43 4.64878430e-44 4.73945274e-44
3.50000000e+03 -2.15729350e-43 4.65288424e-44 4.75920131e-44
3.60000000e+03 -2.01698452e-43 4.65712977e-44 4.77869190e-44
3.70000000e+03 -1.88673531e-43 4.66154506e-44 4.79793714e-44
3.80000000e+03 -1.76564992e-43 4.66615030e-44 4.81694856e-44
3.90000000e+03 -1.65292518e-43 4.67096205e-44 4.83573667e-44
4.00000000e+03 -1.54783992e-43 4.67599360e-44 4.85431098e-44
4.10000000e+03 -1.44974587e-43 4.68125525e-44 4.87268011e-44
4.20000000e+03 -1.35805920e-43 4.68675471e-44 4.89085181e-44
4.30000000e+03 -1.27225339e-43 4.69249731e-44 4.90883307e-44
4.40000000e+03 -1.19185290e-43 4.69848659e-44 4.92663017e-44
4.50000000e+03 -1.11642756e-43 4.70472316e-44 4.94424873e-44
4.60000000e+03 -1.04558762e-43 4.71120773e-44 4.96169383e-44
4.70000000e+03 -9.78979518e-44 4.71793852e-44 4.97897002e-44
4.80000000e+03 -9.16281942e-44 4.72491280e-44 4.99608137e-44
4.90000000e+03 -8.57202542e-44 4.73212688e-44 5.01303157e-44
5.00000000e+03 -8.01474912e-44 4.73957618e-44 5.02982394e-44
5.10000000e+03 -7.48855962e-44 4.74725539e-44 5.04646147e-44
5.20000000e+03 -6.99123572e-44 4.75515862e-44 5.06294689e-44
5.30000000e+03 -6.52074519e-44 4.76327946e-44 5.07928267e-44
5.40000000e+03 -6.07522623e-44 4.77161113e-44 5.09547106e-44
5.50000000e+03 -5.65297109e-44 4.78014652e-44 5.11151415e-44
5.60000000e+03 -5.25241135e-44 4.78887828e-44 5.12741383e-44
5.70000000e+03 -4.87210483e-44 4.79779889e-44 5.14317188e-44
5.80000000e+03 -4.51072390e-44 4.80690073e-44 5.15878995e-44
5.90000000e+03 -4.16704496e-44 4.81617610e-44 5.17426958e-44
6.00000000e+03 -3.83993903e-44 4.82561727e-44 5.18961224e-44
6.10000000e+03 -3.52836333e-44 4.83521653e-44 5.20481930e-44
6.20000000e+03 -3.23135365e-44 4.84496622e-44 5.21989208e-44
6.30000000e+03 -2.94801754e-44 4.85485876e-44 5.23483185e-44
6.40000000e+03 -2.67752858e-44 4.86488665e-44 5.24963981e-44
6.50000000e+03 -2.41911849e-44 4.87504192e-44 5.26431716e-44
6.60000000e+03 -2.17207674e-44 4.88531913e-44 5.27886503e-44
6.70000000e+03 -1.93574139e-44 4.89570939e-44 5.29328454e-44
6.80000000e+03 -1.70949720e-44 4.90620635e-44 5.30757681e-44
6.90000000e+03 -1.49277150e-44 4.91680325e-44 5.32174290e-44
7.00000000e+03 -1.28503074e-44 4.92749351e-44 5.33578388e-44
7.10000000e+03 -1.08577740e-44 4.93827069e-44 5.34970081e-44
7.20000000e+03 -8.94547200e-45 4.94912857e-44 5.36349475e-44
7.30000000e+03 -7.10906486e-45 4.96006110e-44 5.37716672e-44
7.40000000e+03 -5.34449926e-45 4.97106242e-44 5.39071775e-44
7.50000000e+03 -3.64798353e-45 4.98212685e-44 5.40414888e-44
7.60000000e+03 -2.01596807e-45 4.99324891e-44 5.41746113e-44
7.70000000e+03 -4.45127488e-46 5.00442331e-44 5.43065552e-44
7.80000000e+03 1.06765585e-45 5.01564491e-44 5.44373307e-44
7.90000000e+03 2.52530685e-45 5.02690879e-44 5.45669479e-44
8.00000000e+03 3.93057150e-45 5.03821018e-44 5.46954171e-44
8.10000000e+03 5.28602958e-45 5.04954451e-44 5.48227483e-44
8.20000000e+03 6.59410633e-45 5.06090738e-44 5.49489517e-44
8.30000000e+03 7.85708315e-45 5.07229467e-44 5.50740374e-44
8.40000000e+03 9.07710758e-45 5.08370189e-44 5.51980154e-44
8.50000000e+03 1.02562021e-44 5.09512556e-44 5.53208958e-44
8.60000000e+03 1.13962738e-44 5.10656177e-44 5.54426886e-44
8.70000000e+03 1.24991201e-44 5.11800692e-44 5.55634038e-44
8.80000000e+03 1.35664364e-44 5.12945756e-44 5.56830514e-44
8.90000000e+03 1.45998256e-44 5.14091037e-44 5.58016413e-44
9.00000000e+03 1.56008002e-44 5.15236245e-44 5.59191835e-44
9.10000000e+03 1.65707904e-44 5.16380995e-44 5.60356877e-44
9.20000000e+03 1.75111485e-44 5.17525078e-44 5.61511639e-44
9.30000000e+03 1.84231545e-44 5.18668190e-44 5.62656217e-44
9.40000000e+03 1.93080198e-44 5.19810063e-44 5.63790708e-44
9.50000000e+03 2.01668936e-44 5.20950446e-44 5.64915211e-44
9.60000000e+03 2.10008591e-44 5.22089095e-44 5.66029819e-44
9.70000000e+03 2.18109523e-44 5.23225779e-44 5.67134629e-44
9.80000000e+03 2.25981493e-44 5.24360278e-44 5.68229737e-44
9.90000000e+03 2.33633794e-44 5.25492382e-44 5.69315235e-44
1.00000000e+04 2.41075243e-44 5.26621891e-44 5.70391217e-44
1.01000000e+04 2.48314209e-44 5.27748614e-44 5.71457776e-44
1.02000000e+04 2.55358662e-44 5.28872369e-44 5.72515003e-44
1.03000000e+04 2.62216171e-44 5.29992984e-44 5.73562991e-44
1.04000000e+04 2.68893936e-44 5.31110294e-44 5.74601829e-44
1.05000000e+04 2.75398814e-44 5.32224144e-44 5.75631608e-44
1.06000000e+04 2.81737331e-44 5.33334385e-44 5.76652415e-44
1.07000000e+04 2.87915704e-44 5.34440878e-44 5.77664338e-44
1.08000000e+04 2.93939858e-44 5.35543489e-44 5.78667467e-44
1.09000000e+04 2.99815442e-44 5.36642092e-44 5.79661885e-44
1.10000000e+04 3.05547843e-44 5.37736568e-44 5.80647679e-44
1.11000000e+04 3.11142202e-44 5.38826803e-44 5.81624932e-44
1.12000000e+04 3.16603442e-44 5.39912692e-44 5.82593729e-44
1.13000000e+04 3.21936202e-44 5.40994133e-44 5.83554153e-44
1.14000000e+04 3.27145003e-44 5.42071031e-44 5.84506267e-44
1.15000000e+04 3.32234109e-44 5.43143297e-44 5.85450203e-44
1.16000000e+04 3.37207609e-44 5.44210846e-44 5.86385992e-44
1.17000000e+04 3.42069414e-44 5.45273599e-44 5.87313710e-44
1.18000000e+04 3.46823266e-44 5.46331482e-44 5.88233489e-44
1.19000000e+04 3.51472746e-44 5.47384425e-44 5.89145448e-44
1.20000000e+04 3.56021284e-44 5.48432361e-44 5.90049397e-44
1.21000000e+04 3.60472196e-44 5.49475232e-44 5.90945694e-44
1.22000000e+04 3.64828538e-44 5.50512978e-44 5.91834320e-44
1.23000000e+04 3.69093401e-44 5.51545547e-44 5.92715348e-44
1.24000000e+04 3.73269666e-44 5.52572890e-44 5.93588851e-44
1.25000000e+04 3.77360099e-44 5.53594960e-44 5.94454900e-44
1.26000000e+04 3.81367361e-44 5.54611716e-44 5.95313566e-44
1.27000000e+04 3.85294005e-44 5.55623118e-44 5.96164918e-44
1.28000000e+04 3.89142482e-44 5.56629131e-44 5.97009025e-44
1.29000000e+04 3.92915146e-44 5.57629720e-44 5.97845957e-44
1.30000000e+04 3.96614260e-44 5.58624856e-44 5.98675778e-44
1.31000000e+04 4.00241996e-44 5.59614512e-44 5.99498557e-44
1.32000000e+04 4.03800444e-44 5.60598662e-44 6.00314358e-44
1.33000000e+04 4.07291612e-44 5.61577285e-44 6.01123245e-44
1.34000000e+04 4.10717433e-44 5.62550360e-44 6.01925283e-44
1.35000000e+04 4.14079766e-44 5.63517870e-44 6.02720534e-44
1.36000000e+04 4.17380399e-44 5.64479800e-44 6.03509059e-44
1.37000000e+04 4.20621056e-44 5.65436034e-44 6.04290921e-44
1.38000000e+04 4.23803395e-44 5.66386865e-44 6.05066180e-44
1.39000000e+04 4.26929014e-44 5.67331826e-44 6.05834894e-44
1.40000000e+04 4.29999453e-44 5.68271472e-44 6.06597124e-44
1.41000000e+04 4.33016196e-44 5.69205336e-44 6.07352925e-44
1.42000000e+04 4.35980673e-44 5.70133567e-44 6.08102354e-44
1.43000000e+04 4.38894264e-44 5.71056163e-44 6.08845475e-44
1.44000000e+04 4.41758300e-44 5.71973122e-44 6.09582334e-44
1.45000000e+04 4.44574065e-44 5.72884444e-44 6.10312990e-44
1.46000000e+04 4.47342799e-44 5.73790132e-44 6.11037497e-44
1.47000000e+04 4.50065697e-44 5.74690187e-44 6.11755908e-44
1.48000000e+04 4.52743916e-44 5.75584615e-44 6.12468183e-44
1.49000000e+04 4.55378571e-44 5.76473419e-44 6.13174653e-44
1.50000000e+04 4.57970740e-44 5.77356608e-44 6.13875089e-44
1.51000000e+04 4.60521466e-44 5.78234187e-44 6.14569637e-44
1.52000000e+04 4.63031756e-44 5.79106166e-44 6.15258346e-44
1.53000000e+04 4.65502584e-44 5.79972553e-44 6.15941264e-44
1.54000000e+04 4.67934888e-44 5.80833360e-44 6.16618442e-44
1.55000000e+04 4.70329589e-44 5.81688598e-44 6.17289925e-44
1.56000000e+04 4.72687560e-44 5.82538265e-44 6.17955763e-44
1.57000000e+04 4.75009656e-44 5.83382413e-44 6.18616002e-44
1.58000000e+04 4.77296704e-44 5.84221016e-44 6.19270688e-44
1.59000000e+04 4.79549504e-44 5.85054104e-44 6.19919866e-44
1.60000000e+04 4.81768829e-44 5.85881689e-44 6.20563582e-44
1.61000000e+04 4.83955432e-44 5.86703787e-44 6.21201880e-44
1.62000000e+04 4.86110038e-44 5.87520425e-44 6.21834803e-44
1.63000000e+04 4.88233353e-44 5.88331590e-44 6.22462395e-44
1.64000000e+04 4.90326059e-44 5.89137328e-44 6.23084699e-44
1.65000000e+04 4.92388820e-44 5.89937632e-44 6.23701756e-44
1.66000000e+04 4.94422277e-44 5.90732566e-44 6.24313610e-44
1.67000000e+04 4.96427053e-44 5.91522103e-44 6.24920299e-44
1.68000000e+04 4.98403754e-44 5.92306277e-44 6.25521866e-44
1.69000000e+04 5.00352966e-44 5.93085108e-44 6.26118351e-44
1.70000000e+04 5.02275259e-44 5.93858616e-44 6.26709792e-44
1.71000000e+04 5.04171186e-44 5.94626820e-44 6.27296230e-44
1.72000000e+04 5.06041292e-44 5.95389742e-44 6.27877702e-44
1.73000000e+04 5.07886073e-44 5.96147402e-44 6.28454248e-44
1.74000000e+04 5.09706061e-44 5.96899821e-44 6.29025904e-44
1.75000000e+04 5.11501741e-44 5.97647021e-44 6.29592708e-44
1.76000000e+04 5.13273590e-44 5.98389023e-44 6.30154697e-44
1.77000000e+04 5.15022075e-44 5.99125849e-44 6.30711908e-44
1.78000000e+04 5.16747647e-44 5.99857522e-44 6.31264376e-44
1.79000000e+04 5.18450745e-44 6.00584063e-44 6.31812138e-44
1.80000000e+04 5.20131806e-44 6.01305496e-44 6.32355227e-44
1.81000000e+04 5.21791223e-44 6.02021842e-44 6.32893679e-44
1.82000000e+04 5.23429422e-44 6.02733125e-44 6.33427529e-44
1.83000000e+04 5.25046792e-44 6.03439368e-44 6.33956811e-44
1.84000000e+04 5.26643715e-44 6.04140594e-44 6.34481557e-44
1.85000000e+04 5.28220565e-44 6.04836825e-44 6.35001802e-44
1.86000000e+04 5.29777705e-44 6.05528086e-44 6.35517578e-44
1.87000000e+04 5.31315486e-44 6.06214400e-44 6.36028918e-44
1.88000000e+04 5.32834264e-44 6.06895790e-44 6.36535854e-44
1.89000000e+04 5.34334363e-44 6.07572280e-44 6.37038418e-44
1.90000000e+04 5.35816116e-44 6.08243894e-44 6.37536651e-44
1.91000000e+04 5.37279842e-44 6.08910655e-44 6.38030556e-44
1.92000000e+04 5.38725850e-44 6.09572588e-44 6.38520191e-44
1.93000000e+04 5.40154446e-44 6.10229716e-44 6.39005579e-44
1.94000000e+04 5.41565925e-44 6.10882063e-44 6.39486749e-44
1.95000000e+04 5.42960575e-44 6.11529653e-44 6.39963731e-44
1.96000000e+04 5.44338677e-44 6.12172510e-44 6.40436555e-44
1.97000000e+04 5.45700520e-44 6.12810657e-44 6.40905250e-44
1.98000000e+04 5.47046333e-44 6.13444120e-44 6.41369846e-44
1.99000000e+04 5.48376416e-44 6.14072922e-44 6.41830370e-44
2.00000000e+04 5.49691012e-44 6.14697087e-44 6.42286875e-44
2.01000000e+04 5.50990367e-44 6.15316639e-44 6.42739320e-44
2.02000000e+04 5.52274736e-44 6.15931601e-44 6.43187801e-44
2.03000000e+04 5.53544332e-44 6.16541985e-44 6.43632368e-44
2.04000000e+04 5.54799411e-44 6.17147855e-44 6.44072914e-44
2.05000000e+04 5.56040191e-44 6.17749194e-44 6.44509601e-44
2.06000000e+04 5.57266894e-44 6.18346040e-44 6.44942411e-44
2.07000000e+04 5.58479738e-44 6.18938416e-44 6.45371370e-44
2.08000000e+04 5.59678933e-44 6.19526347e-44 6.45796484e-44
2.09000000e+04 5.60864686e-44 6.20109855e-44 6.46217841e-44
2.10000000e+04 5.62037197e-44 6.20688966e-44 6.46635406e-44
2.11000000e+04 5.63196673e-44 6.21263702e-44 6.47049191e-44
2.12000000e+04 5.64343298e-44 6.21834087e-44 6.47459322e-44
2.13000000e+04 5.65477267e-44 6.22400145e-44 6.47865724e-44
2.14000000e+04 5.66598754e-44 6.22961899e-44 6.48268462e-44
2.15000000e+04 5.67707958e-44 6.23519373e-44 6.48667626e-44
2.16000000e+04 5.68805043e-44 6.24072590e-44 6.49063005e-44
2.17000000e+04 5.69890187e-44 6.24621574e-44 6.49454872e-44
2.18000000e+04 5.70963559e-44 6.25166347e-44 6.49843167e-44
2.19000000e+04 5.72025322e-44 6.25706934e-44 6.50227914e-44
2.20000000e+04 5.73075650e-44 6.26243357e-44 6.50609136e-44
2.21000000e+04 5.74114691e-44 6.26775627e-44 6.50986856e-44
2.22000000e+04 5.75142605e-44 6.27303803e-44 6.51361099e-44
2.23000000e+04 5.76159545e-44 6.27827873e-44 6.51731888e-44
2.24000000e+04 5.77165660e-44 6.28347870e-44 6.52099245e-44
2.25000000e+04 5.78161098e-44 6.28863818e-44 6.52463194e-44
2.26000000e+04 5.79146002e-44 6.29375740e-44 6.52823756e-44
2.27000000e+04 5.80120514e-44 6.29883658e-44 6.53180956e-44
2.28000000e+04 5.81084772e-44 6.30387595e-44 6.53534814e-44
2.29000000e+04 5.82038910e-44 6.30887573e-44 6.53885354e-44
2.30000000e+04 5.82983063e-44 6.31383614e-44 6.54232596e-44
2.31000000e+04 5.83917360e-44 6.31875741e-44 6.54576564e-44
2.32000000e+04 5.84841929e-44 6.32363976e-44 6.54917278e-44
2.33000000e+04 5.85756895e-44 6.32848342e-44 6.55254760e-44
2.34000000e+04 5.86662382e-44 6.33328859e-44 6.55589032e-44
2.35000000e+04 5.87558510e-44 6.33805550e-44 6.55920114e-44
2.36000000e+04 5.88445397e-44 6.34278437e-44 6.56248028e-44
2.37000000e+04 5.89323171e-44 6.34747542e-44 6.56572795e-44
2.38000000e+04 5.90191911e-44 6.35212887e-44 6.56894434e-44
2.39000000e+04 5.91051765e-44 6.35674474e-44 6.57212968e-44
2.40000000e+04 5.91902829e-44 6.36132379e-44 6.57528415e-44
2.41000000e+04 5.92745213e-44 6.36586537e-44 6.57840798e-44
2.42000000e+04 5.93579022e-44 6.37037087e-44 6.58150134e-44
2.43000000e+04 5.94404354e-44 6.37483950e-44 6.58456446e-44
2.44000000e+04 5.95221328e-44 6.37927170e-44 6.58759751e-44
2.45000000e+04 5.96030028e-44 6.38366799e-44 6.59060063e-44
2.46000000e+04 5.96830559e-44 6.38802827e-44 6.59357425e-44
2.47000000e+04 5.97623016e-44 6.39235285e-44 6.59651832e-44
2.48000000e+04 5.98407495e-44 6.39664195e-44 6.59943311e-44
2.49000000e+04 5.99184090e-44 6.40089576e-44 6.60231882e-44
2.50000000e+04 5.99952893e-44 6.40511449e-44 6.60517564e-44
2.51000000e+04 6.00713993e-44 6.40929835e-44 6.60800375e-44
2.52000000e+04 6.01467481e-44 6.41344754e-44 6.61080335e-44
2.53000000e+04 6.02213442e-44 6.41756226e-44 6.61357462e-44
2.54000000e+04 6.02951963e-44 6.42164272e-44 6.61631774e-44
2.55000000e+04 6.03683129e-44 6.42568911e-44 6.61903290e-44
2.56000000e+04 6.04407039e-44 6.42970164e-44 6.62172013e-44
2.57000000e+04 6.05123724e-44 6.43368051e-44 6.62438008e-44
2.58000000e+04 6.05833316e-44 6.43762591e-44 6.62701246e-44
2.59000000e+04 6.06535876e-44 6.44153804e-44 6.62961760e-44
2.60000000e+04 6.07231483e-44 6.44541709e-44 6.63219572e-44
2.61000000e+04 6.07920213e-44 6.44926327e-44 6.63474688e-44
2.62000000e+04 6.08602140e-44 6.45307676e-44 6.63727138e-44
2.63000000e+04 6.09277341e-44 6.45685776e-44 6.63976935e-44
2.64000000e+04 6.09945886e-44 6.46060646e-44 6.64224092e-44
2.65000000e+04 6.10607854e-44 6.46432306e-44 6.64468639e-44
2.66000000e+04 6.11263299e-44 6.46800759e-44 6.64710581e-44
2.67000000e+04 6.11912306e-44 6.47166069e-44 6.64949939e-44
2.68000000e+04 6.12554941e-44 6.47528210e-44 6.65186729e-44
2.69000000e+04 6.13191264e-44 6.47887217e-44 6.65420969e-44
2.70000000e+04 6.13821354e-44 6.48243107e-44 6.65652674e-44
2.71000000e+04 6.14445267e-44 6.48595899e-44 6.65881863e-44
2.72000000e+04 6.15063069e-44 6.48945612e-44 6.66108551e-44
2.73000000e+04 6.15674825e-44 6.49292264e-44 6.66332755e-44
2.74000000e+04 6.16280597e-44 6.49635873e-44 6.66554471e-44
2.75000000e+04 6.16880447e-44 6.49976458e-44 6.66773775e-44
2.76000000e+04 6.17474435e-44 6.50314037e-44 6.66990623e-44
2.77000000e+04 6.18062622e-44 6.50648627e-44 6.67205051e-44
2.78000000e+04 6.18645066e-44 6.50980247e-44 6.67417076e-44
2.79000000e+04 6.19221826e-44 6.51308915e-44 6.67626713e-44
2.80000000e+04 6.19792959e-44 6.51634648e-44 6.67833977e-44
2.81000000e+04 6.20358521e-44 6.51957464e-44 6.68038884e-44
2.82000000e+04 6.20918569e-44 6.52277380e-44 6.68241450e-44
2.83000000e+04 6.21473156e-44 6.52594415e-44 6.68441690e-44
2.84000000e+04 6.22022338e-44 6.52908585e-44 6.68639619e-44
2.85000000e+04 6.22566166e-44 6.53219907e-44 6.68835253e-44
2.86000000e+04 6.23104699e-44 6.53528400e-44 6.69028607e-44
2.87000000e+04 6.23637952e-44 6.53834079e-44 6.69219695e-44
2.88000000e+04 6.24166068e-44 6.54136963e-44 6.69408533e-44
2.89000000e+04 6.24689009e-44 6.54437067e-44 6.69595136e-44
2.90000000e+04 6.25206853e-44 6.54734409e-44 6.69779517e-44
2.91000000e+04 6.25719610e-44 6.55029006e-44 6.69961693e-44
2.92000000e+04 6.26227452e-44 6.55320875e-44 6.70141676e-44
2.93000000e+04 6.26730302e-44 6.55610031e-44 6.70319483e-44
2.94000000e+04 6.27228249e-44 6.55896491e-44 6.70495127e-44
2.95000000e+04 6.27721340e-44 6.56180272e-44 6.70668622e-44
2.96000000e+04 6.28209620e-44 6.56461405e-44 6.70839984e-44
2.97000000e+04 6.28693136e-44 6.56739862e-44 6.71009224e-44
2.98000000e+04 6.29171934e-44 6.57015703e-44 6.71176371e-44
2.99000000e+04 6.29646052e-44 6.57288929e-44 6.71341402e-44
3.00000000e+04 6.30115540e-44 6.57559557e-44 6.71504367e-44
3.01000000e+04 6.30580440e-44 6.57827603e-44 6.71665266e-44
3.02000000e+04 6.31040794e-44 6.58093081e-44 6.71824115e-44
3.03000000e+04 6.31496643e-44 6.58356008e-44 6.71980927e-44
3.04000000e+04 6.31948024e-44 6.58616404e-44 6.72135715e-44
3.05000000e+04 6.32394988e-44 6.58874272e-44 6.72288492e-44
3.06000000e+04 6.32837579e-44 6.59129640e-44 6.72439273e-44
3.07000000e+04 6.33275825e-44 6.59382518e-44 6.72588070e-44
3.08000000e+04 6.33709763e-44 6.59632923e-44 6.72734896e-44
3.09000000e+04 6.34139443e-44 6.59880869e-44 6.72879765e-44
3.10000000e+04 6.34564898e-44 6.60126371e-44 6.73022689e-44
3.11000000e+04 6.34986167e-44 6.60369445e-44 6.73163682e-44
3.12000000e+04 6.35403289e-44 6.60610106e-44 6.73302744e-44
3.13000000e+04 6.35816301e-44 6.60848357e-44 6.73439925e-44
3.14000000e+04 6.36225235e-44 6.61084246e-44 6.73575179e-44
3.15000000e+04 6.36630133e-44 6.61317755e-44 6.73708596e-44
3.16000000e+04 6.37031029e-44 6.61548909e-44 6.73840122e-44
3.17000000e+04 6.37427959e-44 6.61777724e-44 6.73969794e-44
3.18000000e+04 6.37820969e-44 6.62004213e-44 6.74097622e-44
3.19000000e+04 6.38210050e-44 6.62228391e-44 6.74223620e-44
3.20000000e+04 6.38595296e-44 6.62450272e-44 6.74347799e-44
3.21000000e+04 6.38976705e-44 6.62669870e-44 6.74470171e-44
3.22000000e+04 6.39354319e-44 6.62887200e-44 6.74590749e-44
3.23000000e+04 6.39728170e-44 6.63102276e-44 6.74709545e-44
3.24000000e+04 6.40098292e-44 6.63315123e-44 6.74826571e-44
3.25000000e+04 6.40464720e-44 6.63525720e-44 6.74941867e-44
3.26000000e+04 6.40827474e-44 6.63734116e-44 6.75055358e-44
3.27000000e+04 6.41186599e-44 6.63940313e-44 6.75167143e-44
3.28000000e+04 6.41542121e-44 6.64144326e-44 6.75277205e-44
3.29000000e+04 6.41894072e-44 6.64346171e-44 6.75385554e-44
3.30000000e+04 6.42242481e-44 6.64545848e-44 6.75492204e-44
3.31000000e+04 6.42587379e-44 6.64743385e-44 6.75597164e-44
3.32000000e+04 6.42928795e-44 6.64938791e-44 6.75700447e-44
3.33000000e+04 6.43266761e-44 6.65132079e-44 6.75802064e-44
3.34000000e+04 6.43601303e-44 6.65323262e-44 6.75902025e-44
3.35000000e+04 6.43932452e-44 6.65512354e-44 6.76000342e-44
3.36000000e+04 6.44260236e-44 6.65699385e-44 6.76097026e-44
3.37000000e+04 6.44584686e-44 6.65884313e-44 6.76192089e-44
3.38000000e+04 6.44905866e-44 6.66067207e-44 6.76285540e-44
3.39000000e+04 6.45223679e-44 6.66248062e-44 6.76377391e-44
3.40000000e+04 6.45538283e-44 6.66426888e-44 6.76467652e-44
3.41000000e+04 6.45849660e-44 6.66603701e-44 6.76556335e-44
3.42000000e+04 6.46157835e-44 6.66778511e-44 6.76643450e-44
3.43000000e+04 6.46462842e-44 6.66951354e-44 6.76729007e-44
3.44000000e+04 6.46764698e-44 6.67122175e-44 6.76813017e-44
3.45000000e+04 6.47063441e-44 6.67291054e-44 6.76895491e-44
3.46000000e+04 6.47359075e-44 6.67457981e-44 6.76976438e-44
3.47000000e+04 6.47651644e-44 6.67623000e-44 6.77055869e-44
3.48000000e+04 6.47941173e-44 6.67786027e-44 6.77133794e-44
3.49000000e+04 6.48227675e-44 6.67947170e-44 6.77210225e-44
3.50000000e+04 6.48511185e-44 6.68106409e-44 6.77285169e-44
3.51000000e+04 6.48791725e-44 6.68263757e-44 6.77358638e-44
3.52000000e+04 6.49069321e-44 6.68419224e-44 6.77430642e-44
3.53000000e+04 6.49343986e-44 6.68572824e-44 6.77501234e-44
3.54000000e+04 6.49615756e-44 6.68724567e-44 6.77570294e-44
3.55000000e+04 6.49884650e-44 6.68874465e-44 6.77637960e-44
3.56000000e+04 6.50150692e-44 6.69022530e-44 6.77704201e-44
3.57000000e+04 6.50413903e-44 6.69168773e-44 6.77769025e-44
3.58000000e+04 6.50674308e-44 6.69313206e-44 6.77832442e-44
3.59000000e+04 6.50931928e-44 6.69455841e-44 6.77894461e-44
3.60000000e+04 6.51186786e-44 6.69596688e-44 6.77955093e-44
3.61000000e+04 6.51438896e-44 6.69735759e-44 6.78014347e-44
3.62000000e+04 6.51688302e-44 6.69873064e-44 6.78072231e-44
3.63000000e+04 6.51935004e-44 6.70008616e-44 6.78128755e-44
3.64000000e+04 6.52179031e-44 6.70142422e-44 6.78183928e-44
3.65000000e+04 6.52420404e-44 6.70274503e-44 6.78237760e-44
3.66000000e+04 6.52659143e-44 6.70404859e-44 6.78290259e-44
3.67000000e+04 6.52895270e-44 6.70533505e-44 6.78341435e-44
3.68000000e+04 6.53128804e-44 6.70660439e-44 6.78391297e-44
3.69000000e+04 6.53359768e-44 6.70785710e-44 6.78439853e-44
3.70000000e+04 6.53588179e-44 6.70909291e-44 6.78487112e-44
3.71000000e+04 6.53814060e-44 6.71031204e-44 6.78533084e-44
3.72000000e+04 6.54037418e-44 6.71151460e-44 6.78577776e-44
3.73000000e+04 6.54258306e-44 6.71270060e-44 6.78621198e-44
3.74000000e+04 6.54476710e-44 6.71387044e-44 6.78663358e-44
3.75000000e+04 6.54692673e-44 6.71502393e-44 6.78704265e-44
3.76000000e+04 6.54906177e-44 6.71616126e-44 6.78743928e-44
3.77000000e+04 6.55117279e-44 6.71728269e-44 6.78782353e-44
3.78000000e+04 6.55325983e-44 6.71838787e-44 6.78819551e-44
3.79000000e+04 6.55532309e-44 6.71947735e-44 6.78855530e-44
3.80000000e+04 6.55736274e-44 6.72055078e-44 6.78890297e-44
3.81000000e+04 6.55937900e-44 6.72160916e-44 6.78923861e-44
3.82000000e+04 6.56137201e-44 6.72265169e-44 6.78956231e-44
3.83000000e+04 6.56334196e-44 6.72367877e-44 6.78987413e-44
3.84000000e+04 6.56528903e-44 6.72469050e-44 6.79017417e-44
3.85000000e+04 6.56721339e-44 6.72568697e-44 6.79046251e-44
3.86000000e+04 6.56911522e-44 6.72666828e-44 6.79073921e-44
3.87000000e+04 6.57099468e-44 6.72763452e-44 6.79100489e-44
3.88000000e+04 6.57285196e-44 6.72858568e-44 6.79125806e-44
3.89000000e+04 6.57468721e-44 6.72952219e-44 6.79150036e-44
3.90000000e+04 6.57650061e-44 6.73044381e-44 6.79173134e-44
3.91000000e+04 6.57829231e-44 6.73135075e-44 6.79195109e-44
3.92000000e+04 6.58006249e-44 6.73224309e-44 6.79215967e-44
3.93000000e+04 6.58181131e-44 6.73312092e-44 6.79235718e-44
3.94000000e+04 6.58353893e-44 6.73398435e-44 6.79254367e-44
3.95000000e+04 6.58524550e-44 6.73483346e-44 6.79271923e-44
3.96000000e+04 6.58693119e-44 6.73566834e-44 6.79288392e-44
3.97000000e+04 6.58859615e-44 6.73648909e-44 6.79303783e-44
3.98000000e+04 6.59024054e-44 6.73729579e-44 6.79318103e-44
3.99000000e+04 6.59186451e-44 6.73808852e-44 6.79331359e-44
4.00000000e+04 6.59346822e-44 6.73886739e-44 6.79343558e-44
4.01000000e+04 6.59505182e-44 6.73963248e-44 6.79354708e-44
4.02000000e+04 6.59661545e-44 6.74038386e-44 6.79364815e-44
4.03000000e+04 6.59815926e-44 6.74112165e-44 6.79373887e-44
4.04000000e+04 6.59968336e-44 6.74184590e-44 6.79381930e-44
4.05000000e+04 6.60118804e-44 6.74255673e-44 6.79388952e-44
4.06000000e+04 6.60267329e-44 6.74325430e-44 6.79394960e-44
4.07000000e+04 6.60413931e-44 6.74393840e-44 6.79399960e-44
4.08000000e+04 6.60558624e-44 6.74460942e-44 6.79403959e-44
4.09000000e+04 6.60701422e-44 6.74526734e-44 6.79406965e-44
4.10000000e+04 6.60842338e-44 6.74591225e-44 6.79408983e-44
4.11000000e+04 6.60981388e-44 6.74654422e-44 6.79410022e-44
4.12000000e+04 6.61118584e-44 6.74716280e-44 6.79410086e-44
4.13000000e+04 6.61253941e-44 6.74776950e-44 6.79409184e-44
4.14000000e+04 6.61387471e-44 6.74836334e-44 6.79407321e-44
4.15000000e+04 6.61519188e-44 6.74894439e-44 6.79404504e-44
4.16000000e+04 6.61649106e-44 6.74951291e-44 6.79400739e-44
4.17000000e+04 6.61777237e-44 6.75006898e-44 6.79396034e-44
4.18000000e+04 6.61903595e-44 6.75061267e-44 6.79390393e-44
4.19000000e+04 6.62028192e-44 6.75114408e-44 6.79383825e-44
4.20000000e+04 6.62151042e-44 6.75166327e-44 6.79376334e-44
4.21000000e+04 6.62272155e-44 6.75217033e-44 6.79367928e-44
4.22000000e+04 6.62391548e-44 6.75266532e-44 6.79358612e-44
4.23000000e+04 6.62509231e-44 6.75314833e-44 6.79348393e-44
4.24000000e+04 6.62625216e-44 6.75361943e-44 6.79337276e-44
4.25000000e+04 6.62739517e-44 6.75407869e-44 6.79325269e-44
4.26000000e+04 6.62852142e-44 6.75452620e-44 6.79312376e-44
4.27000000e+04 6.62963107e-44 6.75496202e-44 6.79298605e-44
4.28000000e+04 6.63072424e-44 6.75538624e-44 6.79283960e-44
4.29000000e+04 6.63180104e-44 6.75579892e-44 6.79268448e-44
4.30000000e+04 6.63286158e-44 6.75620014e-44 6.79252074e-44
4.31000000e+04 6.63390599e-44 6.75658995e-44 6.79234846e-44
4.32000000e+04 6.63493437e-44 6.75696847e-44 6.79216767e-44
4.33000000e+04 6.63594684e-44 6.75733573e-44 6.79197845e-44
4.34000000e+04 6.63694354e-44 6.75769181e-44 6.79178085e-44
4.35000000e+04 6.63792434e-44 6.75803679e-44 6.79157492e-44
4.36000000e+04 6.63888991e-44 6.75837074e-44 6.79136079e-44
4.37000000e+04 6.63983998e-44 6.75869394e-44 6.79113831e-44
4.38000000e+04 6.64077443e-44 6.75900580e-44 6.79090775e-44
4.39000000e+04 6.64169403e-44 6.75930706e-44 6.79066908e-44
4.40000000e+04 6.64259831e-44 6.75959756e-44 6.79042237e-44
4.41000000e+04 6.64348757e-44 6.75987739e-44 6.79016766e-44
4.42000000e+04 6.64436194e-44 6.76014656e-44 6.78990502e-44
4.43000000e+04 6.64522145e-44 6.76040519e-44 6.78963449e-44
4.44000000e+04 6.64606628e-44 6.76065333e-44 6.78935614e-44
4.45000000e+04 6.64689651e-44 6.76089105e-44 6.78907000e-44
4.46000000e+04 6.64771225e-44 6.76111842e-44 6.78877615e-44
4.47000000e+04 6.64851359e-44 6.76133549e-44 6.78847461e-44
4.48000000e+04 6.64930064e-44 6.76154234e-44 6.78816546e-44
4.49000000e+04 6.65007350e-44 6.76173902e-44 6.78784874e-44
4.50000000e+04 6.65083226e-44 6.76192561e-44 6.78752450e-44
4.51000000e+04 6.65157693e-44 6.76210217e-44 6.78719280e-44
4.52000000e+04 6.65230792e-44 6.76226875e-44 6.78685367e-44
4.53000000e+04 6.65302500e-44 6.76242543e-44 6.78650719e-44
4.54000000e+04 6.65372838e-44 6.76257226e-44 6.78615338e-44
4.55000000e+04 6.65441816e-44 6.76270931e-44 6.78579231e-44
4.56000000e+04 6.65509440e-44 6.76283664e-44 6.78542402e-44
4.57000000e+04 6.65575728e-44 6.76295432e-44 6.78504856e-44
4.58000000e+04 6.65640681e-44 6.76306239e-44 6.78466598e-44
4.59000000e+04 6.65704311e-44 6.76316092e-44 6.78427633e-44
4.60000000e+04 6.65766628e-44 6.76324998e-44 6.78387966e-44
4.61000000e+04 6.65827640e-44 6.76332962e-44 6.78347601e-44
4.62000000e+04 6.65887364e-44 6.76339993e-44 6.78306542e-44
4.63000000e+04 6.65945787e-44 6.76346088e-44 6.78264796e-44
4.64000000e+04 6.66002940e-44 6.76351262e-44 6.78222365e-44
4.65000000e+04 6.66058824e-44 6.76355518e-44 6.78179256e-44
4.66000000e+04 6.66113448e-44 6.76358861e-44 6.78135485e-44
4.67000000e+04 6.66166821e-44 6.76361297e-44 6.78091019e-44
4.68000000e+04 6.66218946e-44 6.76362833e-44 6.78045900e-44
4.69000000e+04 6.66269848e-44 6.76363473e-44 6.78000120e-44
4.70000000e+04 6.66319520e-44 6.76363224e-44 6.77953683e-44
4.71000000e+04 6.66367974e-44 6.76362090e-44 6.77906595e-44
4.72000000e+04 6.66415219e-44 6.76360071e-44 6.77858859e-44
4.73000000e+04 6.66461265e-44 6.76357193e-44 6.77810480e-44
4.74000000e+04 6.66506118e-44 6.76353440e-44 6.77761461e-44
4.75000000e+04 6.66549796e-44 6.76348825e-44 6.77711809e-44
4.76000000e+04 6.66592281e-44 6.76343354e-44 6.77661527e-44
4.77000000e+04 6.66633607e-44 6.76337032e-44 6.77610577e-44
4.78000000e+04 6.66673774e-44 6.76329863e-44 6.77559085e-44
4.79000000e+04 6.66712788e-44 6.76321854e-44 6.77506937e-44
4.80000000e+04 6.66750659e-44 6.76313010e-44 6.77454174e-44
4.81000000e+04 6.66787394e-44 6.76303336e-44 6.77400803e-44
4.82000000e+04 6.66823000e-44 6.76292837e-44 6.77346826e-44
4.83000000e+04 6.66857486e-44 6.76281518e-44 6.77292248e-44
4.84000000e+04 6.66890859e-44 6.76269385e-44 6.77237073e-44
4.85000000e+04 6.66923127e-44 6.76256443e-44 6.77181304e-44
4.86000000e+04 6.66954296e-44 6.76242698e-44 6.77124947e-44
4.87000000e+04 6.66984375e-44 6.76228150e-44 6.77068004e-44
4.88000000e+04 6.67013372e-44 6.76212810e-44 6.77010480e-44
4.89000000e+04 6.67041285e-44 6.76196681e-44 6.76952379e-44
4.90000000e+04 6.67068144e-44 6.76179767e-44 6.76893705e-44
4.91000000e+04 6.67093935e-44 6.76162074e-44 6.76834461e-44
4.92000000e+04 6.67118672e-44 6.76143607e-44 6.76774651e-44
4.93000000e+04 6.67142363e-44 6.76124370e-44 6.76714279e-44
4.94000000e+04 6.67165013e-44 6.76104369e-44 6.76653349e-44
4.95000000e+04 6.67186636e-44 6.76083607e-44 6.76591865e-44
4.96000000e+04 6.67207223e-44 6.76062091e-44 6.76529830e-44
4.97000000e+04 6.67226794e-44 6.76039824e-44 6.76467248e-44
4.98000000e+04 6.67245367e-44 6.76016811e-44 6.76404123e-44
4.99000000e+04 6.67262909e-44 6.75993057e-44 6.76340458e-44
5.00000000e+04 6.67279471e-44 6.75968567e-44 6.76276257e-44
