# Te [K]  Qff_DL [cm^5]  Qff_PL [cm^5]  Qff_KW [cm^5] int_DL  int_PL  int_KD abserr_int_DL  abserr_int_PL  abserr_int_KW
3.00000000e+02 1.20614806e-39 6.38880276e-40 9.39599933e-40 1.20614806e-39 6.38880276e-40 9.39599933e-40 6.77033694e-10 3.26827321e-10 4.65073921e-10
4.00000000e+02 1.20935518e-39 6.45200117e-40 9.44805341e-40 1.20935518e-39 6.45200117e-40 9.44805341e-40 1.03065492e-09 4.92194672e-10 7.43685239e-10
5.00000000e+02 1.21130423e-39 6.51597538e-40 9.49977194e-40 1.21130423e-39 6.51597538e-40 9.49977194e-40 1.42283545e-09 6.88026532e-10 1.07588071e-09
6.00000000e+02 1.21246400e-39 6.58024122e-40 9.55114677e-40 1.21246400e-39 6.58024122e-40 9.55114677e-40 1.96496515e-09 1.04327189e-09 1.31744492e-09
7.00000000e+02 1.21309551e-39 6.64453557e-40 9.60216986e-40 1.21309551e-39 6.64453557e-40 9.60216986e-40 2.45876544e-09 1.26428142e-09 1.90580957e-09
8.00000000e+02 1.21336204e-39 6.70870415e-40 9.65283330e-40 1.21336204e-39 6.70870415e-40 9.65283330e-40 2.93638246e-09 1.64299485e-09 2.14503559e-09
9.00000000e+02 1.21337599e-39 6.77264969e-40 9.70312941e-40 1.21337599e-39 6.77264969e-40 9.70312941e-40 3.61144030e-09 1.81680822e-09 2.31782477e-09
1.00000000e+03 1.21322081e-39 6.83630723e-40 9.75305096e-40 1.21322081e-39 6.83630723e-40 9.75305096e-40 3.98340519e-09 2.33625643e-09 2.99330994e-09
1.10000000e+03 1.21296174e-39 6.89963170e-40 9.80259160e-40 1.21296174e-39 6.89963170e-40 9.80259160e-40 4.67354416e-09 2.73960236e-09 3.47293215e-09
1.20000000e+03 1.21265121e-39 6.96259163e-40 9.85174628e-40 1.21265121e-39 6.96259163e-40 9.85174628e-40 5.37176157e-09 3.06205889e-09 4.29926310e-09
1.30000000e+03 1.21233168e-39 7.02516559e-40 9.90051174e-40 1.21233168e-39 7.02516559e-40 9.90051174e-40 5.99270589e-09 3.26820684e-09 4.96023314e-09
1.40000000e+03 1.21203745e-39 7.08734006e-40 9.94888684e-40 1.21203745e-39 7.08734006e-40 9.94888684e-40 6.88008512e-09 4.02174760e-09 5.27843292e-09
1.50000000e+03 1.21179584e-39 7.14910786e-40 9.99687267e-40 1.21179584e-39 7.14910786e-40 9.99687267e-40 7.76131183e-09 4.51584981e-09 6.21337916e-09
1.60000000e+03 1.21162827e-39 7.21046694e-40 1.00444725e-39 1.21162827e-39 7.21046694e-40 1.00444725e-39 8.20103428e-09 4.75048280e-09 6.02919446e-09
1.70000000e+03 1.21155113e-39 7.27141928e-40 1.00916918e-39 1.21155113e-39 7.27141928e-40 1.00916918e-39 9.23144392e-09 5.22371741e-09 6.88647859e-09
1.80000000e+03 1.21157663e-39 7.33196994e-40 1.01385376e-39 1.21157663e-39 7.33196994e-40 1.01385376e-39 9.68540617e-09 6.14146090e-09 8.37334446e-09
1.90000000e+03 1.21171346e-39 7.39212616e-40 1.01850182e-39 1.21171346e-39 7.39212616e-40 1.01850182e-39 1.09222900e-08 6.60214767e-09 8.34916543e-09
2.00000000e+03 1.21196743e-39 7.45189673e-40 1.02311433e-39 1.21196743e-39 7.45189673e-40 1.02311433e-39 1.16192445e-08 6.74989587e-09 8.31264354e-09
2.10000000e+03 1.21234206e-39 7.51129132e-40 1.02769228e-39 1.21234206e-39 7.51129132e-40 1.02769228e-39 1.28275706e-08 7.63943873e-09 1.05173113e-08
2.20000000e+03 1.21283895e-39 7.57032002e-40 1.03223671e-39 1.21283895e-39 7.57032002e-40 1.03223671e-39 1.36495997e-08 8.61447354e-09 1.06913320e-08
2.30000000e+03 1.21345824e-39 7.62899299e-40 1.03674868e-39 1.21345824e-39 7.62899299e-40 1.03674868e-39 1.46890547e-08 9.11639103e-09 1.25224089e-08
2.40000000e+03 1.21419888e-39 7.68732016e-40 1.04122921e-39 1.21419888e-39 7.68732016e-40 1.04122921e-39 1.56614826e-08 9.48184200e-09 1.18637714e-08
2.50000000e+03 1.21505890e-39 7.74531103e-40 1.04567929e-39 1.21505890e-39 7.74531103e-40 1.04567929e-39 1.65690192e-08 1.03528218e-08 1.32608984e-08
2.60000000e+03 1.21603567e-39 7.80297457e-40 1.05009987e-39 1.21603567e-39 7.80297457e-40 1.05009987e-39 1.77019401e-08 1.08669413e-08 1.52573555e-08
2.70000000e+03 1.21712600e-39 7.86031913e-40 1.05449184e-39 1.21712600e-39 7.86031913e-40 1.05449184e-39 1.83162809e-08 1.12991030e-08 1.57096219e-08
2.80000000e+03 1.21832635e-39 7.91735240e-40 1.05885603e-39 1.21832635e-39 7.91735240e-40 1.05885603e-39 1.91116984e-08 1.29705538e-08 1.71165475e-08
2.90000000e+03 1.21963291e-39 7.97408140e-40 1.06319321e-39 1.21963291e-39 7.97408140e-40 1.06319321e-39 2.10096701e-08 1.33446315e-08 1.78219986e-08
3.00000000e+03 1.22104169e-39 8.03051251e-40 1.06750408e-39 1.22104169e-39 8.03051251e-40 1.06750408e-39 2.19085270e-08 1.38063035e-08 1.85808009e-08
3.10000000e+03 1.22254861e-39 8.08665147e-40 1.07178930e-39 1.22254861e-39 8.08665147e-40 1.07178930e-39 2.31814628e-08 1.49449449e-08 1.83546641e-08
3.20000000e+03 1.22414954e-39 8.14250348e-40 1.07604944e-39 1.22414954e-39 8.14250348e-40 1.07604944e-39 2.40379449e-08 1.58716185e-08 2.06156471e-08
3.30000000e+03 1.22584038e-39 8.19807315e-40 1.08028503e-39 1.22584038e-39 8.19807315e-40 1.08028503e-39 2.46394406e-08 1.69566980e-08 2.18173523e-08
3.40000000e+03 1.22761703e-39 8.25336465e-40 1.08449657e-39 1.22761703e-39 8.25336465e-40 1.08449657e-39 2.67976388e-08 1.75203769e-08 2.11029709e-08
3.50000000e+03 1.22947550e-39 8.30838168e-40 1.08868449e-39 1.22947550e-39 8.30838168e-40 1.08868449e-39 2.69381548e-08 1.87973169e-08 2.45367440e-08
3.60000000e+03 1.23141185e-39 8.36312754e-40 1.09284917e-39 1.23141185e-39 8.36312754e-40 1.09284917e-39 2.94077029e-08 1.95567493e-08 2.31685181e-08
3.70000000e+03 1.23342228e-39 8.41760519e-40 1.09699098e-39 1.23342228e-39 8.41760519e-40 1.09699098e-39 3.06510266e-08 2.01876099e-08 2.63156728e-08
3.80000000e+03 1.23550307e-39 8.47181726e-40 1.10111023e-39 1.23550307e-39 8.47181726e-40 1.10111023e-39 3.17473265e-08 2.11305746e-08 2.69816996e-08
3.90000000e+03 1.23765065e-39 8.52576612e-40 1.10520722e-39 1.23765065e-39 8.52576612e-40 1.10520722e-39 3.31793934e-08 2.20639656e-08 2.84922204e-08
4.00000000e+03 1.23986156e-39 8.57945389e-40 1.10928220e-39 1.23986156e-39 8.57945389e-40 1.10928220e-39 3.44685387e-08 2.37682586e-08 3.10410662e-08
4.10000000e+03 1.24213247e-39 8.63288247e-40 1.11333542e-39 1.24213247e-39 8.63288247e-40 1.11333542e-39 3.57671533e-08 2.39132114e-08 3.17787673e-08
4.20000000e+03 1.24446018e-39 8.68605359e-40 1.11736711e-39 1.24446018e-39 8.68605359e-40 1.11736711e-39 3.69712195e-08 2.45838049e-08 3.13494456e-08
4.30000000e+03 1.24684162e-39 8.73896883e-40 1.12137745e-39 1.24684162e-39 8.73896883e-40 1.12137745e-39 3.82929174e-08 2.59374372e-08 3.21458311e-08
4.40000000e+03 1.24927386e-39 8.79162960e-40 1.12536663e-39 1.24927386e-39 8.79162960e-40 1.12536663e-39 3.86389045e-08 2.74018644e-08 3.17518082e-08
4.50000000e+03 1.25175407e-39 8.84403722e-40 1.12933483e-39 1.25175407e-39 8.84403722e-40 1.12933483e-39 4.05332080e-08 2.71869540e-08 3.57492172e-08
4.60000000e+03 1.25427956e-39 8.89619291e-40 1.13328221e-39 1.25427956e-39 8.89619291e-40 1.13328221e-39 4.20457036e-08 3.03081796e-08 3.41060099e-08
4.70000000e+03 1.25684775e-39 8.94809779e-40 1.13720890e-39 1.25684775e-39 8.94809779e-40 1.13720890e-39 4.44165636e-08 3.02165036e-08 3.76821054e-08
4.80000000e+03 1.25945617e-39 8.99975293e-40 1.14111507e-39 1.25945617e-39 8.99975293e-40 1.14111507e-39 4.52328812e-08 3.27498421e-08 3.68864174e-08
4.90000000e+03 1.26210248e-39 9.05115932e-40 1.14500083e-39 1.26210248e-39 9.05115932e-40 1.14500083e-39 4.66001754e-08 3.34457272e-08 4.01133463e-08
5.00000000e+03 1.26478441e-39 9.10231791e-40 1.14886631e-39 1.26478441e-39 9.10231791e-40 1.14886631e-39 4.90070252e-08 3.31790839e-08 4.03656691e-08
5.10000000e+03 1.26749984e-39 9.15322963e-40 1.15271164e-39 1.26749984e-39 9.15322963e-40 1.15271164e-39 4.93710999e-08 3.42082465e-08 4.33274448e-08
5.20000000e+03 1.27024670e-39 9.20389533e-40 1.15653694e-39 1.27024670e-39 9.20389533e-40 1.15653694e-39 5.24501408e-08 3.59568125e-08 4.67162527e-08
5.30000000e+03 1.27302306e-39 9.25431588e-40 1.16034230e-39 1.27302306e-39 9.25431588e-40 1.16034230e-39 5.36737732e-08 3.76226270e-08 4.82002630e-08
5.40000000e+03 1.27582703e-39 9.30449212e-40 1.16412785e-39 1.27582703e-39 9.30449212e-40 1.16412785e-39 5.45119029e-08 3.96428042e-08 4.96125484e-08
5.50000000e+03 1.27865684e-39 9.35442484e-40 1.16789368e-39 1.27865684e-39 9.35442484e-40 1.16789368e-39 5.76325825e-08 4.16636661e-08 5.01437262e-08
5.60000000e+03 1.28151080e-39 9.40411488e-40 1.17163991e-39 1.28151080e-39 9.40411488e-40 1.17163991e-39 5.91377706e-08 4.21542252e-08 5.38855681e-08
5.70000000e+03 1.28438728e-39 9.45356302e-40 1.17536663e-39 1.28438728e-39 9.45356302e-40 1.17536663e-39 5.85628047e-08 4.38347669e-08 5.24171936e-08
5.80000000e+03 1.28728474e-39 9.50277005e-40 1.17907395e-39 1.28728474e-39 9.50277005e-40 1.17907395e-39 6.11690521e-08 4.38325928e-08 5.52544611e-08
5.90000000e+03 1.29020170e-39 9.55173679e-40 1.18276196e-39 1.29020170e-39 9.55173679e-40 1.18276196e-39 6.27561612e-08 4.75567149e-08 5.76241454e-08
6.00000000e+03 1.29313676e-39 9.60046401e-40 1.18643076e-39 1.29313676e-39 9.60046401e-40 1.18643076e-39 6.62849678e-08 4.85000142e-08 5.71223270e-08
6.10000000e+03 1.29608858e-39 9.64895253e-40 1.19008045e-39 1.29608858e-39 9.64895253e-40 1.19008045e-39 6.77131274e-08 4.95156828e-08 5.80163760e-08
6.20000000e+03 1.29905588e-39 9.69720313e-40 1.19371113e-39 1.29905588e-39 9.69720313e-40 1.19371113e-39 6.85801265e-08 5.23043216e-08 6.19718946e-08
6.30000000e+03 1.30203742e-39 9.74521664e-40 1.19732288e-39 1.30203742e-39 9.74521664e-40 1.19732288e-39 7.02547654e-08 5.20258527e-08 6.29613307e-08
6.40000000e+03 1.30503206e-39 9.79299386e-40 1.20091582e-39 1.30503206e-39 9.79299386e-40 1.20091582e-39 7.23533885e-08 5.36926444e-08 6.78722050e-08
6.50000000e+03 1.30803867e-39 9.84053563e-40 1.20449003e-39 1.30803867e-39 9.84053563e-40 1.20449003e-39 7.55548234e-08 5.68296411e-08 6.69614675e-08
6.60000000e+03 1.31105618e-39 9.88784276e-40 1.20804560e-39 1.31105618e-39 9.88784276e-40 1.20804560e-39 7.76576970e-08 5.66622440e-08 7.04808710e-08
6.70000000e+03 1.31408360e-39 9.93491609e-40 1.21158264e-39 1.31408360e-39 9.93491609e-40 1.21158264e-39 7.77812212e-08 5.96027059e-08 7.28335697e-08
6.80000000e+03 1.31711994e-39 9.98175648e-40 1.21510123e-39 1.31711994e-39 9.98175648e-40 1.21510123e-39 8.11499982e-08 5.92439564e-08 7.48739693e-08
6.90000000e+03 1.32016428e-39 1.00283648e-39 1.21860147e-39 1.32016428e-39 1.00283648e-39 1.21860147e-39 8.15737379e-08 6.30259448e-08 7.39055580e-08
7.00000000e+03 1.32321575e-39 1.00747419e-39 1.22208346e-39 1.32321575e-39 1.00747419e-39 1.22208346e-39 8.35156095e-08 6.34456513e-08 7.34050158e-08
7.10000000e+03 1.32627348e-39 1.01208886e-39 1.22554729e-39 1.32627348e-39 1.01208886e-39 1.22554729e-39 8.76731117e-08 6.69127736e-08 7.89420496e-08
7.20000000e+03 1.32933669e-39 1.01668059e-39 1.22899305e-39 1.32933669e-39 1.01668059e-39 1.22899305e-39 8.96142605e-08 6.73557081e-08 8.10701530e-08
7.30000000e+03 1.33240459e-39 1.02124945e-39 1.23242084e-39 1.33240459e-39 1.02124945e-39 1.23242084e-39 9.09769952e-08 6.70540261e-08 8.03764154e-08
7.40000000e+03 1.33547646e-39 1.02579556e-39 1.23583075e-39 1.33547646e-39 1.02579556e-39 1.23583075e-39 9.19166609e-08 7.07298761e-08 8.67969767e-08
7.50000000e+03 1.33855159e-39 1.03031898e-39 1.23922288e-39 1.33855159e-39 1.03031898e-39 1.23922288e-39 9.53710281e-08 6.95683583e-08 8.71443713e-08
7.60000000e+03 1.34162931e-39 1.03481982e-39 1.24259732e-39 1.34162931e-39 1.03481982e-39 1.24259732e-39 9.77396376e-08 7.40177415e-08 9.10661328e-08
7.70000000e+03 1.34470898e-39 1.03929817e-39 1.24595416e-39 1.34470898e-39 1.03929817e-39 1.24595416e-39 9.80627032e-08 7.50304341e-08 8.97356661e-08
7.80000000e+03 1.34778998e-39 1.04375413e-39 1.24929350e-39 1.34778998e-39 1.04375413e-39 1.24929350e-39 1.01317289e-07 7.58933131e-08 9.46620447e-08
7.90000000e+03 1.35087173e-39 1.04818777e-39 1.25261543e-39 1.35087173e-39 1.04818777e-39 1.25261543e-39 1.04857141e-07 8.04618786e-08 9.52819480e-08
8.00000000e+03 1.35395368e-39 1.05259921e-39 1.25592004e-39 1.35395368e-39 1.05259921e-39 1.25592004e-39 1.07197493e-07 8.00161839e-08 9.61267694e-08
8.10000000e+03 1.35703527e-39 1.05698853e-39 1.25920743e-39 1.35703527e-39 1.05698853e-39 1.25920743e-39 1.06408592e-07 8.51048227e-08 1.01443403e-07
8.20000000e+03 1.36011602e-39 1.06135584e-39 1.26247769e-39 1.36011602e-39 1.06135584e-39 1.26247769e-39 1.07879406e-07 8.27615591e-08 1.02915747e-07
8.30000000e+03 1.36319541e-39 1.06570122e-39 1.26573091e-39 1.36319541e-39 1.06570122e-39 1.26573091e-39 1.13853225e-07 8.52382453e-08 1.04567985e-07
8.40000000e+03 1.36627300e-39 1.07002479e-39 1.26896718e-39 1.36627300e-39 1.07002479e-39 1.26896718e-39 1.12552645e-07 9.01832762e-08 1.07991288e-07
8.50000000e+03 1.36934832e-39 1.07432662e-39 1.27218661e-39 1.36934832e-39 1.07432662e-39 1.27218661e-39 1.17960916e-07 9.14795347e-08 1.05373006e-07
8.60000000e+03 1.37242096e-39 1.07860683e-39 1.27538927e-39 1.37242096e-39 1.07860683e-39 1.27538927e-39 1.20203282e-07 9.51213369e-08 1.10317668e-07
8.70000000e+03 1.37549051e-39 1.08286550e-39 1.27857527e-39 1.37549051e-39 1.08286550e-39 1.27857527e-39 1.21980788e-07 9.38658694e-08 1.08686909e-07
8.80000000e+03 1.37855657e-39 1.08710275e-39 1.28174468e-39 1.37855657e-39 1.08710275e-39 1.28174468e-39 1.24587397e-07 9.67448283e-08 1.16680813e-07
8.90000000e+03 1.38161878e-39 1.09131866e-39 1.28489761e-39 1.38161878e-39 1.09131866e-39 1.28489761e-39 1.26868215e-07 1.01416413e-07 1.11028691e-07
9.00000000e+03 1.38467678e-39 1.09551335e-39 1.28803414e-39 1.38467678e-39 1.09551335e-39 1.28803414e-39 1.28990304e-07 1.02183969e-07 1.20618985e-07
9.10000000e+03 1.38773022e-39 1.09968690e-39 1.29115437e-39 1.38773022e-39 1.09968690e-39 1.29115437e-39 1.33289772e-07 1.03213122e-07 1.20929646e-07
9.20000000e+03 1.39077879e-39 1.10383942e-39 1.29425838e-39 1.39077879e-39 1.10383942e-39 1.29425838e-39 1.35226224e-07 1.05572480e-07 1.18796670e-07
9.30000000e+03 1.39382218e-39 1.10797101e-39 1.29734626e-39 1.39382218e-39 1.10797101e-39 1.29734626e-39 1.38335673e-07 1.05621179e-07 1.23655915e-07
9.40000000e+03 1.39686007e-39 1.11208177e-39 1.30041810e-39 1.39686007e-39 1.11208177e-39 1.30041810e-39 1.38907446e-07 1.06259216e-07 1.29231338e-07
9.50000000e+03 1.39989221e-39 1.11617180e-39 1.30347400e-39 1.39989221e-39 1.11617180e-39 1.30347400e-39 1.42540775e-07 1.11540979e-07 1.23332858e-07
9.60000000e+03 1.40291830e-39 1.12024120e-39 1.30651403e-39 1.40291830e-39 1.12024120e-39 1.30651403e-39 1.45456991e-07 1.15843520e-07 1.28233333e-07
9.70000000e+03 1.40593810e-39 1.12429007e-39 1.30953830e-39 1.40593810e-39 1.12429007e-39 1.30953830e-39 1.47547262e-07 1.13699046e-07 1.33487011e-07
9.80000000e+03 1.40895135e-39 1.12831851e-39 1.31254687e-39 1.40895135e-39 1.12831851e-39 1.31254687e-39 1.48806319e-07 1.18901317e-07 1.31430096e-07
9.90000000e+03 1.41195783e-39 1.13232663e-39 1.31553985e-39 1.41195783e-39 1.13232663e-39 1.31553985e-39 1.52843755e-07 1.22549915e-07 1.36954434e-07
1.00000000e+04 1.41495730e-39 1.13631453e-39 1.31851731e-39 1.41495730e-39 1.13631453e-39 1.31851731e-39 1.52586976e-07 1.17236034e-07 1.44664715e-07
1.01000000e+04 1.41794956e-39 1.14028230e-39 1.32147935e-39 1.41794956e-39 1.14028230e-39 1.32147935e-39 1.55917785e-07 1.21346205e-07 1.45823489e-07
1.02000000e+04 1.42093439e-39 1.14423004e-39 1.32442605e-39 1.42093439e-39 1.14423004e-39 1.32442605e-39 1.61646178e-07 1.21769955e-07 1.45501108e-07
1.03000000e+04 1.42391161e-39 1.14815787e-39 1.32735749e-39 1.42391161e-39 1.14815787e-39 1.32735749e-39 1.61579813e-07 1.26462573e-07 1.51478920e-07
1.04000000e+04 1.42688102e-39 1.15206587e-39 1.33027376e-39 1.42688102e-39 1.15206587e-39 1.33027376e-39 1.65565295e-07 1.30054833e-07 1.45488193e-07
1.05000000e+04 1.42984245e-39 1.15595415e-39 1.33317494e-39 1.42984245e-39 1.15595415e-39 1.33317494e-39 1.69244764e-07 1.33895688e-07 1.51701057e-07
1.06000000e+04 1.43279573e-39 1.15982281e-39 1.33606113e-39 1.43279573e-39 1.15982281e-39 1.33606113e-39 1.69142317e-07 1.38011380e-07 1.58415262e-07
1.07000000e+04 1.43574070e-39 1.16367196e-39 1.33893239e-39 1.43574070e-39 1.16367196e-39 1.33893239e-39 1.73827965e-07 1.42431024e-07 1.57924041e-07
1.08000000e+04 1.43867721e-39 1.16750168e-39 1.34178881e-39 1.43867721e-39 1.16750168e-39 1.34178881e-39 1.74016101e-07 1.40244022e-07 1.61201400e-07
1.09000000e+04 1.44160511e-39 1.17131208e-39 1.34463048e-39 1.44160511e-39 1.17131208e-39 1.34463048e-39 1.80508256e-07 1.44586747e-07 1.62928334e-07
1.10000000e+04 1.44452426e-39 1.17510326e-39 1.34745748e-39 1.44452426e-39 1.17510326e-39 1.34745748e-39 1.82445706e-07 1.49269017e-07 1.67571228e-07
1.11000000e+04 1.44743453e-39 1.17887532e-39 1.35026988e-39 1.44743453e-39 1.17887532e-39 1.35026988e-39 1.85832979e-07 1.43966718e-07 1.74540316e-07
1.12000000e+04 1.45033580e-39 1.18262836e-39 1.35306778e-39 1.45033580e-39 1.18262836e-39 1.35306778e-39 1.90028539e-07 1.49351229e-07 1.67767215e-07
1.13000000e+04 1.45322794e-39 1.18636247e-39 1.35585124e-39 1.45322794e-39 1.18636247e-39 1.35585124e-39 1.91648811e-07 1.55206140e-07 1.80266661e-07
1.14000000e+04 1.45611084e-39 1.19007777e-39 1.35862036e-39 1.45611084e-39 1.19007777e-39 1.35862036e-39 1.95113556e-07 1.59061299e-07 1.70651042e-07
1.15000000e+04 1.45898440e-39 1.19377433e-39 1.36137520e-39 1.45898440e-39 1.19377433e-39 1.36137520e-39 1.96889700e-07 1.58824305e-07 1.77185617e-07
1.16000000e+04 1.46184852e-39 1.19745227e-39 1.36411585e-39 1.46184852e-39 1.19745227e-39 1.36411585e-39 1.98957177e-07 1.55807523e-07 1.84317438e-07
1.17000000e+04 1.46470309e-39 1.20111168e-39 1.36684240e-39 1.46470309e-39 1.20111168e-39 1.36684240e-39 1.99803160e-07 1.62077874e-07 1.76653559e-07
1.18000000e+04 1.46754804e-39 1.20475266e-39 1.36955490e-39 1.46754804e-39 1.20475266e-39 1.36955490e-39 2.07238313e-07 1.68893337e-07 1.83200853e-07
1.19000000e+04 1.47038326e-39 1.20837531e-39 1.37225345e-39 1.47038326e-39 1.20837531e-39 1.37225345e-39 2.05712196e-07 1.63571182e-07 1.87073003e-07
1.20000000e+04 1.47320869e-39 1.21197972e-39 1.37493812e-39 1.47320869e-39 1.21197972e-39 1.37493812e-39 2.12132715e-07 1.71381554e-07 1.94375402e-07
1.21000000e+04 1.47602424e-39 1.21556598e-39 1.37760899e-39 1.47602424e-39 1.21556598e-39 1.37760899e-39 2.13542108e-07 1.74762643e-07 1.89065523e-07
1.22000000e+04 1.47882985e-39 1.21913420e-39 1.38026613e-39 1.47882985e-39 1.21913420e-39 1.38026613e-39 2.14194525e-07 1.79463373e-07 1.93303690e-07
1.23000000e+04 1.48162544e-39 1.22268448e-39 1.38290963e-39 1.48162544e-39 1.22268448e-39 1.38290963e-39 2.20201961e-07 1.83827748e-07 2.03167116e-07
1.24000000e+04 1.48441096e-39 1.22621690e-39 1.38553955e-39 1.48441096e-39 1.22621690e-39 1.38553955e-39 2.23499647e-07 1.80795732e-07 2.07449238e-07
1.25000000e+04 1.48718633e-39 1.22973156e-39 1.38815597e-39 1.48718633e-39 1.22973156e-39 1.38815597e-39 2.26110403e-07 1.85369480e-07 2.11970175e-07
1.26000000e+04 1.48995152e-39 1.23322856e-39 1.39075896e-39 1.48995152e-39 1.23322856e-39 1.39075896e-39 2.30858350e-07 1.90558396e-07 2.16748589e-07
1.27000000e+04 1.49270646e-39 1.23670799e-39 1.39334861e-39 1.49270646e-39 1.23670799e-39 1.39334861e-39 2.31754618e-07 1.92566004e-07 2.15604525e-07
1.28000000e+04 1.49545110e-39 1.24016995e-39 1.39592498e-39 1.49545110e-39 1.24016995e-39 1.39592498e-39 2.38141263e-07 1.98113882e-07 2.20671199e-07
1.29000000e+04 1.49818541e-39 1.24361452e-39 1.39848815e-39 1.49818541e-39 1.24361452e-39 1.39848815e-39 2.35329681e-07 1.99304200e-07 2.26051973e-07
1.30000000e+04 1.50090934e-39 1.24704181e-39 1.40103819e-39 1.50090934e-39 1.24704181e-39 1.40103819e-39 2.39612066e-07 1.93398895e-07 2.23262206e-07
1.31000000e+04 1.50362284e-39 1.25045190e-39 1.40357518e-39 1.50362284e-39 1.25045190e-39 1.40357518e-39 2.42265758e-07 1.99368614e-07 2.25692132e-07
1.32000000e+04 1.50632590e-39 1.25384489e-39 1.40609918e-39 1.50632590e-39 1.25384489e-39 1.40609918e-39 2.52841557e-07 2.05163818e-07 2.33085532e-07
1.33000000e+04 1.50901846e-39 1.25722087e-39 1.40861027e-39 1.50901846e-39 1.25722087e-39 1.40861027e-39 2.55670522e-07 2.10973139e-07 2.37652444e-07
1.34000000e+04 1.51170051e-39 1.26057993e-39 1.41110852e-39 1.51170051e-39 1.26057993e-39 1.41110852e-39 2.52465053e-07 2.15179287e-07 2.30321843e-07
1.35000000e+04 1.51437201e-39 1.26392216e-39 1.41359400e-39 1.51437201e-39 1.26392216e-39 1.41359400e-39 2.60876802e-07 2.13876431e-07 2.35405429e-07
1.36000000e+04 1.51703294e-39 1.26724766e-39 1.41606678e-39 1.51703294e-39 1.26724766e-39 1.41606678e-39 2.58066641e-07 2.19591351e-07 2.40778423e-07
1.37000000e+04 1.51968328e-39 1.27055651e-39 1.41852694e-39 1.51968328e-39 1.27055651e-39 1.41852694e-39 2.66628065e-07 2.25483587e-07 2.46463861e-07
1.38000000e+04 1.52232301e-39 1.27384881e-39 1.42097454e-39 1.52232301e-39 1.27384881e-39 1.42097454e-39 2.72795921e-07 2.18582333e-07 2.52486674e-07
1.39000000e+04 1.52495212e-39 1.27712463e-39 1.42340965e-39 1.52495212e-39 1.27712463e-39 1.42340965e-39 2.74152862e-07 2.24676095e-07 2.54954985e-07
1.40000000e+04 1.52757058e-39 1.28038408e-39 1.42583234e-39 1.52757058e-39 1.28038408e-39 1.42583234e-39 2.72575255e-07 2.31028631e-07 2.59024225e-07
1.41000000e+04 1.53017838e-39 1.28362725e-39 1.42824268e-39 1.53017838e-39 1.28362725e-39 1.42824268e-39 2.78697434e-07 2.37594515e-07 2.60435898e-07
1.42000000e+04 1.53277551e-39 1.28685421e-39 1.43064075e-39 1.53277551e-39 1.28685421e-39 1.43064075e-39 2.86452228e-07 2.37055268e-07 2.67331728e-07
1.43000000e+04 1.53536197e-39 1.29006506e-39 1.43302660e-39 1.53536197e-39 1.29006506e-39 1.43302660e-39 2.87353896e-07 2.44109206e-07 2.70087806e-07
1.44000000e+04 1.53793775e-39 1.29325988e-39 1.43540030e-39 1.53793775e-39 1.29325988e-39 1.43540030e-39 2.92527493e-07 2.46328867e-07 2.64768112e-07
1.45000000e+04 1.54050284e-39 1.29643877e-39 1.43776193e-39 1.54050284e-39 1.29643877e-39 1.43776193e-39 2.97582261e-07 2.50347300e-07 2.72193549e-07
1.46000000e+04 1.54305723e-39 1.29960180e-39 1.44011155e-39 1.54305723e-39 1.29960180e-39 1.44011155e-39 2.96805320e-07 2.51510525e-07 2.79570701e-07
1.47000000e+04 1.54560094e-39 1.30274908e-39 1.44244923e-39 1.54560094e-39 1.30274908e-39 1.44244923e-39 3.03479537e-07 2.52715623e-07 2.74728177e-07
1.48000000e+04 1.54813395e-39 1.30588067e-39 1.44477502e-39 1.54813395e-39 1.30588067e-39 1.44477502e-39 3.04217818e-07 2.52809149e-07 2.83800192e-07
1.49000000e+04 1.55065627e-39 1.30899667e-39 1.44708901e-39 1.55065627e-39 1.30899667e-39 1.44708901e-39 3.05184278e-07 2.58841252e-07 2.79447916e-07
1.50000000e+04 1.55316791e-39 1.31209716e-39 1.44939126e-39 1.55316791e-39 1.31209716e-39 1.44939126e-39 3.14398513e-07 2.65195850e-07 2.79291008e-07
1.51000000e+04 1.55566886e-39 1.31518222e-39 1.45168182e-39 1.55566886e-39 1.31518222e-39 1.45168182e-39 3.18596405e-07 2.57787750e-07 2.88912367e-07
1.52000000e+04 1.55815914e-39 1.31825195e-39 1.45396077e-39 1.55815914e-39 1.31825195e-39 1.45396077e-39 3.18885067e-07 2.66896802e-07 2.96002458e-07
1.53000000e+04 1.56063875e-39 1.32130642e-39 1.45622817e-39 1.56063875e-39 1.32130642e-39 1.45622817e-39 3.26365567e-07 2.72082746e-07 3.03468182e-07
1.54000000e+04 1.56310770e-39 1.32434571e-39 1.45848408e-39 1.56310770e-39 1.32434571e-39 1.45848408e-39 3.22852237e-07 2.77561046e-07 2.86154701e-07
1.55000000e+04 1.56556600e-39 1.32736992e-39 1.46072857e-39 1.56556600e-39 1.32736992e-39 1.46072857e-39 3.27143989e-07 2.83350959e-07 2.93199346e-07
1.56000000e+04 1.56801366e-39 1.33037912e-39 1.46296171e-39 1.56801366e-39 1.33037912e-39 1.46296171e-39 3.34103997e-07 2.73564717e-07 3.00642115e-07
1.57000000e+04 1.57045070e-39 1.33337339e-39 1.46518355e-39 1.57045070e-39 1.33337339e-39 1.46518355e-39 3.40197927e-07 2.79462439e-07 3.08510481e-07
1.58000000e+04 1.57287712e-39 1.33635282e-39 1.46739415e-39 1.57287712e-39 1.33635282e-39 1.46739415e-39 3.43998669e-07 2.85732432e-07 3.16833766e-07
1.59000000e+04 1.57529295e-39 1.33931748e-39 1.46959359e-39 1.57529295e-39 1.33931748e-39 1.46959359e-39 3.49335712e-07 2.92515890e-07 3.24260740e-07
1.60000000e+04 1.57769820e-39 1.34226746e-39 1.47178192e-39 1.57769820e-39 1.34226746e-39 1.47178192e-39 3.52067841e-07 2.89726633e-07 3.20518698e-07
1.61000000e+04 1.58009289e-39 1.34520284e-39 1.47395921e-39 1.58009289e-39 1.34520284e-39 1.47395921e-39 3.52694332e-07 2.97082359e-07 3.29205450e-07
1.62000000e+04 1.58247702e-39 1.34812370e-39 1.47612551e-39 1.58247702e-39 1.34812370e-39 1.47612551e-39 3.57847794e-07 2.92864418e-07 3.26255508e-07
1.63000000e+04 1.58485064e-39 1.35103012e-39 1.47828089e-39 1.58485064e-39 1.35103012e-39 1.47828089e-39 3.56907770e-07 3.00020500e-07 3.28098354e-07
1.64000000e+04 1.58721374e-39 1.35392217e-39 1.48042541e-39 1.58721374e-39 1.35392217e-39 1.48042541e-39 3.64146925e-07 3.07606271e-07 3.38037575e-07
1.65000000e+04 1.58956636e-39 1.35679993e-39 1.48255913e-39 1.58956636e-39 1.35679993e-39 1.48255913e-39 3.71720153e-07 3.15648704e-07 3.30371976e-07
1.66000000e+04 1.59190852e-39 1.35966349e-39 1.48468211e-39 1.59190852e-39 1.35966349e-39 1.48468211e-39 3.68028367e-07 3.20489032e-07 3.40104365e-07
1.67000000e+04 1.59424023e-39 1.36251292e-39 1.48679440e-39 1.59424023e-39 1.36251292e-39 1.48679440e-39 3.75664244e-07 3.12362911e-07 3.50442957e-07
1.68000000e+04 1.59656152e-39 1.36534830e-39 1.48889608e-39 1.59656152e-39 1.36534830e-39 1.48889608e-39 3.83430513e-07 3.19356661e-07 3.52405581e-07
1.69000000e+04 1.59887242e-39 1.36816970e-39 1.49098719e-39 1.59887242e-39 1.36816970e-39 1.49098719e-39 3.86801155e-07 3.19956285e-07 3.50340030e-07
1.70000000e+04 1.60117294e-39 1.37097720e-39 1.49306780e-39 1.60117294e-39 1.37097720e-39 1.49306780e-39 3.92776562e-07 3.21226473e-07 3.61522890e-07
1.71000000e+04 1.60346312e-39 1.37377088e-39 1.49513797e-39 1.60346312e-39 1.37377088e-39 1.49513797e-39 3.87444256e-07 3.35006972e-07 3.55447832e-07
1.72000000e+04 1.60574297e-39 1.37655081e-39 1.49719775e-39 1.60574297e-39 1.37655081e-39 1.49719775e-39 3.89913701e-07 3.39728092e-07 3.64561761e-07
1.73000000e+04 1.60801254e-39 1.37931707e-39 1.49924720e-39 1.60801254e-39 1.37931707e-39 1.49924720e-39 3.93396846e-07 3.33826258e-07 3.73695450e-07
1.74000000e+04 1.61027183e-39 1.38206974e-39 1.50128637e-39 1.61027183e-39 1.38206974e-39 1.50128637e-39 4.00434172e-07 3.44949503e-07 3.58080788e-07
1.75000000e+04 1.61252089e-39 1.38480888e-39 1.50331534e-39 1.61252089e-39 1.38480888e-39 1.50331534e-39 4.07772696e-07 3.48888362e-07 3.65739401e-07
1.76000000e+04 1.61475973e-39 1.38753457e-39 1.50533414e-39 1.61475973e-39 1.38753457e-39 1.50533414e-39 4.15630995e-07 3.52040440e-07 3.73383977e-07
1.77000000e+04 1.61698839e-39 1.39024689e-39 1.50734285e-39 1.61698839e-39 1.39024689e-39 1.50734285e-39 4.20938443e-07 3.51122711e-07 3.80223454e-07
1.78000000e+04 1.61920690e-39 1.39294591e-39 1.50934151e-39 1.61920690e-39 1.39294591e-39 1.50934151e-39 4.20740429e-07 3.63085834e-07 3.87072613e-07
1.79000000e+04 1.62141528e-39 1.39563169e-39 1.51133018e-39 1.62141528e-39 1.39563169e-39 1.51133018e-39 4.29135355e-07 3.69533734e-07 3.94189669e-07
1.80000000e+04 1.62361357e-39 1.39830432e-39 1.51330892e-39 1.62361357e-39 1.39830432e-39 1.51330892e-39 4.28791632e-07 3.68392048e-07 3.84577121e-07
1.81000000e+04 1.62580179e-39 1.40096386e-39 1.51527778e-39 1.62580179e-39 1.40096386e-39 1.51527778e-39 4.36681882e-07 3.67857910e-07 3.91169643e-07
1.82000000e+04 1.62797998e-39 1.40361040e-39 1.51723682e-39 1.62797998e-39 1.40361040e-39 1.51723682e-39 4.36392999e-07 3.74522580e-07 3.98018395e-07
1.83000000e+04 1.63014817e-39 1.40624398e-39 1.51918609e-39 1.63014817e-39 1.40624398e-39 1.51918609e-39 4.44438423e-07 3.73619512e-07 4.05138368e-07
1.84000000e+04 1.63230638e-39 1.40886470e-39 1.52112564e-39 1.63230638e-39 1.40886470e-39 1.52112564e-39 4.42964548e-07 3.80108524e-07 4.11371853e-07
1.85000000e+04 1.63445466e-39 1.41147261e-39 1.52305553e-39 1.63445466e-39 1.41147261e-39 1.52305553e-39 4.51392046e-07 3.84204942e-07 4.17802777e-07
1.86000000e+04 1.63659304e-39 1.41406780e-39 1.52497582e-39 1.63659304e-39 1.41406780e-39 1.52497582e-39 4.56198863e-07 3.94966953e-07 4.24531713e-07
1.87000000e+04 1.63872153e-39 1.41665032e-39 1.52688655e-39 1.63872153e-39 1.41665032e-39 1.52688655e-39 4.48964890e-07 3.84947649e-07 4.19181253e-07
1.88000000e+04 1.64084019e-39 1.41922025e-39 1.52878778e-39 1.64084019e-39 1.41922025e-39 1.52878778e-39 4.57913632e-07 3.99909470e-07 4.25368227e-07
1.89000000e+04 1.64294904e-39 1.42177765e-39 1.53067956e-39 1.64294904e-39 1.42177765e-39 1.53067956e-39 4.60429415e-07 4.08774182e-07 4.34087513e-07
1.90000000e+04 1.64504812e-39 1.42432260e-39 1.53256194e-39 1.64504812e-39 1.42432260e-39 1.53256194e-39 4.69629084e-07 4.09880820e-07 4.40903866e-07
1.91000000e+04 1.64713746e-39 1.42685515e-39 1.53443498e-39 1.64713746e-39 1.42685515e-39 1.53443498e-39 4.76217890e-07 4.13426313e-07 4.48008644e-07
1.92000000e+04 1.64921709e-39 1.42937539e-39 1.53629873e-39 1.64921709e-39 1.42937539e-39 1.53629873e-39 4.75676672e-07 4.19113764e-07 4.51112948e-07
1.93000000e+04 1.65128705e-39 1.43188337e-39 1.53815323e-39 1.65128705e-39 1.43188337e-39 1.53815323e-39 4.85022658e-07 4.04201427e-07 4.43240829e-07
1.94000000e+04 1.65334737e-39 1.43437917e-39 1.53999855e-39 1.65334737e-39 1.43437917e-39 1.53999855e-39 4.92788229e-07 4.15934852e-07 4.50007031e-07
1.95000000e+04 1.65539809e-39 1.43686285e-39 1.54183472e-39 1.65539809e-39 1.43686285e-39 1.54183472e-39 4.83711767e-07 4.28796268e-07 4.57056216e-07
1.96000000e+04 1.65743924e-39 1.43933447e-39 1.54366181e-39 1.65743924e-39 1.43933447e-39 1.54366181e-39 4.90269500e-07 4.18607989e-07 4.63008474e-07
1.97000000e+04 1.65947086e-39 1.44179410e-39 1.54547985e-39 1.65947086e-39 1.44179410e-39 1.54547985e-39 4.99340212e-07 4.32389530e-07 4.69672605e-07
1.98000000e+04 1.66149298e-39 1.44424180e-39 1.54728890e-39 1.66149298e-39 1.44424180e-39 1.54728890e-39 5.08527782e-07 4.44957097e-07 4.76660863e-07
1.99000000e+04 1.66350564e-39 1.44667765e-39 1.54908902e-39 1.66350564e-39 1.44667765e-39 1.54908902e-39 5.09526584e-07 4.31092105e-07 4.73671537e-07
2.00000000e+04 1.66550887e-39 1.44910170e-39 1.55088024e-39 1.66550887e-39 1.44910170e-39 1.55088024e-39 5.16721178e-07 4.38843697e-07 4.81189812e-07
2.01000000e+04 1.66750271e-39 1.45151402e-39 1.55266262e-39 1.66750271e-39 1.45151402e-39 1.55266262e-39 5.24237246e-07 4.47451977e-07 4.88997575e-07
2.02000000e+04 1.66948720e-39 1.45391467e-39 1.55443620e-39 1.66948720e-39 1.45391467e-39 1.55443620e-39 5.27505553e-07 4.52322441e-07 4.84605016e-07
2.03000000e+04 1.67146236e-39 1.45630372e-39 1.55620103e-39 1.67146236e-39 1.45630372e-39 1.55620103e-39 5.34222564e-07 4.59363629e-07 4.92095838e-07
2.04000000e+04 1.67342825e-39 1.45868122e-39 1.55795717e-39 1.67342825e-39 1.45868122e-39 1.55795717e-39 5.21673064e-07 4.48126881e-07 5.01142294e-07
2.05000000e+04 1.67538488e-39 1.46104724e-39 1.55970466e-39 1.67538488e-39 1.46104724e-39 1.55970466e-39 5.39968548e-07 4.54671471e-07 4.85994528e-07
2.06000000e+04 1.67733230e-39 1.46340185e-39 1.56144354e-39 1.67733230e-39 1.46340185e-39 1.56144354e-39 5.46942036e-07 4.61437807e-07 4.93945997e-07
2.07000000e+04 1.67927055e-39 1.46574510e-39 1.56317387e-39 1.67927055e-39 1.46574510e-39 1.56317387e-39 5.35677695e-07 4.66341826e-07 5.02229258e-07
2.08000000e+04 1.68119966e-39 1.46807706e-39 1.56489568e-39 1.68119966e-39 1.46807706e-39 1.56489568e-39 5.43601865e-07 4.72679927e-07 5.10876125e-07
2.09000000e+04 1.68311966e-39 1.47039778e-39 1.56660903e-39 1.68311966e-39 1.47039778e-39 1.56660903e-39 5.53332195e-07 4.79236380e-07 5.19985938e-07
2.10000000e+04 1.68503060e-39 1.47270733e-39 1.56831396e-39 1.68503060e-39 1.47270733e-39 1.56831396e-39 5.51911734e-07 4.86021816e-07 5.06329895e-07
2.11000000e+04 1.68693251e-39 1.47500576e-39 1.57001052e-39 1.68693251e-39 1.47500576e-39 1.57001052e-39 5.68902848e-07 4.93047374e-07 5.16354240e-07
2.12000000e+04 1.68882543e-39 1.47729315e-39 1.57169876e-39 1.68882543e-39 1.47729315e-39 1.57169876e-39 5.68022264e-07 4.90279273e-07 5.26926867e-07
2.13000000e+04 1.69070939e-39 1.47956953e-39 1.57337871e-39 1.69070939e-39 1.47956953e-39 1.57337871e-39 5.78341395e-07 4.96958058e-07 5.37854874e-07
2.14000000e+04 1.69258442e-39 1.48183499e-39 1.57505042e-39 1.69258442e-39 1.48183499e-39 1.57505042e-39 5.77200186e-07 5.03852480e-07 5.33867339e-07
2.15000000e+04 1.69445058e-39 1.48408956e-39 1.57671394e-39 1.69445058e-39 1.48408956e-39 1.57671394e-39 5.88030215e-07 5.10972368e-07 5.44776426e-07
2.16000000e+04 1.69630789e-39 1.48633332e-39 1.57836931e-39 1.69630789e-39 1.48633332e-39 1.57836931e-39 5.86269307e-07 5.18328032e-07 5.52413027e-07
2.17000000e+04 1.69815638e-39 1.48856632e-39 1.58001658e-39 1.69815638e-39 1.48856632e-39 1.58001658e-39 6.00708070e-07 5.25930195e-07 5.45974816e-07
2.18000000e+04 1.69999610e-39 1.49078862e-39 1.58165578e-39 1.69999610e-39 1.49078862e-39 1.58165578e-39 6.00414438e-07 5.04709098e-07 5.57520054e-07
2.19000000e+04 1.70182709e-39 1.49300027e-39 1.58328697e-39 1.70182709e-39 1.49300027e-39 1.58328697e-39 6.10023218e-07 5.19453615e-07 5.58544762e-07
2.20000000e+04 1.70364937e-39 1.49520133e-39 1.58491018e-39 1.70364937e-39 1.49520133e-39 1.58491018e-39 6.12750418e-07 5.26238356e-07 5.70788951e-07
2.21000000e+04 1.70546299e-39 1.49739187e-39 1.58652546e-39 1.70546299e-39 1.49739187e-39 1.58652546e-39 6.03234724e-07 5.33216131e-07 5.57859715e-07
2.22000000e+04 1.70726798e-39 1.49957192e-39 1.58813286e-39 1.70726798e-39 1.49957192e-39 1.58813286e-39 6.17697891e-07 5.40395004e-07 5.71760548e-07
2.23000000e+04 1.70906438e-39 1.50174156e-39 1.58973240e-39 1.70906438e-39 1.50174156e-39 1.58973240e-39 6.26304073e-07 5.47783401e-07 5.83725134e-07
2.24000000e+04 1.71085222e-39 1.50390083e-39 1.59132414e-39 1.71085222e-39 1.50390083e-39 1.59132414e-39 6.16611366e-07 5.55390127e-07 5.74056585e-07
2.25000000e+04 1.71263155e-39 1.50604980e-39 1.59290812e-39 1.71263155e-39 1.50604980e-39 1.59290812e-39 6.31751261e-07 5.52916652e-07 5.85354298e-07
2.26000000e+04 1.71440239e-39 1.50818851e-39 1.59448437e-39 1.71440239e-39 1.50818851e-39 1.59448437e-39 6.39349142e-07 5.60535268e-07 5.96984859e-07
2.27000000e+04 1.71616478e-39 1.51031702e-39 1.59605295e-39 1.71616478e-39 1.51031702e-39 1.59605295e-39 6.46858641e-07 5.68385392e-07 5.79732096e-07
2.28000000e+04 1.71791877e-39 1.51243538e-39 1.59761388e-39 1.71791877e-39 1.51243538e-39 1.59761388e-39 6.54493754e-07 5.62457881e-07 5.91428618e-07
2.29000000e+04 1.71966438e-39 1.51454365e-39 1.59916721e-39 1.71966438e-39 1.51454365e-39 1.59916721e-39 6.51498194e-07 5.70770377e-07 6.03491872e-07
2.30000000e+04 1.72140165e-39 1.51664189e-39 1.60071299e-39 1.72140165e-39 1.51664189e-39 1.60071299e-39 6.60952075e-07 5.79346212e-07 6.15937120e-07
2.31000000e+04 1.72313063e-39 1.51873014e-39 1.60225125e-39 1.72313063e-39 1.51873014e-39 1.60225125e-39 6.68842592e-07 5.70164368e-07 6.18872175e-07
2.32000000e+04 1.72485133e-39 1.52080846e-39 1.60378202e-39 1.72485133e-39 1.52080846e-39 1.60378202e-39 6.72975491e-07 5.78350350e-07 5.96148646e-07
2.33000000e+04 1.72656381e-39 1.52287689e-39 1.60530536e-39 1.72656381e-39 1.52287689e-39 1.60530536e-39 6.68702211e-07 5.86823491e-07 6.17789316e-07
2.34000000e+04 1.72826809e-39 1.52493550e-39 1.60682130e-39 1.72826809e-39 1.52493550e-39 1.60682130e-39 6.80277841e-07 5.78744555e-07 6.18353112e-07
2.35000000e+04 1.72996422e-39 1.52698434e-39 1.60832987e-39 1.72996422e-39 1.52698434e-39 1.60832987e-39 6.85375818e-07 6.04876083e-07 6.29932453e-07
2.36000000e+04 1.73165222e-39 1.52902344e-39 1.60983113e-39 1.73165222e-39 1.52902344e-39 1.60983113e-39 6.85333145e-07 6.06704631e-07 6.41847672e-07
2.37000000e+04 1.73333213e-39 1.53105288e-39 1.61132510e-39 1.73333213e-39 1.53105288e-39 1.61132510e-39 6.97998966e-07 6.14967920e-07 6.14176985e-07
2.38000000e+04 1.73500400e-39 1.53307269e-39 1.61281182e-39 1.73500400e-39 1.53307269e-39 1.61281182e-39 6.90483061e-07 6.03086236e-07 6.25696768e-07
2.39000000e+04 1.73666784e-39 1.53508293e-39 1.61429133e-39 1.73666784e-39 1.53508293e-39 1.61429133e-39 7.03338044e-07 6.08199217e-07 6.37586457e-07
2.40000000e+04 1.73832371e-39 1.53708365e-39 1.61576368e-39 1.73832371e-39 1.53708365e-39 1.61576368e-39 7.13979196e-07 6.13453363e-07 6.45453775e-07
2.41000000e+04 1.73997163e-39 1.53907490e-39 1.61722889e-39 1.73997163e-39 1.53907490e-39 1.61722889e-39 7.11471988e-07 6.18853368e-07 6.57974637e-07
2.42000000e+04 1.74161165e-39 1.54105673e-39 1.61868701e-39 1.74161165e-39 1.54105673e-39 1.61868701e-39 7.25358124e-07 6.24404092e-07 6.70829345e-07
2.43000000e+04 1.74324378e-39 1.54302918e-39 1.62013807e-39 1.74324378e-39 1.54302918e-39 1.62013807e-39 7.26987895e-07 6.30110522e-07 6.59949958e-07
2.44000000e+04 1.74486808e-39 1.54499231e-39 1.62158211e-39 1.74486808e-39 1.54499231e-39 1.62158211e-39 7.16095768e-07 6.35977828e-07 6.71096005e-07
2.45000000e+04 1.74648457e-39 1.54694616e-39 1.62301916e-39 1.74648457e-39 1.54694616e-39 1.62301916e-39 7.25734893e-07 6.42011322e-07 6.80229640e-07
2.46000000e+04 1.74809329e-39 1.54889079e-39 1.62444926e-39 1.74809329e-39 1.54889079e-39 1.62444926e-39 7.35302901e-07 6.53615397e-07 6.87318499e-07
2.47000000e+04 1.74969428e-39 1.55082623e-39 1.62587245e-39 1.74969428e-39 1.55082623e-39 1.62587245e-39 7.45092596e-07 6.59349543e-07 6.97644892e-07
2.48000000e+04 1.75128756e-39 1.55275255e-39 1.62728877e-39 1.75128756e-39 1.55275255e-39 1.62728877e-39 7.55110815e-07 6.65248639e-07 6.97869346e-07
2.49000000e+04 1.75287318e-39 1.55466978e-39 1.62869824e-39 1.75287318e-39 1.55466978e-39 1.62869824e-39 7.57951557e-07 6.71318381e-07 7.05451505e-07
2.50000000e+04 1.75445116e-39 1.55657797e-39 1.63010091e-39 1.75445116e-39 1.55657797e-39 1.63010091e-39 7.61090731e-07 6.77564636e-07 6.68111113e-07
2.51000000e+04 1.75602155e-39 1.55847718e-39 1.63149680e-39 1.75602155e-39 1.55847718e-39 1.63149680e-39 7.66554937e-07 6.83993485e-07 6.76158541e-07
2.52000000e+04 1.75758437e-39 1.56036744e-39 1.63288596e-39 1.75758437e-39 1.56036744e-39 1.63288596e-39 7.75752014e-07 6.90611208e-07 7.02699055e-07
2.53000000e+04 1.75913967e-39 1.56224881e-39 1.63426842e-39 1.75913967e-39 1.56224881e-39 1.63426842e-39 7.73103982e-07 6.74318866e-07 7.24313116e-07
2.54000000e+04 1.76068746e-39 1.56412132e-39 1.63564421e-39 1.76068746e-39 1.56412132e-39 1.63564421e-39 7.82349978e-07 6.81334285e-07 7.28328222e-07
2.55000000e+04 1.76222780e-39 1.56598503e-39 1.63701337e-39 1.76222780e-39 1.56598503e-39 1.63701337e-39 7.91840060e-07 6.88559094e-07 7.34729167e-07
2.56000000e+04 1.76376070e-39 1.56783997e-39 1.63837593e-39 1.76376070e-39 1.56783997e-39 1.63837593e-39 7.85957256e-07 6.96000141e-07 7.41293490e-07
2.57000000e+04 1.76528621e-39 1.56968621e-39 1.63973193e-39 1.76528621e-39 1.56968621e-39 1.63973193e-39 8.03718807e-07 7.11851223e-07 7.20171470e-07
2.58000000e+04 1.76680436e-39 1.57152377e-39 1.64108139e-39 1.76680436e-39 1.57152377e-39 1.64108139e-39 8.03884964e-07 7.18974670e-07 7.07427997e-07
2.59000000e+04 1.76831518e-39 1.57335271e-39 1.64242436e-39 1.76831518e-39 1.57335271e-39 1.64242436e-39 8.13025404e-07 7.03198293e-07 7.13034952e-07
2.60000000e+04 1.76981870e-39 1.57517306e-39 1.64376086e-39 1.76981870e-39 1.57517306e-39 1.64376086e-39 8.06279110e-07 7.10740061e-07 7.18794140e-07
2.61000000e+04 1.77131496e-39 1.57698488e-39 1.64509093e-39 1.77131496e-39 1.57698488e-39 1.64509093e-39 8.18944745e-07 7.18501880e-07 7.24711590e-07
2.62000000e+04 1.77280400e-39 1.57878821e-39 1.64641460e-39 1.77280400e-39 1.57878821e-39 1.64641460e-39 8.23119512e-07 7.26491583e-07 7.50401594e-07
2.63000000e+04 1.77428583e-39 1.58058308e-39 1.64773191e-39 1.77428583e-39 1.58058308e-39 1.64773191e-39 8.31241055e-07 7.34720383e-07 7.56440941e-07
2.64000000e+04 1.77576050e-39 1.58236955e-39 1.64904288e-39 1.77576050e-39 1.58236955e-39 1.64904288e-39 8.39583608e-07 7.38246433e-07 7.62657980e-07
2.65000000e+04 1.77722804e-39 1.58414766e-39 1.65034755e-39 1.77722804e-39 1.58414766e-39 1.65034755e-39 8.48155182e-07 7.46098348e-07 7.69059833e-07
2.66000000e+04 1.77868848e-39 1.58591744e-39 1.65164594e-39 1.77868848e-39 1.58591744e-39 1.65164594e-39 8.44673041e-07 7.54189791e-07 7.75653968e-07
2.67000000e+04 1.78014186e-39 1.58767895e-39 1.65293810e-39 1.78014186e-39 1.58767895e-39 1.65293810e-39 8.47186729e-07 7.62529218e-07 7.82448201e-07
2.68000000e+04 1.78158820e-39 1.58943221e-39 1.65422406e-39 1.78158820e-39 1.58943221e-39 1.65422406e-39 8.63613122e-07 7.71125650e-07 7.89450712e-07
2.69000000e+04 1.78302754e-39 1.59117729e-39 1.65550383e-39 1.78302754e-39 1.59117729e-39 1.65550383e-39 8.70199620e-07 7.38951550e-07 7.96670061e-07
2.70000000e+04 1.78445990e-39 1.59291421e-39 1.65677746e-39 1.78445990e-39 1.59291421e-39 1.65677746e-39 8.60984028e-07 7.78105537e-07 8.04115211e-07
2.71000000e+04 1.78588533e-39 1.59464301e-39 1.65804498e-39 1.78588533e-39 1.59464301e-39 1.65804498e-39 8.80215654e-07 7.63631504e-07 8.11593631e-07
2.72000000e+04 1.78730385e-39 1.59636375e-39 1.65930641e-39 1.78730385e-39 1.59636375e-39 1.65930641e-39 8.66650220e-07 7.77112559e-07 8.06700054e-07
2.73000000e+04 1.78871549e-39 1.59807646e-39 1.66056179e-39 1.78871549e-39 1.59807646e-39 1.66056179e-39 8.86977701e-07 7.96171544e-07 8.27919021e-07
2.74000000e+04 1.79012030e-39 1.59978117e-39 1.66181115e-39 1.79012030e-39 1.59978117e-39 1.66181115e-39 8.78110041e-07 7.95008286e-07 7.91433689e-07
2.75000000e+04 1.79151828e-39 1.60147794e-39 1.66305452e-39 1.79151828e-39 1.60147794e-39 1.66305452e-39 8.84554803e-07 8.03066938e-07 8.34527746e-07
2.76000000e+04 1.79290949e-39 1.60316680e-39 1.66429192e-39 1.79290949e-39 1.60316680e-39 1.66429192e-39 8.93263164e-07 8.05569469e-07 8.03131452e-07
2.77000000e+04 1.79429394e-39 1.60484779e-39 1.66552339e-39 1.79429394e-39 1.60484779e-39 1.66552339e-39 9.02910173e-07 7.97113353e-07 8.39996055e-07
2.78000000e+04 1.79567168e-39 1.60652095e-39 1.66674896e-39 1.79567168e-39 1.60652095e-39 1.66674896e-39 9.06247750e-07 7.95339754e-07 8.40194147e-07
2.79000000e+04 1.79704272e-39 1.60818632e-39 1.66796865e-39 1.79704272e-39 1.60818632e-39 1.66796865e-39 9.04710288e-07 8.15040579e-07 8.38137701e-07
2.80000000e+04 1.79840711e-39 1.60984394e-39 1.66918250e-39 1.79840711e-39 1.60984394e-39 1.66918250e-39 9.26653498e-07 7.98107695e-07 8.53719575e-07
2.81000000e+04 1.79976487e-39 1.61149385e-39 1.67039054e-39 1.79976487e-39 1.61149385e-39 1.67039054e-39 9.29293836e-07 8.26147522e-07 8.63704008e-07
2.82000000e+04 1.80111603e-39 1.61313608e-39 1.67159278e-39 1.80111603e-39 1.61313608e-39 1.67159278e-39 9.29277321e-07 8.28867108e-07 8.73942579e-07
2.83000000e+04 1.80246062e-39 1.61477068e-39 1.67278927e-39 1.80246062e-39 1.61477068e-39 1.67278927e-39 9.44259608e-07 8.37762614e-07 8.73762113e-07
2.84000000e+04 1.80379867e-39 1.61639768e-39 1.67398003e-39 1.80379867e-39 1.61639768e-39 1.67398003e-39 9.32740986e-07 8.35762774e-07 8.82342639e-07
2.85000000e+04 1.80513022e-39 1.61801712e-39 1.67516509e-39 1.80513022e-39 1.61801712e-39 1.67516509e-39 9.54007107e-07 8.49822832e-07 8.75891681e-07
2.86000000e+04 1.80645529e-39 1.61962904e-39 1.67634447e-39 1.80645529e-39 1.61962904e-39 1.67634447e-39 9.58831666e-07 8.16582348e-07 8.58335382e-07
2.87000000e+04 1.80777391e-39 1.62123348e-39 1.67751821e-39 1.80777391e-39 1.62123348e-39 1.67751821e-39 9.64217466e-07 8.40122392e-07 8.70346730e-07
2.88000000e+04 1.80908611e-39 1.62283047e-39 1.67868633e-39 1.80908611e-39 1.62283047e-39 1.67868633e-39 9.69837964e-07 8.53983549e-07 8.97263861e-07
2.89000000e+04 1.81039192e-39 1.62442005e-39 1.67984887e-39 1.81039192e-39 1.62442005e-39 1.67984887e-39 9.74838324e-07 8.58314525e-07 8.61191891e-07
2.90000000e+04 1.81169137e-39 1.62600226e-39 1.68100584e-39 1.81169137e-39 1.62600226e-39 1.68100584e-39 9.84807885e-07 8.66896244e-07 9.09616326e-07
2.91000000e+04 1.81298450e-39 1.62757713e-39 1.68215727e-39 1.81298450e-39 1.62757713e-39 1.68215727e-39 9.88892277e-07 8.74212739e-07 8.92704756e-07
2.92000000e+04 1.81427132e-39 1.62914470e-39 1.68330320e-39 1.81427132e-39 1.62914470e-39 1.68330320e-39 9.75732684e-07 8.54323444e-07 9.03674919e-07
2.93000000e+04 1.81555186e-39 1.63070501e-39 1.68444364e-39 1.81555186e-39 1.63070501e-39 1.68444364e-39 9.82303288e-07 9.03347325e-07 9.28331341e-07
2.94000000e+04 1.81682617e-39 1.63225809e-39 1.68557863e-39 1.81682617e-39 1.63225809e-39 1.68557863e-39 9.92722256e-07 8.98847862e-07 9.13690824e-07
2.95000000e+04 1.81809425e-39 1.63380397e-39 1.68670820e-39 1.81809425e-39 1.63380397e-39 1.68670820e-39 1.00740570e-06 8.72807382e-07 9.14977612e-07
2.96000000e+04 1.81935615e-39 1.63534270e-39 1.68783236e-39 1.81935615e-39 1.63534270e-39 1.68783236e-39 1.02427202e-06 9.07597305e-07 9.43096319e-07
2.97000000e+04 1.82061189e-39 1.63687431e-39 1.68895115e-39 1.82061189e-39 1.63687431e-39 1.68895115e-39 1.01337652e-06 9.26477166e-07 9.23816436e-07
2.98000000e+04 1.82186151e-39 1.63839884e-39 1.69006459e-39 1.82186151e-39 1.63839884e-39 1.69006459e-39 1.03694968e-06 9.15147703e-07 9.58094494e-07
2.99000000e+04 1.82310501e-39 1.63991631e-39 1.69117270e-39 1.82310501e-39 1.63991631e-39 1.69117270e-39 1.02959976e-06 9.02709835e-07 9.30155803e-07
3.00000000e+04 1.82434245e-39 1.64142676e-39 1.69227552e-39 1.82434245e-39 1.64142676e-39 1.69227552e-39 1.03358615e-06 9.17819180e-07 9.56009264e-07
3.01000000e+04 1.82557384e-39 1.64293024e-39 1.69337307e-39 1.82557384e-39 1.64293024e-39 1.69337307e-39 1.05367470e-06 9.30239461e-07 9.62167277e-07
3.02000000e+04 1.82679921e-39 1.64442676e-39 1.69446537e-39 1.82679921e-39 1.64442676e-39 1.69446537e-39 1.05691586e-06 9.38082219e-07 9.65934444e-07
3.03000000e+04 1.82801858e-39 1.64591637e-39 1.69555245e-39 1.82801858e-39 1.64591637e-39 1.69555245e-39 1.04229784e-06 9.19116758e-07 9.84650157e-07
3.04000000e+04 1.82923200e-39 1.64739910e-39 1.69663434e-39 1.82923200e-39 1.64739910e-39 1.69663434e-39 1.06640129e-06 9.15340880e-07 9.87936891e-07
3.05000000e+04 1.83043948e-39 1.64887498e-39 1.69771106e-39 1.83043948e-39 1.64887498e-39 1.69771106e-39 1.06160848e-06 9.45189023e-07 9.87791325e-07
3.06000000e+04 1.83164105e-39 1.65034405e-39 1.69878263e-39 1.83164105e-39 1.65034405e-39 1.69878263e-39 1.07615622e-06 9.38987159e-07 9.78922226e-07
3.07000000e+04 1.83283673e-39 1.65180634e-39 1.69984908e-39 1.83283673e-39 1.65180634e-39 1.69984908e-39 1.08734147e-06 9.39939530e-07 9.82010247e-07
3.08000000e+04 1.83402657e-39 1.65326189e-39 1.70091044e-39 1.83402657e-39 1.65326189e-39 1.70091044e-39 1.09231053e-06 9.69521251e-07 9.81931651e-07
3.09000000e+04 1.83521057e-39 1.65471072e-39 1.70196672e-39 1.83521057e-39 1.65471072e-39 1.70196672e-39 1.08913446e-06 9.93182511e-07 1.01094326e-06
3.10000000e+04 1.83638877e-39 1.65615287e-39 1.70301796e-39 1.83638877e-39 1.65615287e-39 1.70301796e-39 1.07863538e-06 9.95421209e-07 1.00514397e-06
3.11000000e+04 1.83756120e-39 1.65758837e-39 1.70406418e-39 1.83756120e-39 1.65758837e-39 1.70406418e-39 1.10993491e-06 9.87405719e-07 1.01204777e-06
3.12000000e+04 1.83872788e-39 1.65901725e-39 1.70510540e-39 1.83872788e-39 1.65901725e-39 1.70510540e-39 1.11123315e-06 9.83282522e-07 1.00384883e-06
3.13000000e+04 1.83988884e-39 1.66043955e-39 1.70614164e-39 1.83988884e-39 1.66043955e-39 1.70614164e-39 1.11790260e-06 1.01184233e-06 1.02789529e-06
3.14000000e+04 1.84104410e-39 1.66185529e-39 1.70717293e-39 1.84104410e-39 1.66185529e-39 1.70717293e-39 1.11634884e-06 1.00853305e-06 1.03072655e-06
3.15000000e+04 1.84219369e-39 1.66326451e-39 1.70819930e-39 1.84219369e-39 1.66326451e-39 1.70819930e-39 1.12382593e-06 1.02772169e-06 1.04073908e-06
3.16000000e+04 1.84333764e-39 1.66466725e-39 1.70922076e-39 1.84333764e-39 1.66466725e-39 1.70922076e-39 1.13089873e-06 1.02813997e-06 1.04426146e-06
3.17000000e+04 1.84447597e-39 1.66606353e-39 1.71023734e-39 1.84447597e-39 1.66606353e-39 1.71023734e-39 1.13966423e-06 1.04064925e-06 1.05660359e-06
3.18000000e+04 1.84560871e-39 1.66745338e-39 1.71124907e-39 1.84560871e-39 1.66745338e-39 1.71124907e-39 1.15675149e-06 1.02942813e-06 1.03413054e-06
3.19000000e+04 1.84673588e-39 1.66883683e-39 1.71225596e-39 1.84673588e-39 1.66883683e-39 1.71225596e-39 1.14416661e-06 1.03052414e-06 1.05028404e-06
3.20000000e+04 1.84785751e-39 1.67021392e-39 1.71325804e-39 1.84785751e-39 1.67021392e-39 1.71325804e-39 1.16568298e-06 1.04862701e-06 1.07273980e-06
3.21000000e+04 1.84897362e-39 1.67158467e-39 1.71425534e-39 1.84897362e-39 1.67158467e-39 1.71425534e-39 1.16804651e-06 1.03777713e-06 1.08594437e-06
3.22000000e+04 1.85008424e-39 1.67294912e-39 1.71524787e-39 1.85008424e-39 1.67294912e-39 1.71524787e-39 1.16694878e-06 1.04995449e-06 1.05439083e-06
3.23000000e+04 1.85118940e-39 1.67430730e-39 1.71623565e-39 1.85118940e-39 1.67430730e-39 1.71623565e-39 1.17002158e-06 1.06304799e-06 1.07661544e-06
3.24000000e+04 1.85228912e-39 1.67565923e-39 1.71721872e-39 1.85228912e-39 1.67565923e-39 1.71721872e-39 1.19292471e-06 1.06078382e-06 1.08620134e-06
3.25000000e+04 1.85338342e-39 1.67700495e-39 1.71819709e-39 1.85338342e-39 1.67700495e-39 1.71819709e-39 1.19818284e-06 1.05518446e-06 1.10625138e-06
3.26000000e+04 1.85447234e-39 1.67834449e-39 1.71917079e-39 1.85447234e-39 1.67834449e-39 1.71917079e-39 1.18756263e-06 1.07331458e-06 1.08162405e-06
3.27000000e+04 1.85555588e-39 1.67967787e-39 1.72013983e-39 1.85555588e-39 1.67967787e-39 1.72013983e-39 1.19187177e-06 1.09208474e-06 1.12515769e-06
3.28000000e+04 1.85663409e-39 1.68100512e-39 1.72110424e-39 1.85663409e-39 1.68100512e-39 1.72110424e-39 1.20242104e-06 1.08541902e-06 1.12187377e-06
3.29000000e+04 1.85770697e-39 1.68232628e-39 1.72206404e-39 1.85770697e-39 1.68232628e-39 1.72206404e-39 1.22423827e-06 1.08302994e-06 1.13646779e-06
3.30000000e+04 1.85877457e-39 1.68364137e-39 1.72301925e-39 1.85877457e-39 1.68364137e-39 1.72301925e-39 1.22363981e-06 1.10837270e-06 1.12735528e-06
3.31000000e+04 1.85983689e-39 1.68495043e-39 1.72396990e-39 1.85983689e-39 1.68495043e-39 1.72396990e-39 1.23114846e-06 1.11978301e-06 1.10595762e-06
3.32000000e+04 1.86089398e-39 1.68625348e-39 1.72491600e-39 1.86089398e-39 1.68625348e-39 1.72491600e-39 1.22903542e-06 1.12653305e-06 1.12282732e-06
3.33000000e+04 1.86194584e-39 1.68755054e-39 1.72585758e-39 1.86194584e-39 1.68755054e-39 1.72585758e-39 1.23722788e-06 1.12019622e-06 1.09668627e-06
3.34000000e+04 1.86299250e-39 1.68884166e-39 1.72679466e-39 1.86299250e-39 1.68884166e-39 1.72679466e-39 1.25571484e-06 1.12669249e-06 1.14008834e-06
3.35000000e+04 1.86403399e-39 1.69012685e-39 1.72772726e-39 1.86403399e-39 1.69012685e-39 1.72772726e-39 1.25355533e-06 1.11262384e-06 1.13679176e-06
3.36000000e+04 1.86507033e-39 1.69140614e-39 1.72865540e-39 1.86507033e-39 1.69140614e-39 1.72865540e-39 1.25909168e-06 1.15129626e-06 1.17487906e-06
3.37000000e+04 1.86610155e-39 1.69267957e-39 1.72957910e-39 1.86610155e-39 1.69267957e-39 1.72957910e-39 1.27516482e-06 1.15099102e-06 1.17836187e-06
3.38000000e+04 1.86712766e-39 1.69394715e-39 1.73049838e-39 1.86712766e-39 1.69394715e-39 1.73049838e-39 1.26442728e-06 1.12856794e-06 1.15474703e-06
3.39000000e+04 1.86814869e-39 1.69520893e-39 1.73141326e-39 1.86814869e-39 1.69520893e-39 1.73141326e-39 1.28007239e-06 1.15013702e-06 1.17982653e-06
3.40000000e+04 1.86916467e-39 1.69646492e-39 1.73232377e-39 1.86916467e-39 1.69646492e-39 1.73232377e-39 1.28314286e-06 1.16598205e-06 1.19944252e-06
3.41000000e+04 1.87017562e-39 1.69771515e-39 1.73322993e-39 1.87017562e-39 1.69771515e-39 1.73322993e-39 1.27513263e-06 1.18017144e-06 1.15665845e-06
3.42000000e+04 1.87118155e-39 1.69895965e-39 1.73413174e-39 1.87118155e-39 1.69895965e-39 1.73413174e-39 1.30167847e-06 1.17768391e-06 1.19676997e-06
3.43000000e+04 1.87218250e-39 1.70019845e-39 1.73502924e-39 1.87218250e-39 1.70019845e-39 1.73502924e-39 1.29749129e-06 1.15667210e-06 1.16360144e-06
3.44000000e+04 1.87317848e-39 1.70143158e-39 1.73592245e-39 1.87317848e-39 1.70143158e-39 1.73592245e-39 1.31148955e-06 1.17241682e-06 1.21576348e-06
3.45000000e+04 1.87416952e-39 1.70265905e-39 1.73681138e-39 1.87416952e-39 1.70265905e-39 1.73681138e-39 1.30559072e-06 1.17520616e-06 1.17732909e-06
3.46000000e+04 1.87515565e-39 1.70388090e-39 1.73769606e-39 1.87515565e-39 1.70388090e-39 1.73769606e-39 1.32411298e-06 1.15178832e-06 1.16244494e-06
3.47000000e+04 1.87613687e-39 1.70509715e-39 1.73857650e-39 1.87613687e-39 1.70509715e-39 1.73857650e-39 1.32245325e-06 1.19483588e-06 1.23377263e-06
3.48000000e+04 1.87711322e-39 1.70630784e-39 1.73945272e-39 1.87711322e-39 1.70630784e-39 1.73945272e-39 1.34870172e-06 1.18580853e-06 1.21884533e-06
3.49000000e+04 1.87808472e-39 1.70751298e-39 1.74032475e-39 1.87808472e-39 1.70751298e-39 1.74032475e-39 1.34191047e-06 1.22626089e-06 1.18560695e-06
3.50000000e+04 1.87905139e-39 1.70871260e-39 1.74119260e-39 1.87905139e-39 1.70871260e-39 1.74119260e-39 1.33712026e-06 1.22958189e-06 1.25030682e-06
3.51000000e+04 1.88001324e-39 1.70990673e-39 1.74205629e-39 1.88001324e-39 1.70990673e-39 1.74205629e-39 1.34742928e-06 1.23500400e-06 1.24006465e-06
3.52000000e+04 1.88097032e-39 1.71109539e-39 1.74291585e-39 1.88097032e-39 1.71109539e-39 1.74291585e-39 1.37441029e-06 1.23732513e-06 1.23426649e-06
3.53000000e+04 1.88192262e-39 1.71227861e-39 1.74377129e-39 1.88192262e-39 1.71227861e-39 1.74377129e-39 1.37556582e-06 1.23783924e-06 1.22790785e-06
3.54000000e+04 1.88287019e-39 1.71345642e-39 1.74462262e-39 1.88287019e-39 1.71345642e-39 1.74462262e-39 1.35685257e-06 1.19514824e-06 1.26881070e-06
3.55000000e+04 1.88381303e-39 1.71462883e-39 1.74546988e-39 1.88381303e-39 1.71462883e-39 1.74546988e-39 1.37474076e-06 1.24296120e-06 1.29123311e-06
3.56000000e+04 1.88475117e-39 1.71579588e-39 1.74631308e-39 1.88475117e-39 1.71579588e-39 1.74631308e-39 1.36755076e-06 1.24786034e-06 1.27323250e-06
3.57000000e+04 1.88568464e-39 1.71695759e-39 1.74715223e-39 1.88568464e-39 1.71695759e-39 1.74715223e-39 1.39380558e-06 1.26711853e-06 1.29815950e-06
3.58000000e+04 1.88661344e-39 1.71811399e-39 1.74798736e-39 1.88661344e-39 1.71811399e-39 1.74798736e-39 1.39065829e-06 1.24024617e-06 1.30853225e-06
3.59000000e+04 1.88753761e-39 1.71926509e-39 1.74881848e-39 1.88753761e-39 1.71926509e-39 1.74881848e-39 1.41949769e-06 1.25261293e-06 1.28485374e-06
3.60000000e+04 1.88845717e-39 1.72041093e-39 1.74964562e-39 1.88845717e-39 1.72041093e-39 1.74964562e-39 1.42179340e-06 1.27189108e-06 1.31003057e-06
3.61000000e+04 1.88937213e-39 1.72155153e-39 1.75046878e-39 1.88937213e-39 1.72155153e-39 1.75046878e-39 1.42957171e-06 1.25152592e-06 1.27900400e-06
3.62000000e+04 1.89028252e-39 1.72268691e-39 1.75128800e-39 1.89028252e-39 1.72268691e-39 1.75128800e-39 1.41203755e-06 1.29420299e-06 1.27929990e-06
3.63000000e+04 1.89118835e-39 1.72381709e-39 1.75210328e-39 1.89118835e-39 1.72381709e-39 1.75210328e-39 1.43146360e-06 1.26926914e-06 1.28427200e-06
3.64000000e+04 1.89208965e-39 1.72494211e-39 1.75291465e-39 1.89208965e-39 1.72494211e-39 1.75291465e-39 1.44421049e-06 1.28577843e-06 1.27321446e-06
3.65000000e+04 1.89298644e-39 1.72606199e-39 1.75372212e-39 1.89298644e-39 1.72606199e-39 1.75372212e-39 1.43481823e-06 1.28389937e-06 1.26873517e-06
3.66000000e+04 1.89387874e-39 1.72717674e-39 1.75452572e-39 1.89387874e-39 1.72717674e-39 1.75452572e-39 1.43264679e-06 1.33028452e-06 1.32616799e-06
3.67000000e+04 1.89476657e-39 1.72828639e-39 1.75532545e-39 1.89476657e-39 1.72828639e-39 1.75532545e-39 1.46562070e-06 1.33268992e-06 1.31412161e-06
3.68000000e+04 1.89564995e-39 1.72939098e-39 1.75612134e-39 1.89564995e-39 1.72939098e-39 1.75612134e-39 1.47382780e-06 1.32086940e-06 1.36938808e-06
3.69000000e+04 1.89652890e-39 1.73049051e-39 1.75691341e-39 1.89652890e-39 1.73049051e-39 1.75691341e-39 1.46191441e-06 1.33802808e-06 1.37638329e-06
3.70000000e+04 1.89740344e-39 1.73158501e-39 1.75770167e-39 1.89740344e-39 1.73158501e-39 1.75770167e-39 1.47762626e-06 1.35352364e-06 1.38392319e-06
3.71000000e+04 1.89827358e-39 1.73267451e-39 1.75848614e-39 1.89827358e-39 1.73267451e-39 1.75848614e-39 1.48477126e-06 1.34840927e-06 1.34315035e-06
3.72000000e+04 1.89913936e-39 1.73375903e-39 1.75926684e-39 1.89913936e-39 1.73375903e-39 1.75926684e-39 1.49990081e-06 1.36880383e-06 1.38777619e-06
3.73000000e+04 1.90000079e-39 1.73483860e-39 1.76004378e-39 1.90000079e-39 1.73483860e-39 1.76004378e-39 1.50868986e-06 1.32423229e-06 1.36024095e-06
3.74000000e+04 1.90085788e-39 1.73591322e-39 1.76081698e-39 1.90085788e-39 1.73591322e-39 1.76081698e-39 1.52008172e-06 1.38080292e-06 1.37765188e-06
3.75000000e+04 1.90171067e-39 1.73698294e-39 1.76158647e-39 1.90171067e-39 1.73698294e-39 1.76158647e-39 1.49845301e-06 1.33645804e-06 1.36873232e-06
3.76000000e+04 1.90255916e-39 1.73804777e-39 1.76235225e-39 1.90255916e-39 1.73804777e-39 1.76235225e-39 1.53066206e-06 1.31104501e-06 1.38294430e-06
3.77000000e+04 1.90340338e-39 1.73910772e-39 1.76311434e-39 1.90340338e-39 1.73910772e-39 1.76311434e-39 1.52663882e-06 1.36351691e-06 1.38839331e-06
3.78000000e+04 1.90424335e-39 1.74016284e-39 1.76387276e-39 1.90424335e-39 1.74016284e-39 1.76387276e-39 1.53557506e-06 1.41282256e-06 1.40992629e-06
3.79000000e+04 1.90507908e-39 1.74121313e-39 1.76462753e-39 1.90507908e-39 1.74121313e-39 1.76462753e-39 1.55533261e-06 1.40898228e-06 1.44014723e-06
3.80000000e+04 1.90591060e-39 1.74225862e-39 1.76537866e-39 1.90591060e-39 1.74225862e-39 1.76537866e-39 1.54056900e-06 1.37805909e-06 1.43481612e-06
3.81000000e+04 1.90673792e-39 1.74329933e-39 1.76612617e-39 1.90673792e-39 1.74329933e-39 1.76612617e-39 1.56649229e-06 1.38948009e-06 1.40814070e-06
3.82000000e+04 1.90756107e-39 1.74433529e-39 1.76687008e-39 1.90756107e-39 1.74433529e-39 1.76687008e-39 1.55817950e-06 1.41774970e-06 1.44423487e-06
3.83000000e+04 1.90838005e-39 1.74536651e-39 1.76761040e-39 1.90838005e-39 1.74536651e-39 1.76761040e-39 1.55604395e-06 1.35753008e-06 1.44149359e-06
3.84000000e+04 1.90919490e-39 1.74639302e-39 1.76834715e-39 1.90919490e-39 1.74639302e-39 1.76834715e-39 1.57906233e-06 1.37733604e-06 1.47118831e-06
3.85000000e+04 1.91000563e-39 1.74741484e-39 1.76908035e-39 1.91000563e-39 1.74741484e-39 1.76908035e-39 1.57719499e-06 1.40388620e-06 1.45872166e-06
3.86000000e+04 1.91081226e-39 1.74843198e-39 1.76981001e-39 1.91081226e-39 1.74843198e-39 1.76981001e-39 1.57008536e-06 1.45668944e-06 1.40100493e-06
3.87000000e+04 1.91161480e-39 1.74944448e-39 1.77053614e-39 1.91161480e-39 1.74944448e-39 1.77053614e-39 1.61014539e-06 1.46535524e-06 1.40089583e-06
3.88000000e+04 1.91241328e-39 1.75045235e-39 1.77125877e-39 1.91241328e-39 1.75045235e-39 1.77125877e-39 1.61763167e-06 1.45605348e-06 1.46780433e-06
3.89000000e+04 1.91320771e-39 1.75145562e-39 1.77197791e-39 1.91320771e-39 1.75145562e-39 1.77197791e-39 1.62194261e-06 1.42281755e-06 1.39269703e-06
3.90000000e+04 1.91399811e-39 1.75245429e-39 1.77269358e-39 1.91399811e-39 1.75245429e-39 1.77269358e-39 1.62192429e-06 1.47536876e-06 1.50077741e-06
3.91000000e+04 1.91478451e-39 1.75344841e-39 1.77340578e-39 1.91478451e-39 1.75344841e-39 1.77340578e-39 1.62274092e-06 1.43459659e-06 1.49771243e-06
3.92000000e+04 1.91556691e-39 1.75443798e-39 1.77411455e-39 1.91556691e-39 1.75443798e-39 1.77411455e-39 1.62446646e-06 1.48505190e-06 1.50196432e-06
3.93000000e+04 1.91634533e-39 1.75542302e-39 1.77481988e-39 1.91634533e-39 1.75542302e-39 1.77481988e-39 1.65149119e-06 1.45532584e-06 1.50729646e-06
3.94000000e+04 1.91711980e-39 1.75640357e-39 1.77552181e-39 1.91711980e-39 1.75640357e-39 1.77552181e-39 1.63438385e-06 1.48264496e-06 1.49471716e-06
3.95000000e+04 1.91789033e-39 1.75737963e-39 1.77622034e-39 1.91789033e-39 1.75737963e-39 1.77622034e-39 1.63725896e-06 1.45244388e-06 1.49476602e-06
3.96000000e+04 1.91865695e-39 1.75835123e-39 1.77691549e-39 1.91865695e-39 1.75835123e-39 1.77691549e-39 1.63404662e-06 1.45338737e-06 1.52165373e-06
3.97000000e+04 1.91941965e-39 1.75931839e-39 1.77760727e-39 1.91941965e-39 1.75931839e-39 1.77760727e-39 1.66937901e-06 1.46655972e-06 1.53292623e-06
3.98000000e+04 1.92017848e-39 1.76028112e-39 1.77829570e-39 1.92017848e-39 1.76028112e-39 1.77829570e-39 1.66921803e-06 1.51704765e-06 1.50365443e-06
3.99000000e+04 1.92093343e-39 1.76123946e-39 1.77898080e-39 1.92093343e-39 1.76123946e-39 1.77898080e-39 1.65526036e-06 1.50571431e-06 1.55526113e-06
4.00000000e+04 1.92168454e-39 1.76219341e-39 1.77966258e-39 1.92168454e-39 1.76219341e-39 1.77966258e-39 1.68950528e-06 1.54337990e-06 1.50805173e-06
4.01000000e+04 1.92243181e-39 1.76314301e-39 1.78034105e-39 1.92243181e-39 1.76314301e-39 1.78034105e-39 1.69439425e-06 1.53029815e-06 1.53885009e-06
4.02000000e+04 1.92317526e-39 1.76408826e-39 1.78101624e-39 1.92317526e-39 1.76408826e-39 1.78101624e-39 1.67552145e-06 1.50145969e-06 1.52790402e-06
4.03000000e+04 1.92391492e-39 1.76502918e-39 1.78168815e-39 1.92391492e-39 1.76502918e-39 1.78168815e-39 1.71488953e-06 1.51519724e-06 1.58719196e-06
4.04000000e+04 1.92465079e-39 1.76596581e-39 1.78235679e-39 1.92465079e-39 1.76596581e-39 1.78235679e-39 1.72524835e-06 1.56169643e-06 1.59206687e-06
4.05000000e+04 1.92538290e-39 1.76689815e-39 1.78302220e-39 1.92538290e-39 1.76689815e-39 1.78302220e-39 1.73553241e-06 1.54079773e-06 1.58646526e-06
4.06000000e+04 1.92611126e-39 1.76782623e-39 1.78368437e-39 1.92611126e-39 1.76782623e-39 1.78368437e-39 1.71826565e-06 1.54827336e-06 1.54889424e-06
4.07000000e+04 1.92683589e-39 1.76875006e-39 1.78434333e-39 1.92683589e-39 1.76875006e-39 1.78434333e-39 1.71727586e-06 1.54256270e-06 1.57235740e-06
4.08000000e+04 1.92755681e-39 1.76966967e-39 1.78499908e-39 1.92755681e-39 1.76966967e-39 1.78499908e-39 1.75016812e-06 1.59640953e-06 1.60929525e-06
4.09000000e+04 1.92827402e-39 1.77058507e-39 1.78565165e-39 1.92827402e-39 1.77058507e-39 1.78565165e-39 1.75987466e-06 1.56845943e-06 1.63194086e-06
4.10000000e+04 1.92898756e-39 1.77149628e-39 1.78630104e-39 1.92898756e-39 1.77149628e-39 1.78630104e-39 1.74371175e-06 1.62125764e-06 1.62644345e-06
4.11000000e+04 1.92969743e-39 1.77240332e-39 1.78694728e-39 1.92969743e-39 1.77240332e-39 1.78694728e-39 1.75939177e-06 1.58263392e-06 1.61131241e-06
4.12000000e+04 1.93040366e-39 1.77330621e-39 1.78759037e-39 1.93040366e-39 1.77330621e-39 1.78759037e-39 1.75571246e-06 1.60996371e-06 1.63705640e-06
4.13000000e+04 1.93110625e-39 1.77420498e-39 1.78823033e-39 1.93110625e-39 1.77420498e-39 1.78823033e-39 1.76322768e-06 1.62426969e-06 1.58689119e-06
4.14000000e+04 1.93180523e-39 1.77509963e-39 1.78886718e-39 1.93180523e-39 1.77509963e-39 1.78886718e-39 1.74899807e-06 1.63799892e-06 1.60914622e-06
4.15000000e+04 1.93250061e-39 1.77599018e-39 1.78950092e-39 1.93250061e-39 1.77599018e-39 1.78950092e-39 1.77843862e-06 1.63106071e-06 1.63240569e-06
4.16000000e+04 1.93319240e-39 1.77687666e-39 1.79013158e-39 1.93319240e-39 1.77687666e-39 1.79013158e-39 1.77127083e-06 1.64351529e-06 1.66283309e-06
4.17000000e+04 1.93388063e-39 1.77775908e-39 1.79075916e-39 1.93388063e-39 1.77775908e-39 1.79075916e-39 1.79863294e-06 1.67292023e-06 1.65645468e-06
4.18000000e+04 1.93456530e-39 1.77863746e-39 1.79138368e-39 1.93456530e-39 1.77863746e-39 1.79138368e-39 1.81792906e-06 1.61868424e-06 1.63776066e-06
4.19000000e+04 1.93524645e-39 1.77951182e-39 1.79200515e-39 1.93524645e-39 1.77951182e-39 1.79200515e-39 1.81783173e-06 1.67221026e-06 1.65591192e-06
4.20000000e+04 1.93592407e-39 1.78038217e-39 1.79262359e-39 1.93592407e-39 1.78038217e-39 1.79262359e-39 1.81556860e-06 1.68425591e-06 1.69586454e-06
4.21000000e+04 1.93659819e-39 1.78124854e-39 1.79323902e-39 1.93659819e-39 1.78124854e-39 1.79323902e-39 1.82755828e-06 1.65164968e-06 1.60790230e-06
4.22000000e+04 1.93726882e-39 1.78211095e-39 1.79385143e-39 1.93726882e-39 1.78211095e-39 1.79385143e-39 1.85070285e-06 1.67888163e-06 1.63914298e-06
4.23000000e+04 1.93793598e-39 1.78296940e-39 1.79446086e-39 1.93793598e-39 1.78296940e-39 1.79446086e-39 1.84934813e-06 1.70007081e-06 1.66349886e-06
4.24000000e+04 1.93859968e-39 1.78382392e-39 1.79506730e-39 1.93859968e-39 1.78382392e-39 1.79506730e-39 1.84449789e-06 1.67520490e-06 1.69866347e-06
4.25000000e+04 1.93925994e-39 1.78467452e-39 1.79567079e-39 1.93925994e-39 1.78467452e-39 1.79567079e-39 1.86975509e-06 1.69351866e-06 1.71669466e-06
4.26000000e+04 1.93991677e-39 1.78552123e-39 1.79627131e-39 1.93991677e-39 1.78552123e-39 1.79627131e-39 1.84063087e-06 1.73577429e-06 1.71012856e-06
4.27000000e+04 1.94057020e-39 1.78636406e-39 1.79686890e-39 1.94057020e-39 1.78636406e-39 1.79686890e-39 1.84158260e-06 1.69429353e-06 1.75025777e-06
4.28000000e+04 1.94122023e-39 1.78720303e-39 1.79746357e-39 1.94122023e-39 1.78720303e-39 1.79746357e-39 1.87932015e-06 1.71058095e-06 1.70444432e-06
4.29000000e+04 1.94186687e-39 1.78803814e-39 1.79805532e-39 1.94186687e-39 1.78803814e-39 1.79805532e-39 1.86546545e-06 1.72347225e-06 1.66902643e-06
4.30000000e+04 1.94251016e-39 1.78886944e-39 1.79864417e-39 1.94251016e-39 1.78886944e-39 1.79864417e-39 1.90837229e-06 1.76094246e-06 1.68323189e-06
4.31000000e+04 1.94315009e-39 1.78969692e-39 1.79923014e-39 1.94315009e-39 1.78969692e-39 1.79923014e-39 1.88739081e-06 1.73846944e-06 1.69280759e-06
4.32000000e+04 1.94378669e-39 1.79052060e-39 1.79981323e-39 1.94378669e-39 1.79052060e-39 1.79981323e-39 1.92794901e-06 1.77927203e-06 1.72916149e-06
4.33000000e+04 1.94441997e-39 1.79134051e-39 1.80039347e-39 1.94441997e-39 1.79134051e-39 1.80039347e-39 1.91731434e-06 1.77794716e-06 1.71085529e-06
4.34000000e+04 1.94504994e-39 1.79215666e-39 1.80097085e-39 1.94504994e-39 1.79215666e-39 1.80097085e-39 1.93054294e-06 1.76839263e-06 1.76654038e-06
4.35000000e+04 1.94567663e-39 1.79296906e-39 1.80154540e-39 1.94567663e-39 1.79296906e-39 1.80154540e-39 1.93381460e-06 1.77639658e-06 1.74091176e-06
4.36000000e+04 1.94630003e-39 1.79377774e-39 1.80211713e-39 1.94630003e-39 1.79377774e-39 1.80211713e-39 1.95564028e-06 1.79419131e-06 1.75530798e-06
4.37000000e+04 1.94692018e-39 1.79458270e-39 1.80268604e-39 1.94692018e-39 1.79458270e-39 1.80268604e-39 1.95074934e-06 1.79033638e-06 1.75716692e-06
4.38000000e+04 1.94753708e-39 1.79538397e-39 1.80325216e-39 1.94753708e-39 1.79538397e-39 1.80325216e-39 1.95761852e-06 1.79999077e-06 1.79438439e-06
4.39000000e+04 1.94815075e-39 1.79618157e-39 1.80381550e-39 1.94815075e-39 1.79618157e-39 1.80381550e-39 1.96891303e-06 1.78835299e-06 1.81122003e-06
4.40000000e+04 1.94876120e-39 1.79697550e-39 1.80437606e-39 1.94876120e-39 1.79697550e-39 1.80437606e-39 1.96856311e-06 1.79755536e-06 1.83585804e-06
4.41000000e+04 1.94936844e-39 1.79776579e-39 1.80493387e-39 1.94936844e-39 1.79776579e-39 1.80493387e-39 1.96939008e-06 1.78204218e-06 1.78553213e-06
4.42000000e+04 1.94997250e-39 1.79855244e-39 1.80548892e-39 1.94997250e-39 1.79855244e-39 1.80548892e-39 2.00198979e-06 1.81689221e-06 1.84891342e-06
4.43000000e+04 1.95057338e-39 1.79933549e-39 1.80604124e-39 1.95057338e-39 1.79933549e-39 1.80604124e-39 2.00811003e-06 1.78127281e-06 1.77494148e-06
4.44000000e+04 1.95117110e-39 1.80011493e-39 1.80659084e-39 1.95117110e-39 1.80011493e-39 1.80659084e-39 1.99527070e-06 1.84896479e-06 1.82356563e-06
4.45000000e+04 1.95176568e-39 1.80089080e-39 1.80713773e-39 1.95176568e-39 1.80089080e-39 1.80713773e-39 2.01574593e-06 1.80305324e-06 1.84002940e-06
4.46000000e+04 1.95235712e-39 1.80166310e-39 1.80768192e-39 1.95235712e-39 1.80166310e-39 1.80768192e-39 2.02890422e-06 1.82282859e-06 1.88237418e-06
4.47000000e+04 1.95294545e-39 1.80243185e-39 1.80822342e-39 1.95294545e-39 1.80243185e-39 1.80822342e-39 2.03907908e-06 1.84902815e-06 1.81862924e-06
4.48000000e+04 1.95353067e-39 1.80319707e-39 1.80876225e-39 1.95353067e-39 1.80319707e-39 1.80876225e-39 2.01424322e-06 1.80237058e-06 1.82777655e-06
4.49000000e+04 1.95411280e-39 1.80395877e-39 1.80929841e-39 1.95411280e-39 1.80395877e-39 1.80929841e-39 2.03509125e-06 1.88274092e-06 1.88250163e-06
4.50000000e+04 1.95469185e-39 1.80471696e-39 1.80983192e-39 1.95469185e-39 1.80471696e-39 1.80983192e-39 2.03515300e-06 1.85215196e-06 1.78774174e-06
4.51000000e+04 1.95526783e-39 1.80547167e-39 1.81036280e-39 1.95526783e-39 1.80547167e-39 1.81036280e-39 2.07143690e-06 1.87221608e-06 1.90155165e-06
4.52000000e+04 1.95584077e-39 1.80622290e-39 1.81089104e-39 1.95584077e-39 1.80622290e-39 1.81089104e-39 2.06869250e-06 1.91024004e-06 1.87794148e-06
4.53000000e+04 1.95641068e-39 1.80697068e-39 1.81141667e-39 1.95641068e-39 1.80697068e-39 1.81141667e-39 2.06924683e-06 1.90099780e-06 1.89181188e-06
4.54000000e+04 1.95697755e-39 1.80771502e-39 1.81193970e-39 1.95697755e-39 1.80771502e-39 1.81193970e-39 2.08809286e-06 1.89915537e-06 1.90902187e-06
4.55000000e+04 1.95754142e-39 1.80845593e-39 1.81246014e-39 1.95754142e-39 1.80845593e-39 1.81246014e-39 2.07245420e-06 1.90348912e-06 1.90970346e-06
4.56000000e+04 1.95810230e-39 1.80919343e-39 1.81297799e-39 1.95810230e-39 1.80919343e-39 1.81297799e-39 2.10224284e-06 1.94920885e-06 1.91859217e-06
4.57000000e+04 1.95866019e-39 1.80992753e-39 1.81349327e-39 1.95866019e-39 1.80992753e-39 1.81349327e-39 2.08821509e-06 1.95700801e-06 1.93465032e-06
4.58000000e+04 1.95921511e-39 1.81065826e-39 1.81400600e-39 1.95921511e-39 1.81065826e-39 1.81400600e-39 2.07919926e-06 1.91257784e-06 1.95065816e-06
4.59000000e+04 1.95976708e-39 1.81138561e-39 1.81451618e-39 1.95976708e-39 1.81138561e-39 1.81451618e-39 2.11386329e-06 1.94717466e-06 1.86849063e-06
4.60000000e+04 1.96031610e-39 1.81210962e-39 1.81502383e-39 1.96031610e-39 1.81210962e-39 1.81502383e-39 2.10794315e-06 1.91998311e-06 1.96863398e-06
4.61000000e+04 1.96086220e-39 1.81283028e-39 1.81552895e-39 1.96086220e-39 1.81283028e-39 1.81552895e-39 2.10126787e-06 1.96300915e-06 1.94539531e-06
4.62000000e+04 1.96140538e-39 1.81354763e-39 1.81603156e-39 1.96140538e-39 1.81354763e-39 1.81603156e-39 2.12534266e-06 1.91244835e-06 1.95015794e-06
4.63000000e+04 1.96194565e-39 1.81426167e-39 1.81653166e-39 1.96194565e-39 1.81426167e-39 1.81653166e-39 2.13196764e-06 1.91185835e-06 1.96406894e-06
4.64000000e+04 1.96248303e-39 1.81497241e-39 1.81702928e-39 1.96248303e-39 1.81497241e-39 1.81702928e-39 2.13745572e-06 1.97649909e-06 1.98920728e-06
4.65000000e+04 1.96301754e-39 1.81567987e-39 1.81752441e-39 1.96301754e-39 1.81567987e-39 1.81752441e-39 2.15556300e-06 1.90027090e-06 1.94355240e-06
4.66000000e+04 1.96354917e-39 1.81638408e-39 1.81801708e-39 1.96354917e-39 1.81638408e-39 1.81801708e-39 2.17537141e-06 1.95678723e-06 1.97913208e-06
4.67000000e+04 1.96407796e-39 1.81708503e-39 1.81850729e-39 1.96407796e-39 1.81708503e-39 1.81850729e-39 2.18070209e-06 2.01302292e-06 1.98619475e-06
4.68000000e+04 1.96460391e-39 1.81778274e-39 1.81899506e-39 1.96460391e-39 1.81778274e-39 1.81899506e-39 2.17689174e-06 2.00934452e-06 1.98717184e-06
4.69000000e+04 1.96512703e-39 1.81847723e-39 1.81948039e-39 1.96512703e-39 1.81847723e-39 1.81948039e-39 2.20728460e-06 2.02116557e-06 1.96659365e-06
4.70000000e+04 1.96564733e-39 1.81916852e-39 1.81996329e-39 1.96564733e-39 1.81916852e-39 1.81996329e-39 2.21008193e-06 2.01236908e-06 2.01970561e-06
4.71000000e+04 1.96616483e-39 1.81985661e-39 1.82044378e-39 1.96616483e-39 1.81985661e-39 1.82044378e-39 2.22330581e-06 2.00486138e-06 2.00436099e-06
4.72000000e+04 1.96667955e-39 1.82054152e-39 1.82092187e-39 1.96667955e-39 1.82054152e-39 1.82092187e-39 2.23135623e-06 2.00690934e-06 1.94762786e-06
4.73000000e+04 1.96719148e-39 1.82122327e-39 1.82139756e-39 1.96719148e-39 1.82122327e-39 1.82139756e-39 2.22705353e-06 2.06589946e-06 2.05409279e-06
4.74000000e+04 1.96770065e-39 1.82190186e-39 1.82187088e-39 1.96770065e-39 1.82190186e-39 1.82187088e-39 2.20398841e-06 2.00176404e-06 2.00819157e-06
4.75000000e+04 1.96820707e-39 1.82257732e-39 1.82234182e-39 1.96820707e-39 1.82257732e-39 1.82234182e-39 2.24058264e-06 2.01699392e-06 2.07803331e-06
4.76000000e+04 1.96871075e-39 1.82324965e-39 1.82281039e-39 1.96871075e-39 1.82324965e-39 1.82281039e-39 2.20903204e-06 2.03927651e-06 2.06810177e-06
4.77000000e+04 1.96921170e-39 1.82391887e-39 1.82327662e-39 1.96921170e-39 1.82391887e-39 1.82327662e-39 2.22985764e-06 2.10119786e-06 2.01155355e-06
4.78000000e+04 1.96970993e-39 1.82458500e-39 1.82374051e-39 1.96970993e-39 1.82458500e-39 1.82374051e-39 2.23093524e-06 2.09429916e-06 2.09244624e-06
4.79000000e+04 1.97020546e-39 1.82524804e-39 1.82420207e-39 1.97020546e-39 1.82524804e-39 1.82420207e-39 2.25869164e-06 2.03416235e-06 2.10013816e-06
4.80000000e+04 1.97069829e-39 1.82590801e-39 1.82466131e-39 1.97069829e-39 1.82590801e-39 1.82466131e-39 2.24241286e-06 2.10506636e-06 2.07084604e-06
4.81000000e+04 1.97118845e-39 1.82656492e-39 1.82511824e-39 1.97118845e-39 1.82656492e-39 1.82511824e-39 2.27710781e-06 2.09085770e-06 2.07842780e-06
4.82000000e+04 1.97167593e-39 1.82721879e-39 1.82557287e-39 1.97167593e-39 1.82721879e-39 1.82557287e-39 2.26083074e-06 2.09472341e-06 2.00624166e-06
4.83000000e+04 1.97216076e-39 1.82786963e-39 1.82602522e-39 1.97216076e-39 1.82786963e-39 1.82602522e-39 2.27640552e-06 2.07824392e-06 2.06878366e-06
4.84000000e+04 1.97264295e-39 1.82851745e-39 1.82647528e-39 1.97264295e-39 1.82851745e-39 1.82647528e-39 2.29448528e-06 2.14231827e-06 2.14319257e-06
4.85000000e+04 1.97312250e-39 1.82916227e-39 1.82692308e-39 1.97312250e-39 1.82916227e-39 1.82692308e-39 2.30402863e-06 2.15302175e-06 2.15893722e-06
4.86000000e+04 1.97359943e-39 1.82980409e-39 1.82736861e-39 1.97359943e-39 1.82980409e-39 1.82736861e-39 2.31268249e-06 2.16543043e-06 2.11214092e-06
4.87000000e+04 1.97407375e-39 1.83044294e-39 1.82781190e-39 1.97407375e-39 1.83044294e-39 1.82781190e-39 2.30643699e-06 2.15741785e-06 2.13386429e-06
4.88000000e+04 1.97454547e-39 1.83107883e-39 1.82825295e-39 1.97454547e-39 1.83107883e-39 1.82825295e-39 2.30308948e-06 2.14282999e-06 2.08199230e-06
4.89000000e+04 1.97501460e-39 1.83171176e-39 1.82869177e-39 1.97501460e-39 1.83171176e-39 1.82869177e-39 2.36293462e-06 2.17789296e-06 2.13343376e-06
4.90000000e+04 1.97548116e-39 1.83234175e-39 1.82912838e-39 1.97548116e-39 1.83234175e-39 1.82912838e-39 2.34631941e-06 2.08802719e-06 2.16140753e-06
4.91000000e+04 1.97594516e-39 1.83296882e-39 1.82956277e-39 1.97594516e-39 1.83296882e-39 1.82956277e-39 2.37226791e-06 2.12907041e-06 2.16781441e-06
4.92000000e+04 1.97640660e-39 1.83359297e-39 1.82999496e-39 1.97640660e-39 1.83359297e-39 1.82999496e-39 2.36291314e-06 2.18438556e-06 2.12162779e-06
4.93000000e+04 1.97686550e-39 1.83421422e-39 1.83042497e-39 1.97686550e-39 1.83421422e-39 1.83042497e-39 2.34904844e-06 2.19483296e-06 2.20541268e-06
4.94000000e+04 1.97732187e-39 1.83483258e-39 1.83085279e-39 1.97732187e-39 1.83483258e-39 1.83085279e-39 2.40238997e-06 2.20429829e-06 2.17257928e-06
4.95000000e+04 1.97777572e-39 1.83544807e-39 1.83127845e-39 1.97777572e-39 1.83544807e-39 1.83127845e-39 2.37017424e-06 2.11630957e-06 2.16529454e-06
4.96000000e+04 1.97822707e-39 1.83606069e-39 1.83170194e-39 1.97822707e-39 1.83606069e-39 1.83170194e-39 2.41701613e-06 2.16242675e-06 2.11651620e-06
4.97000000e+04 1.97867591e-39 1.83667046e-39 1.83212328e-39 1.97867591e-39 1.83667046e-39 1.83212328e-39 2.39594301e-06 2.22555641e-06 2.20505447e-06
4.98000000e+04 1.97912228e-39 1.83727739e-39 1.83254248e-39 1.97912228e-39 1.83727739e-39 1.83254248e-39 2.37745233e-06 2.20378034e-06 2.22905444e-06
4.99000000e+04 1.97956616e-39 1.83788150e-39 1.83295955e-39 1.97956616e-39 1.83788150e-39 1.83295955e-39 2.41645563e-06 2.25550457e-06 2.25763125e-06
5.00000000e+04 1.98000759e-39 1.83848279e-39 1.83337450e-39 1.98000759e-39 1.83848279e-39 1.83337450e-39 2.41169174e-06 2.24015377e-06 2.22337923e-06
