# Te [K]  der_Qff_DL [cm^5/K]  Qff_PL [cm^5/K]  Qff_KW [cm^5/K]
3.00000000e+02 4.09125909e-44 6.25526284e-44 5.22191069e-44
4.00000000e+02 2.47306310e-44 6.36944043e-44 5.18876715e-44
5.00000000e+02 1.49898236e-44 6.41770585e-44 5.15480312e-44
6.00000000e+02 8.62472980e-45 6.43124863e-44 5.12002940e-44
7.00000000e+02 4.27047371e-45 6.42512955e-44 5.08445714e-44
8.00000000e+02 1.24406447e-45 6.40700259e-44 5.04810239e-44
9.00000000e+02 -8.27650483e-46 6.38104272e-44 5.01099764e-44
1.00000000e+03 -2.16805566e-45 6.34972304e-44 4.97320606e-44
1.10000000e+03 -2.92639195e-45 6.31465233e-44 4.93483620e-44
1.20000000e+03 -3.21378146e-45 6.27698017e-44 4.89604474e-44
1.30000000e+03 -3.11975555e-45 6.23758936e-44 4.85702867e-44
1.40000000e+03 -2.71952126e-45 6.19718631e-44 4.81800903e-44
1.50000000e+03 -2.07713847e-45 6.15634144e-44 4.77921249e-44
1.60000000e+03 -1.24709574e-45 6.11550987e-44 4.74085339e-44
1.70000000e+03 -2.75359832e-46 6.07504448e-44 4.70312094e-44
1.80000000e+03 7.99699392e-46 6.03520790e-44 4.66617083e-44
1.90000000e+03 1.94640787e-45 5.99618428e-44 4.63012158e-44
2.00000000e+03 3.13889532e-45 5.95809176e-44 4.59505488e-44
2.10000000e+03 4.35625408e-45 5.92099481e-44 4.56101800e-44
2.20000000e+03 5.58176231e-45 5.88491558e-44 4.52802835e-44
2.30000000e+03 6.80219360e-45 5.84984414e-44 4.49607871e-44
2.40000000e+03 8.00721479e-45 5.81574737e-44 4.46514207e-44
2.50000000e+03 9.18886997e-45 5.78257620e-44 4.43517686e-44
2.60000000e+03 1.03411446e-44 5.75027156e-44 4.40613124e-44
2.70000000e+03 1.14596013e-44 5.71876895e-44 4.37794691e-44
2.80000000e+03 1.25410769e-44 5.68800184e-44 4.35056215e-44
2.90000000e+03 1.35834313e-44 5.65790432e-44 4.32391420e-44
3.00000000e+03 1.45853443e-44 5.62841271e-44 4.29794113e-44
3.10000000e+03 1.55461450e-44 5.59946693e-44 4.27258351e-44
3.20000000e+03 1.64656755e-44 5.57101099e-44 4.24778481e-44
3.30000000e+03 1.73441788e-44 5.54299360e-44 4.22349240e-44
3.40000000e+03 1.81822078e-44 5.51536806e-44 4.19965775e-44
3.50000000e+03 1.89805513e-44 5.48809235e-44 4.17623653e-44
3.60000000e+03 1.97401750e-44 5.46112891e-44 4.15318866e-44
3.70000000e+03 2.04621728e-44 5.43444441e-44 4.13047807e-44
3.80000000e+03 2.11477286e-44 5.40800935e-44 4.10807264e-44
3.90000000e+03 2.17980856e-44 5.38179785e-44 4.08594371e-44
4.00000000e+03 2.24145214e-44 5.35578728e-44 4.06406613e-44
4.10000000e+03 2.29983288e-44 5.32995800e-44 4.04241766e-44
4.20000000e+03 2.35508002e-44 5.30429290e-44 4.02097888e-44
4.30000000e+03 2.40732163e-44 5.27877732e-44 3.99973279e-44
4.40000000e+03 2.45668364e-44 5.25339860e-44 3.97866468e-44
4.50000000e+03 2.50328926e-44 5.22814599e-44 3.95776172e-44
4.60000000e+03 2.54725811e-44 5.20301033e-44 3.93701289e-44
4.70000000e+03 2.58870656e-44 5.17798390e-44 3.91640867e-44
4.80000000e+03 2.62774678e-44 5.15306022e-44 3.89594088e-44
4.90000000e+03 2.66448692e-44 5.12823391e-44 3.87560256e-44
5.00000000e+03 2.69903103e-44 5.10350053e-44 3.85538774e-44
5.10000000e+03 2.73147892e-44 5.07885649e-44 3.83529136e-44
5.20000000e+03 2.76192626e-44 5.05429888e-44 3.81530913e-44
5.30000000e+03 2.79046462e-44 5.02982547e-44 3.79543743e-44
5.40000000e+03 2.81718155e-44 5.00543450e-44 3.77567324e-44
5.50000000e+03 2.84216072e-44 4.98112472e-44 3.75601404e-44
5.60000000e+03 2.86548195e-44 4.95689524e-44 3.73645768e-44
5.70000000e+03 2.88722146e-44 4.93274554e-44 3.71700245e-44
5.80000000e+03 2.90745188e-44 4.90867534e-44 3.69764691e-44
5.90000000e+03 2.92624249e-44 4.88468464e-44 3.67838988e-44
6.00000000e+03 2.94365929e-44 4.86077363e-44 3.65923042e-44
6.10000000e+03 2.95976518e-44 4.83694265e-44 3.64016777e-44
6.20000000e+03 2.97462010e-44 4.81319222e-44 3.62120131e-44
6.30000000e+03 2.98828110e-44 4.78952293e-44 3.60233060e-44
6.40000000e+03 3.00080257e-44 4.76593549e-44 3.58355522e-44
6.50000000e+03 3.01223631e-44 4.74243067e-44 3.56487490e-44
6.60000000e+03 3.02263166e-44 4.71900928e-44 3.54628942e-44
6.70000000e+03 3.03203360e-44 4.69567220e-44 3.52779858e-44
6.80000000e+03 3.04049300e-44 4.67242031e-44 3.50940226e-44
6.90000000e+03 3.04804644e-44 4.64925452e-44 3.49110035e-44
7.00000000e+03 3.05473663e-44 4.62617574e-44 3.47289276e-44
7.10000000e+03 3.06060232e-44 4.60318487e-44 3.45477941e-44
7.20000000e+03 3.06568047e-44 4.58028282e-44 3.43676023e-44
7.30000000e+03 3.07000628e-44 4.55747048e-44 3.41883513e-44
7.40000000e+03 3.07361335e-44 4.53474870e-44 3.40100405e-44
7.50000000e+03 3.07653374e-44 4.51211833e-44 3.38326686e-44
7.60000000e+03 3.07879799e-44 4.48958017e-44 3.36562348e-44
7.70000000e+03 3.08043528e-44 4.46713501e-44 3.34807379e-44
7.80000000e+03 3.08147344e-44 4.44478359e-44 3.33061763e-44
7.90000000e+03 3.08193902e-44 4.42252664e-44 3.31325487e-44
8.00000000e+03 3.08185742e-44 4.40036483e-44 3.29598532e-44
8.10000000e+03 3.08125283e-44 4.37829879e-44 3.27880879e-44
8.20000000e+03 3.08014828e-44 4.35632913e-44 3.26172505e-44
8.30000000e+03 3.07856625e-44 4.33445641e-44 3.24473389e-44
8.40000000e+03 3.07652748e-44 4.31268117e-44 3.22783504e-44
8.50000000e+03 3.07405230e-44 4.29100387e-44 3.21102823e-44
8.60000000e+03 3.07116001e-44 4.26942496e-44 3.19431317e-44
8.70000000e+03 3.06786907e-44 4.24794486e-44 3.17768955e-44
8.80000000e+03 3.06419712e-44 4.22656394e-44 3.16115705e-44
8.90000000e+03 3.06016107e-44 4.20528252e-44 3.14471532e-44
9.00000000e+03 3.05577706e-44 4.18410090e-44 3.12836401e-44
9.10000000e+03 3.05106059e-44 4.16301936e-44 3.11210275e-44
9.20000000e+03 3.04602645e-44 4.14203811e-44 3.09593116e-44
9.30000000e+03 3.04068881e-44 4.12115734e-44 3.07984884e-44
9.40000000e+03 3.03506125e-44 4.10037722e-44 3.06385538e-44
9.50000000e+03 3.02915679e-44 4.07969787e-44 3.04795037e-44
9.60000000e+03 3.02298787e-44 4.05911940e-44 3.03213339e-44
9.70000000e+03 3.01656645e-44 4.03864187e-44 3.01640400e-44
9.80000000e+03 3.00990397e-44 4.01826626e-44 3.00076177e-44
9.90000000e+03 3.00301140e-44 3.99798977e-44 2.98520624e-44
1.00000000e+04 2.99589926e-44 3.97781520e-44 2.96973697e-44
1.01000000e+04 2.98857764e-44 3.95774156e-44 2.95435350e-44
1.02000000e+04 2.98105622e-44 3.93776881e-44 2.93905538e-44
1.03000000e+04 2.97334429e-44 3.91789686e-44 2.92384216e-44
1.04000000e+04 2.96545075e-44 3.89812558e-44 2.90871335e-44
1.05000000e+04 2.95738416e-44 3.87845486e-44 2.89366850e-44
1.06000000e+04 2.94915272e-44 3.85888455e-44 2.87870715e-44
1.07000000e+04 2.94076433e-44 3.83941449e-44 2.86382882e-44
1.08000000e+04 2.93222654e-44 3.82004446e-44 2.84903306e-44
1.09000000e+04 2.92354663e-44 3.80077431e-44 2.83431940e-44
1.10000000e+04 2.91473157e-44 3.78160380e-44 2.81968737e-44
1.11000000e+04 2.90578809e-44 3.76253269e-44 2.80513652e-44
1.12000000e+04 2.89672262e-44 3.74356074e-44 2.79066639e-44
1.13000000e+04 2.88754136e-44 3.72468769e-44 2.77627653e-44
1.14000000e+04 2.87825027e-44 3.70591326e-44 2.76196647e-44
1.15000000e+04 2.86885506e-44 3.68723717e-44 2.74773577e-44
1.16000000e+04 2.85936125e-44 3.66865913e-44 2.73358397e-44
1.17000000e+04 2.84977412e-44 3.65017883e-44 2.71951063e-44
1.18000000e+04 2.84009876e-44 3.63179594e-44 2.70551531e-44
1.19000000e+04 2.83034008e-44 3.61351016e-44 2.69159757e-44
1.20000000e+04 2.82050278e-44 3.59532114e-44 2.67775698e-44
1.21000000e+04 2.81059139e-44 3.57722853e-44 2.66399310e-44
1.22000000e+04 2.80061026e-44 3.55923200e-44 2.65030551e-44
1.23000000e+04 2.79056361e-44 3.54133118e-44 2.63669377e-44
1.24000000e+04 2.78045546e-44 3.52352571e-44 2.62315748e-44
1.25000000e+04 2.77028969e-44 3.50581523e-44 2.60969621e-44
1.26000000e+04 2.76007006e-44 3.48819936e-44 2.59630954e-44
1.27000000e+04 2.74980016e-44 3.47067771e-44 2.58299708e-44
1.28000000e+04 2.73948346e-44 3.45324991e-44 2.56975840e-44
1.29000000e+04 2.72912329e-44 3.43591556e-44 2.55659312e-44
1.30000000e+04 2.71872287e-44 3.41867428e-44 2.54350083e-44
1.31000000e+04 2.70828530e-44 3.40152567e-44 2.53047946e-44
1.32000000e+04 2.69781305e-44 3.38446933e-44 2.51753362e-44
1.33000000e+04 2.68731050e-44 3.36750485e-44 2.50465793e-44
1.34000000e+04 2.67677891e-44 3.35063183e-44 2.49185365e-44
1.35000000e+04 2.66622144e-44 3.33384987e-44 2.47912042e-44
1.36000000e+04 2.65564065e-44 3.31715854e-44 2.46645784e-44
1.37000000e+04 2.64503902e-44 3.30055745e-44 2.45386553e-44
1.38000000e+04 2.63441893e-44 3.28404617e-44 2.44134313e-44
1.39000000e+04 2.62378266e-44 3.26762428e-44 2.42889025e-44
1.40000000e+04 2.61313243e-44 3.25129138e-44 2.41650652e-44
1.41000000e+04 2.60247036e-44 3.23504704e-44 2.40419158e-44
1.42000000e+04 2.59179849e-44 3.21889083e-44 2.39194506e-44
1.43000000e+04 2.58111881e-44 3.20282235e-44 2.37976660e-44
1.44000000e+04 2.57043302e-44 3.18684117e-44 2.36765582e-44
1.45000000e+04 2.55974352e-44 3.17094686e-44 2.35561237e-44
1.46000000e+04 2.54905150e-44 3.15513900e-44 2.34363588e-44
1.47000000e+04 2.53835885e-44 3.13941716e-44 2.33172601e-44
1.48000000e+04 2.52766721e-44 3.12378093e-44 2.31988238e-44
1.49000000e+04 2.51697814e-44 3.10822986e-44 2.30810466e-44
1.50000000e+04 2.50629317e-44 3.09276355e-44 2.29639248e-44
1.51000000e+04 2.49561375e-44 3.07738156e-44 2.28474550e-44
1.52000000e+04 2.48494129e-44 3.06208346e-44 2.27316335e-44
1.53000000e+04 2.47427714e-44 3.04686884e-44 2.26164569e-44
1.54000000e+04 2.46362259e-44 3.03173725e-44 2.25019217e-44
1.55000000e+04 2.45297891e-44 3.01668829e-44 2.23880245e-44
1.56000000e+04 2.44234730e-44 3.00172152e-44 2.22747617e-44
1.57000000e+04 2.43172891e-44 2.98683651e-44 2.21621299e-44
1.58000000e+04 2.42112487e-44 2.97203284e-44 2.20501256e-44
1.59000000e+04 2.41053624e-44 2.95731008e-44 2.19387454e-44
1.60000000e+04 2.39996405e-44 2.94266782e-44 2.18279860e-44
1.61000000e+04 2.38940930e-44 2.92810561e-44 2.17178437e-44
1.62000000e+04 2.37887295e-44 2.91362305e-44 2.16083153e-44
1.63000000e+04 2.36835589e-44 2.89921970e-44 2.14993973e-44
1.64000000e+04 2.35785902e-44 2.88489515e-44 2.13910862e-44
1.65000000e+04 2.34738318e-44 2.87064896e-44 2.12833788e-44
1.66000000e+04 2.33692919e-44 2.85648072e-44 2.11762715e-44
1.67000000e+04 2.32649781e-44 2.84239000e-44 2.10697611e-44
1.68000000e+04 2.31608980e-44 2.82837639e-44 2.09638440e-44
1.69000000e+04 2.30570587e-44 2.81443946e-44 2.08585170e-44
1.70000000e+04 2.29534672e-44 2.80057879e-44 2.07537767e-44
1.71000000e+04 2.28501300e-44 2.78679397e-44 2.06496197e-44
1.72000000e+04 2.27470534e-44 2.77308457e-44 2.05460426e-44
1.73000000e+04 2.26442435e-44 2.75945018e-44 2.04430421e-44
1.74000000e+04 2.25417061e-44 2.74589038e-44 2.03406149e-44
1.75000000e+04 2.24394468e-44 2.73240475e-44 2.02387576e-44
1.76000000e+04 2.23374707e-44 2.71899289e-44 2.01374668e-44
1.77000000e+04 2.22357831e-44 2.70565436e-44 2.00367393e-44
1.78000000e+04 2.21343888e-44 2.69238877e-44 1.99365717e-44
1.79000000e+04 2.20332923e-44 2.67919570e-44 1.98369607e-44
1.80000000e+04 2.19324982e-44 2.66607474e-44 1.97379163e-44
1.81000000e+04 2.18320105e-44 2.65302548e-44 1.96393953e-44
1.82000000e+04 2.17318335e-44 2.64004750e-44 1.95414342e-44
1.83000000e+04 2.16319708e-44 2.62714040e-44 1.94440166e-44
1.84000000e+04 2.15324261e-44 2.61430378e-44 1.93471391e-44
1.85000000e+04 2.14332029e-44 2.60153722e-44 1.92507984e-44
1.86000000e+04 2.13343044e-44 2.58884032e-44 1.91549913e-44
1.87000000e+04 2.12357338e-44 2.57621268e-44 1.90597145e-44
1.88000000e+04 2.11374941e-44 2.56365390e-44 1.89649649e-44
1.89000000e+04 2.10395880e-44 2.55116356e-44 1.88707391e-44
1.90000000e+04 2.09420183e-44 2.53874128e-44 1.87770339e-44
1.91000000e+04 2.08447873e-44 2.52638666e-44 1.86838461e-44
1.92000000e+04 2.07478975e-44 2.51409928e-44 1.85911725e-44
1.93000000e+04 2.06513512e-44 2.50187877e-44 1.84990099e-44
1.94000000e+04 2.05551503e-44 2.48972472e-44 1.84073551e-44
1.95000000e+04 2.04593035e-44 2.47763675e-44 1.83162049e-44
1.96000000e+04 2.03637929e-44 2.46561445e-44 1.82255562e-44
1.97000000e+04 2.02686398e-44 2.45365743e-44 1.81354058e-44
1.98000000e+04 2.01738393e-44 2.44176532e-44 1.80457505e-44
1.99000000e+04 2.00793930e-44 2.42993771e-44 1.79565873e-44
2.00000000e+04 1.99853022e-44 2.41817423e-44 1.78679129e-44
2.01000000e+04 1.98915682e-44 2.40647448e-44 1.77797243e-44
2.02000000e+04 1.97981921e-44 2.39483808e-44 1.76920184e-44
2.03000000e+04 1.97051751e-44 2.38326466e-44 1.76047921e-44
2.04000000e+04 1.96125181e-44 2.37175382e-44 1.75180318e-44
2.05000000e+04 1.95202219e-44 2.36030520e-44 1.74317661e-44
2.06000000e+04 1.94282875e-44 2.34891841e-44 1.73459603e-44
2.07000000e+04 1.93367156e-44 2.33759308e-44 1.72606218e-44
2.08000000e+04 1.92455067e-44 2.32632883e-44 1.71757478e-44
2.09000000e+04 1.91546614e-44 2.31512529e-44 1.70913351e-44
2.10000000e+04 1.90641802e-44 2.30398209e-44 1.70073808e-44
2.11000000e+04 1.89740636e-44 2.29289887e-44 1.69238820e-44
2.12000000e+04 1.88843117e-44 2.28187524e-44 1.68408356e-44
2.13000000e+04 1.87949249e-44 2.27091085e-44 1.67582387e-44
2.14000000e+04 1.87059035e-44 2.26000533e-44 1.66760884e-44
2.15000000e+04 1.86172474e-44 2.24915832e-44 1.65943818e-44
2.16000000e+04 1.85289568e-44 2.23836946e-44 1.65131160e-44
2.17000000e+04 1.84410317e-44 2.22763839e-44 1.64322881e-44
2.18000000e+04 1.83534720e-44 2.21696475e-44 1.63518952e-44
2.19000000e+04 1.82662776e-44 2.20634819e-44 1.62719345e-44
2.20000000e+04 1.81794484e-44 2.19578836e-44 1.61924031e-44
2.21000000e+04 1.80929841e-44 2.18528489e-44 1.61132983e-44
2.22000000e+04 1.80068845e-44 2.17483745e-44 1.60346172e-44
2.23000000e+04 1.79211493e-44 2.16444567e-44 1.59563571e-44
2.24000000e+04 1.78357780e-44 2.15410923e-44 1.58785151e-44
2.25000000e+04 1.77507703e-44 2.14382777e-44 1.58010886e-44
2.26000000e+04 1.76661257e-44 2.13360095e-44 1.57240748e-44
2.27000000e+04 1.75818438e-44 2.12342843e-44 1.56474710e-44
2.28000000e+04 1.74979240e-44 2.11330986e-44 1.55712744e-44
2.29000000e+04 1.74143657e-44 2.10324493e-44 1.54954825e-44
2.30000000e+04 1.73311684e-44 2.09323328e-44 1.54200925e-44
2.31000000e+04 1.72483313e-44 2.08327458e-44 1.53451018e-44
2.32000000e+04 1.71658538e-44 2.07336851e-44 1.52705078e-44
2.33000000e+04 1.70837352e-44 2.06351474e-44 1.51963078e-44
2.34000000e+04 1.70019748e-44 2.05371293e-44 1.51224993e-44
2.35000000e+04 1.69205717e-44 2.04396276e-44 1.50490797e-44
2.36000000e+04 1.68395251e-44 2.03426392e-44 1.49760464e-44
2.37000000e+04 1.67588343e-44 2.02461607e-44 1.49033969e-44
2.38000000e+04 1.66784984e-44 2.01501889e-44 1.48311287e-44
2.39000000e+04 1.65985165e-44 2.00547208e-44 1.47592392e-44
2.40000000e+04 1.65188876e-44 1.99597531e-44 1.46877260e-44
2.41000000e+04 1.64396109e-44 1.98652827e-44 1.46165866e-44
2.42000000e+04 1.63606854e-44 1.97713066e-44 1.45458187e-44
2.43000000e+04 1.62821100e-44 1.96778215e-44 1.44754196e-44
2.44000000e+04 1.62038838e-44 1.95848244e-44 1.44053870e-44
2.45000000e+04 1.61260058e-44 1.94923122e-44 1.43357185e-44
2.46000000e+04 1.60484750e-44 1.94002820e-44 1.42664118e-44
2.47000000e+04 1.59712902e-44 1.93087306e-44 1.41974644e-44
2.48000000e+04 1.58944505e-44 1.92176552e-44 1.41288741e-44
2.49000000e+04 1.58179547e-44 1.91270526e-44 1.40606384e-44
2.50000000e+04 1.57418017e-44 1.90369200e-44 1.39927551e-44
2.51000000e+04 1.56659904e-44 1.89472544e-44 1.39252219e-44
2.52000000e+04 1.55905196e-44 1.88580529e-44 1.38580366e-44
2.53000000e+04 1.55153882e-44 1.87693125e-44 1.37911967e-44
2.54000000e+04 1.54405951e-44 1.86810305e-44 1.37247002e-44
2.55000000e+04 1.53661391e-44 1.85932039e-44 1.36585448e-44
2.56000000e+04 1.52920189e-44 1.85058298e-44 1.35927283e-44
2.57000000e+04 1.52182334e-44 1.84189056e-44 1.35272486e-44
2.58000000e+04 1.51447814e-44 1.83324283e-44 1.34621033e-44
2.59000000e+04 1.50716617e-44 1.82463951e-44 1.33972905e-44
2.60000000e+04 1.49988730e-44 1.81608033e-44 1.33328079e-44
2.61000000e+04 1.49264141e-44 1.80756502e-44 1.32686534e-44
2.62000000e+04 1.48542837e-44 1.79909330e-44 1.32048250e-44
2.63000000e+04 1.47824807e-44 1.79066490e-44 1.31413205e-44
2.64000000e+04 1.47110037e-44 1.78227955e-44 1.30781379e-44
2.65000000e+04 1.46398515e-44 1.77393699e-44 1.30152751e-44
2.66000000e+04 1.45690228e-44 1.76563694e-44 1.29527301e-44
2.67000000e+04 1.44985164e-44 1.75737915e-44 1.28905008e-44
2.68000000e+04 1.44283310e-44 1.74916335e-44 1.28285854e-44
2.69000000e+04 1.43584652e-44 1.74098929e-44 1.27669817e-44
2.70000000e+04 1.42889178e-44 1.73285669e-44 1.27056878e-44
2.71000000e+04 1.42196875e-44 1.72476532e-44 1.26447018e-44
2.72000000e+04 1.41507730e-44 1.71671492e-44 1.25840217e-44
2.73000000e+04 1.40821730e-44 1.70870522e-44 1.25236456e-44
2.74000000e+04 1.40138862e-44 1.70073597e-44 1.24635716e-44
2.75000000e+04 1.39459113e-44 1.69280696e-44 1.24037978e-44
2.76000000e+04 1.38782470e-44 1.68491791e-44 1.23443223e-44
2.77000000e+04 1.38108919e-44 1.67706857e-44 1.22851432e-44
2.78000000e+04 1.37438448e-44 1.66925871e-44 1.22262589e-44
2.79000000e+04 1.36771044e-44 1.66148808e-44 1.21676672e-44
2.80000000e+04 1.36106693e-44 1.65375645e-44 1.21093666e-44
2.81000000e+04 1.35445382e-44 1.64606357e-44 1.20513551e-44
2.82000000e+04 1.34787098e-44 1.63840921e-44 1.19936310e-44
2.83000000e+04 1.34131829e-44 1.63079314e-44 1.19361926e-44
2.84000000e+04 1.33479560e-44 1.62321512e-44 1.18790380e-44
2.85000000e+04 1.32830278e-44 1.61567491e-44 1.18221655e-44
2.86000000e+04 1.32183971e-44 1.60817230e-44 1.17655735e-44
2.87000000e+04 1.31540625e-44 1.60070705e-44 1.17092600e-44
2.88000000e+04 1.30900228e-44 1.59327894e-44 1.16532237e-44
2.89000000e+04 1.30262766e-44 1.58588773e-44 1.15974626e-44
2.90000000e+04 1.29628226e-44 1.57853322e-44 1.15419751e-44
2.91000000e+04 1.28996595e-44 1.57121517e-44 1.14867596e-44
2.92000000e+04 1.28367859e-44 1.56393337e-44 1.14318145e-44
2.93000000e+04 1.27742007e-44 1.55668760e-44 1.13771449e-44
2.94000000e+04 1.27119024e-44 1.54947764e-44 1.13227287e-44
2.95000000e+04 1.26498898e-44 1.54230328e-44 1.12685848e-44
2.96000000e+04 1.25881616e-44 1.53516430e-44 1.12147048e-44
2.97000000e+04 1.25267165e-44 1.52806050e-44 1.11610872e-44
2.98000000e+04 1.24655532e-44 1.52099165e-44 1.11077303e-44
2.99000000e+04 1.24046704e-44 1.51395756e-44 1.10546326e-44
3.00000000e+04 1.23440668e-44 1.50695802e-44 1.10017926e-44
3.01000000e+04 1.22837411e-44 1.49999282e-44 1.09492087e-44
3.02000000e+04 1.22236921e-44 1.49306176e-44 1.08968795e-44
3.03000000e+04 1.21639185e-44 1.48616463e-44 1.08448033e-44
3.04000000e+04 1.21044190e-44 1.47930123e-44 1.07929789e-44
3.05000000e+04 1.20451923e-44 1.47247137e-44 1.07414046e-44
3.06000000e+04 1.19862371e-44 1.46567484e-44 1.06900790e-44
3.07000000e+04 1.19275523e-44 1.45891146e-44 1.06390006e-44
3.08000000e+04 1.18691365e-44 1.45218102e-44 1.05881681e-44
3.09000000e+04 1.18109885e-44 1.44548333e-44 1.05375800e-44
3.10000000e+04 1.17531071e-44 1.43881820e-44 1.04872348e-44
3.11000000e+04 1.16954909e-44 1.43218544e-44 1.04371311e-44
3.12000000e+04 1.16381388e-44 1.42558486e-44 1.03872677e-44
3.13000000e+04 1.15810494e-44 1.41901627e-44 1.03376430e-44
3.14000000e+04 1.15242217e-44 1.41247948e-44 1.02882557e-44
3.15000000e+04 1.14676543e-44 1.40597431e-44 1.02391045e-44
3.16000000e+04 1.14113460e-44 1.39950058e-44 1.01901880e-44
3.17000000e+04 1.13552956e-44 1.39305810e-44 1.01415049e-44
3.18000000e+04 1.12995019e-44 1.38664669e-44 1.00930537e-44
3.19000000e+04 1.12439636e-44 1.38026618e-44 1.00448333e-44
3.20000000e+04 1.11886796e-44 1.37391638e-44 9.99684226e-45
3.21000000e+04 1.11336486e-44 1.36759711e-44 9.94907935e-45
3.22000000e+04 1.10788694e-44 1.36130821e-44 9.90154325e-45
3.23000000e+04 1.10243411e-44 1.35504949e-44 9.85423273e-45
3.24000000e+04 1.09700620e-44 1.34882079e-44 9.80714644e-45
3.25000000e+04 1.09160313e-44 1.34262193e-44 9.76028309e-45
3.26000000e+04 1.08622478e-44 1.33645274e-44 9.71364171e-45
3.27000000e+04 1.08087102e-44 1.33031305e-44 9.66722067e-45
3.28000000e+04 1.07554172e-44 1.32420269e-44 9.62101915e-45
3.29000000e+04 1.07023680e-44 1.31812150e-44 9.57503557e-45
3.30000000e+04 1.06495612e-44 1.31206931e-44 9.52926886e-45
3.31000000e+04 1.05969955e-44 1.30604596e-44 9.48371783e-45
3.32000000e+04 1.05446727e-44 1.30005254e-44 9.43838132e-45
3.33000000e+04 1.04925836e-44 1.29408510e-44 9.39325808e-45
3.34000000e+04 1.04407350e-44 1.28814727e-44 9.34834698e-45
3.35000000e+04 1.03891231e-44 1.28223764e-44 9.30364687e-45
3.36000000e+04 1.03377468e-44 1.27635604e-44 9.25915655e-45
3.37000000e+04 1.02866050e-44 1.27050231e-44 9.21487489e-45
3.38000000e+04 1.02356964e-44 1.26467630e-44 9.17080078e-45
3.39000000e+04 1.01850201e-44 1.25887785e-44 9.12693305e-45
3.40000000e+04 1.01345750e-44 1.25310681e-44 9.08327061e-45
3.41000000e+04 1.00843598e-44 1.24736302e-44 9.03981236e-45
3.42000000e+04 1.00343736e-44 1.24164634e-44 8.99655712e-45
3.43000000e+04 9.98461510e-45 1.23595660e-44 8.95350389e-45
3.44000000e+04 9.93508339e-45 1.23029367e-44 8.91065153e-45
3.45000000e+04 9.88577725e-45 1.22465740e-44 8.86799895e-45
3.46000000e+04 9.83669581e-45 1.21904763e-44 8.82554513e-45
3.47000000e+04 9.78783780e-45 1.21346422e-44 8.78328896e-45
3.48000000e+04 9.73920221e-45 1.20790702e-44 8.74122939e-45
3.49000000e+04 9.69078797e-45 1.20237590e-44 8.69936538e-45
3.50000000e+04 9.64259404e-45 1.19687069e-44 8.65769590e-45
3.51000000e+04 9.59461936e-45 1.19139128e-44 8.61621992e-45
3.52000000e+04 9.54686286e-45 1.18593750e-44 8.57493640e-45
3.53000000e+04 9.49932356e-45 1.18050923e-44 8.53384430e-45
3.54000000e+04 9.45200033e-45 1.17510632e-44 8.49294264e-45
3.55000000e+04 9.40489220e-45 1.16972864e-44 8.45223041e-45
3.56000000e+04 9.35799815e-45 1.16437604e-44 8.41170662e-45
3.57000000e+04 9.31131710e-45 1.15904839e-44 8.37137024e-45
3.58000000e+04 9.26484808e-45 1.15374555e-44 8.33122033e-45
3.59000000e+04 9.21859006e-45 1.14846740e-44 8.29125593e-45
3.60000000e+04 9.17254203e-45 1.14321379e-44 8.25147605e-45
3.61000000e+04 9.12670300e-45 1.13798459e-44 8.21187969e-45
3.62000000e+04 9.08107195e-45 1.13277968e-44 8.17246594e-45
3.63000000e+04 9.03564791e-45 1.12759892e-44 8.13323383e-45
3.64000000e+04 8.99042990e-45 1.12244217e-44 8.09418245e-45
3.65000000e+04 8.94541689e-45 1.11730932e-44 8.05531080e-45
3.66000000e+04 8.90060794e-45 1.11220024e-44 8.01661806e-45
3.67000000e+04 8.85600207e-45 1.10711478e-44 7.97810317e-45
3.68000000e+04 8.81159831e-45 1.10205284e-44 7.93976530e-45
3.69000000e+04 8.76739570e-45 1.09701428e-44 7.90160354e-45
3.70000000e+04 8.72339326e-45 1.09199898e-44 7.86361695e-45
3.71000000e+04 8.67959007e-45 1.08700682e-44 7.82580464e-45
3.72000000e+04 8.63598515e-45 1.08203766e-44 7.78816576e-45
3.73000000e+04 8.59257758e-45 1.07709140e-44 7.75069940e-45
3.74000000e+04 8.54936639e-45 1.07216790e-44 7.71340463e-45
3.75000000e+04 8.50635072e-45 1.06726706e-44 7.67628065e-45
3.76000000e+04 8.46352952e-45 1.06238874e-44 7.63932654e-45
3.77000000e+04 8.42090119e-45 1.05753283e-44 7.60254144e-45
3.78000000e+04 8.37846708e-45 1.05269921e-44 7.56592454e-45
3.79000000e+04 8.33622396e-45 1.04788776e-44 7.52947496e-45
3.80000000e+04 8.29417174e-45 1.04309837e-44 7.49319186e-45
3.81000000e+04 8.25230945e-45 1.03833092e-44 7.45707439e-45
3.82000000e+04 8.21063620e-45 1.03358530e-44 7.42112169e-45
3.83000000e+04 8.16915112e-45 1.02886139e-44 7.38533297e-45
3.84000000e+04 8.12785331e-45 1.02415907e-44 7.34970740e-45
3.85000000e+04 8.08674187e-45 1.01947824e-44 7.31424419e-45
3.86000000e+04 8.04581590e-45 1.01481879e-44 7.27894242e-45
3.87000000e+04 8.00507457e-45 1.01018059e-44 7.24380141e-45
3.88000000e+04 7.96451697e-45 1.00556355e-44 7.20882031e-45
3.89000000e+04 7.92414222e-45 1.00096755e-44 7.17399828e-45
3.90000000e+04 7.88394947e-45 9.96392477e-45 7.13933456e-45
3.91000000e+04 7.84393786e-45 9.91838229e-45 7.10482837e-45
3.92000000e+04 7.80410655e-45 9.87304700e-45 7.07047894e-45
3.93000000e+04 7.76445465e-45 9.82791775e-45 7.03628545e-45
3.94000000e+04 7.72498133e-45 9.78299353e-45 7.00224717e-45
3.95000000e+04 7.68568575e-45 9.73827335e-45 6.96836328e-45
3.96000000e+04 7.64656707e-45 9.69375604e-45 6.93463308e-45
3.97000000e+04 7.60762446e-45 9.64944061e-45 6.90105577e-45
3.98000000e+04 7.56885705e-45 9.60532603e-45 6.86763057e-45
3.99000000e+04 7.53026407e-45 9.56141122e-45 6.83435681e-45
4.00000000e+04 7.49184464e-45 9.51769522e-45 6.80123368e-45
4.01000000e+04 7.45359800e-45 9.47417698e-45 6.76826047e-45
4.02000000e+04 7.41552331e-45 9.43085550e-45 6.73543643e-45
4.03000000e+04 7.37761974e-45 9.38772977e-45 6.70276083e-45
4.04000000e+04 7.33988651e-45 9.34479882e-45 6.67023294e-45
4.05000000e+04 7.30232280e-45 9.30206161e-45 6.63785205e-45
4.06000000e+04 7.26492783e-45 9.25951720e-45 6.60561745e-45
4.07000000e+04 7.22770080e-45 9.21716459e-45 6.57352838e-45
4.08000000e+04 7.19064091e-45 9.17500277e-45 6.54158419e-45
4.09000000e+04 7.15374738e-45 9.13303086e-45 6.50978413e-45
4.10000000e+04 7.11701944e-45 9.09124783e-45 6.47812750e-45
4.11000000e+04 7.08045630e-45 9.04965274e-45 6.44661365e-45
4.12000000e+04 7.04405718e-45 9.00824466e-45 6.41524184e-45
4.13000000e+04 7.00782618e-45 8.96702262e-45 6.38401139e-45
4.14000000e+04 6.97174797e-45 8.92598571e-45 6.35292162e-45
4.15000000e+04 6.93583636e-45 8.88513298e-45 6.32197185e-45
4.16000000e+04 6.90008568e-45 8.84446353e-45 6.29116140e-45
4.17000000e+04 6.86449524e-45 8.80397640e-45 6.26048963e-45
4.18000000e+04 6.82906429e-45 8.76367070e-45 6.22995580e-45
4.19000000e+04 6.79379205e-45 8.72354552e-45 6.19955930e-45
4.20000000e+04 6.75867777e-45 8.68359997e-45 6.16929946e-45
4.21000000e+04 6.72372075e-45 8.64383312e-45 6.13917563e-45
4.22000000e+04 6.68892022e-45 8.60424410e-45 6.10918711e-45
4.23000000e+04 6.65427549e-45 8.56483200e-45 6.07933330e-45
4.24000000e+04 6.61978578e-45 8.52559598e-45 6.04961356e-45
4.25000000e+04 6.58545039e-45 8.48653515e-45 6.02002717e-45
4.26000000e+04 6.55126861e-45 8.44764861e-45 5.99057359e-45
4.27000000e+04 6.51723971e-45 8.40893551e-45 5.96125212e-45
4.28000000e+04 6.48336299e-45 8.37039501e-45 5.93206215e-45
4.29000000e+04 6.44963772e-45 8.33202625e-45 5.90300305e-45
4.30000000e+04 6.41606320e-45 8.29382834e-45 5.87407419e-45
4.31000000e+04 6.38263874e-45 8.25580048e-45 5.84527495e-45
4.32000000e+04 6.34936364e-45 8.21794181e-45 5.81660474e-45
4.33000000e+04 6.31623718e-45 8.18025151e-45 5.78806289e-45
4.34000000e+04 6.28325870e-45 8.14272871e-45 5.75964884e-45
4.35000000e+04 6.25042749e-45 8.10537263e-45 5.73136195e-45
4.36000000e+04 6.21774289e-45 8.06818245e-45 5.70320165e-45
4.37000000e+04 6.18520419e-45 8.03115732e-45 5.67516729e-45
4.38000000e+04 6.15281070e-45 7.99429645e-45 5.64725832e-45
4.39000000e+04 6.12056179e-45 7.95759904e-45 5.61947410e-45
4.40000000e+04 6.08845675e-45 7.92106426e-45 5.59181410e-45
4.41000000e+04 6.05649493e-45 7.88469135e-45 5.56427766e-45
4.42000000e+04 6.02467568e-45 7.84847950e-45 5.53686424e-45
4.43000000e+04 5.99299831e-45 7.81242790e-45 5.50957326e-45
4.44000000e+04 5.96146216e-45 7.77653583e-45 5.48240413e-45
4.45000000e+04 5.93006662e-45 7.74080248e-45 5.45535629e-45
4.46000000e+04 5.89881098e-45 7.70522701e-45 5.42842912e-45
4.47000000e+04 5.86769463e-45 7.66980874e-45 5.40162222e-45
4.48000000e+04 5.83671690e-45 7.63454687e-45 5.37493465e-45
4.49000000e+04 5.80587718e-45 7.59944066e-45 5.34836622e-45
4.50000000e+04 5.77517480e-45 7.56448932e-45 5.32191624e-45
4.51000000e+04 5.74460915e-45 7.52969213e-45 5.29558413e-45
4.52000000e+04 5.71417958e-45 7.49504833e-45 5.26936937e-45
4.53000000e+04 5.68388547e-45 7.46055717e-45 5.24327139e-45
4.54000000e+04 5.65372618e-45 7.42621791e-45 5.21728964e-45
4.55000000e+04 5.62370111e-45 7.39202983e-45 5.19142358e-45
4.56000000e+04 5.59380961e-45 7.35799219e-45 5.16567267e-45
4.57000000e+04 5.56405109e-45 7.32410427e-45 5.14003637e-45
4.58000000e+04 5.53442492e-45 7.29036535e-45 5.11451416e-45
4.59000000e+04 5.50493051e-45 7.25677467e-45 5.08910546e-45
4.60000000e+04 5.47556723e-45 7.22333158e-45 5.06380978e-45
4.61000000e+04 5.44633448e-45 7.19003533e-45 5.03862657e-45
4.62000000e+04 5.41723166e-45 7.15688523e-45 5.01355532e-45
4.63000000e+04 5.38825818e-45 7.12388056e-45 4.98859553e-45
4.64000000e+04 5.35941343e-45 7.09102063e-45 4.96374659e-45
4.65000000e+04 5.33069683e-45 7.05830475e-45 4.93900809e-45
4.66000000e+04 5.30210777e-45 7.02573223e-45 4.91437944e-45
4.67000000e+04 5.27364570e-45 6.99330241e-45 4.88986017e-45
4.68000000e+04 5.24531000e-45 6.96101454e-45 4.86544977e-45
4.69000000e+04 5.21710010e-45 6.92886799e-45 4.84114770e-45
4.70000000e+04 5.18901544e-45 6.89686207e-45 4.81695349e-45
4.71000000e+04 5.16105540e-45 6.86499613e-45 4.79286662e-45
4.72000000e+04 5.13321945e-45 6.83326946e-45 4.76888658e-45
4.73000000e+04 5.10550701e-45 6.80168142e-45 4.74501291e-45
4.74000000e+04 5.07791750e-45 6.77023135e-45 4.72124509e-45
4.75000000e+04 5.05045036e-45 6.73891859e-45 4.69758263e-45
4.76000000e+04 5.02310503e-45 6.70774249e-45 4.67402503e-45
4.77000000e+04 4.99588097e-45 6.67670241e-45 4.65057184e-45
4.78000000e+04 4.96877758e-45 6.64579767e-45 4.62722254e-45
4.79000000e+04 4.94179435e-45 6.61502767e-45 4.60397667e-45
4.80000000e+04 4.91493071e-45 6.58439174e-45 4.58083375e-45
4.81000000e+04 4.88818610e-45 6.55388926e-45 4.55779328e-45
4.82000000e+04 4.86156001e-45 6.52351958e-45 4.53485482e-45
4.83000000e+04 4.83505186e-45 6.49328208e-45 4.51201787e-45
4.84000000e+04 4.80866114e-45 6.46317614e-45 4.48928198e-45
4.85000000e+04 4.78238729e-45 6.43320114e-45 4.46664667e-45
4.86000000e+04 4.75622978e-45 6.40335644e-45 4.44411146e-45
4.87000000e+04 4.73018807e-45 6.37364146e-45 4.42167592e-45
4.88000000e+04 4.70426165e-45 6.34405555e-45 4.39933957e-45
4.89000000e+04 4.67844999e-45 6.31459814e-45 4.37710196e-45
4.90000000e+04 4.65275256e-45 6.28526859e-45 4.35496264e-45
4.91000000e+04 4.62716883e-45 6.25606631e-45 4.33292116e-45
4.92000000e+04 4.60169829e-45 6.22699069e-45 4.31097703e-45
4.93000000e+04 4.57634041e-45 6.19804116e-45 4.28912984e-45
4.94000000e+04 4.55109470e-45 6.16921712e-45 4.26737915e-45
4.95000000e+04 4.52596063e-45 6.14051795e-45 4.24572573e-45
4.96000000e+04 4.50093770e-45 6.11194311e-45 4.22416542e-45
4.97000000e+04 4.47602539e-45 6.08349198e-45 4.20270151e-45
4.98000000e+04 4.45122320e-45 6.05516400e-45 4.18133232e-45
4.99000000e+04 4.42653063e-45 6.02695858e-45 4.16005741e-45
5.00000000e+04 4.40194718e-45 5.99887516e-45 4.13887634e-45
