# Te [K]  Qff_DL [cm^5]  Qff_PL [cm^5]  Qff_KW [cm^5] int_DL  int_PL  int_KD abserr_int_DL  abserr_int_PL  abserr_int_KW
3.00000000e+02 2.34485967e-40 4.67026781e-40 8.81291514e-40 2.34485967e-40 4.67026781e-40 8.81291514e-40 1.32297605e-10 2.38152953e-10 4.94501767e-10
4.00000000e+02 2.48414754e-40 4.74015455e-40 8.86929277e-40 2.48414754e-40 4.74015455e-40 8.86929277e-40 2.13769941e-10 3.86006686e-10 6.62216879e-10
5.00000000e+02 2.61399754e-40 4.81027186e-40 8.92551183e-40 2.61399754e-40 4.81027186e-40 8.92551183e-40 3.16279321e-10 5.76576161e-10 1.08116130e-09
6.00000000e+02 2.73661639e-40 4.88037263e-40 8.98155023e-40 2.73661639e-40 4.88037263e-40 8.98155023e-40 4.39456696e-10 7.28709978e-10 1.45812325e-09
7.00000000e+02 2.85358296e-40 4.95030162e-40 9.03738278e-40 2.85358296e-40 4.95030162e-40 9.03738278e-40 5.75002511e-10 8.42223448e-10 1.81425486e-09
8.00000000e+02 2.96606511e-40 5.01998888e-40 9.09298923e-40 2.96606511e-40 5.01998888e-40 9.09298923e-40 7.17342271e-10 1.22557806e-09 2.07473657e-09
9.00000000e+02 3.07494494e-40 5.08942115e-40 9.14835569e-40 3.07494494e-40 5.08942115e-40 9.14835569e-40 9.10914091e-10 1.32110484e-09 2.61315176e-09
1.00000000e+03 3.18089857e-40 5.15861642e-40 9.20347355e-40 3.18089857e-40 5.15861642e-40 9.20347355e-40 1.11010802e-09 1.70518184e-09 3.02995430e-09
1.10000000e+03 3.28445043e-40 5.22760646e-40 9.25833785e-40 3.28445043e-40 5.22760646e-40 9.25833785e-40 1.30007431e-09 1.83805873e-09 3.69187120e-09
1.20000000e+03 3.38601145e-40 5.29642634e-40 9.31294590e-40 3.38601145e-40 5.29642634e-40 9.31294590e-40 1.55387732e-09 2.15463716e-09 4.09900723e-09
1.30000000e+03 3.48590653e-40 5.36510854e-40 9.36729632e-40 3.48590653e-40 5.36510854e-40 9.36729632e-40 1.77494681e-09 2.68576579e-09 4.85774913e-09
1.40000000e+03 3.58439440e-40 5.43368005e-40 9.42138837e-40 3.58439440e-40 5.43368005e-40 9.42138837e-40 2.06590868e-09 2.87792723e-09 5.43861630e-09
1.50000000e+03 3.68168229e-40 5.50216135e-40 9.47522160e-40 3.68168229e-40 5.50216135e-40 9.47522160e-40 2.36306233e-09 3.50836038e-09 5.99187428e-09
1.60000000e+03 3.77793681e-40 5.57056640e-40 9.52879562e-40 3.77793681e-40 5.57056640e-40 9.52879562e-40 2.64390441e-09 3.84311712e-09 6.35594447e-09
1.70000000e+03 3.87329222e-40 5.63890320e-40 9.58211005e-40 3.87329222e-40 5.63890320e-40 9.58211005e-40 2.94410913e-09 4.19017421e-09 7.12214169e-09
1.80000000e+03 3.96785680e-40 5.70717461e-40 9.63516451e-40 3.96785680e-40 5.70717461e-40 9.63516451e-40 3.27745529e-09 4.61747234e-09 8.06259905e-09
1.90000000e+03 4.06171782e-40 5.77537929e-40 9.68795862e-40 4.06171782e-40 5.77537929e-40 9.68795862e-40 3.66274605e-09 4.95836697e-09 8.34230319e-09
2.00000000e+03 4.15494546e-40 5.84351252e-40 9.74049211e-40 4.15494546e-40 5.84351252e-40 9.74049211e-40 4.03805773e-09 5.63338269e-09 9.21252169e-09
2.10000000e+03 4.24759599e-40 5.91156705e-40 9.79276482e-40 4.24759599e-40 5.91156705e-40 9.79276482e-40 4.49835465e-09 6.12967173e-09 1.03808898e-08
2.20000000e+03 4.33971433e-40 5.97953374e-40 9.84477673e-40 4.33971433e-40 5.97953374e-40 9.84477673e-40 4.92501066e-09 6.51821205e-09 1.10805064e-08
2.30000000e+03 4.43133612e-40 6.04740220e-40 9.89652804e-40 4.43133612e-40 6.04740220e-40 9.89652804e-40 5.38261352e-09 6.85479417e-09 1.18389274e-08
2.40000000e+03 4.52248941e-40 6.11516119e-40 9.94801919e-40 4.52248941e-40 6.11516119e-40 9.94801919e-40 5.80865850e-09 7.44725428e-09 1.23761549e-08
2.50000000e+03 4.61319606e-40 6.18279905e-40 9.99925081e-40 4.61319606e-40 6.18279905e-40 9.99925081e-40 6.37407346e-09 8.37893315e-09 1.36275995e-08
2.60000000e+03 4.70347290e-40 6.25030399e-40 1.00502238e-39 4.70347290e-40 6.25030399e-40 1.00502238e-39 6.81640708e-09 9.07379492e-09 1.41417466e-08
2.70000000e+03 4.79333265e-40 6.31766430e-40 1.01009393e-39 4.79333265e-40 6.31766430e-40 1.01009393e-39 7.32425219e-09 9.23235142e-09 1.49979369e-08
2.80000000e+03 4.88278470e-40 6.38486855e-40 1.01513987e-39 4.88278470e-40 6.38486855e-40 1.01513987e-39 8.00627763e-09 1.01006837e-08 1.59242318e-08
2.90000000e+03 4.97183577e-40 6.45190571e-40 1.02016034e-39 4.97183577e-40 6.45190571e-40 1.02016034e-39 8.52123370e-09 1.11366591e-08 1.73142114e-08
3.00000000e+03 5.06049041e-40 6.51876522e-40 1.02515554e-39 5.06049041e-40 6.51876522e-40 1.02515554e-39 9.18473360e-09 1.15587148e-08 1.83452064e-08
3.10000000e+03 5.14875145e-40 6.58543708e-40 1.03012564e-39 5.14875145e-40 6.58543708e-40 1.03012564e-39 9.80581989e-09 1.22262732e-08 1.94396700e-08
3.20000000e+03 5.23662034e-40 6.65191185e-40 1.03507085e-39 5.23662034e-40 6.65191185e-40 1.03507085e-39 1.03180222e-08 1.33004918e-08 2.02277347e-08
3.30000000e+03 5.32409747e-40 6.71818073e-40 1.03999141e-39 5.32409747e-40 6.71818073e-40 1.03999141e-39 1.09883854e-08 1.34937704e-08 2.16324985e-08
3.40000000e+03 5.41118239e-40 6.78423550e-40 1.04488754e-39 5.41118239e-40 6.78423550e-40 1.04488754e-39 1.17355181e-08 1.42718104e-08 2.28432443e-08
3.50000000e+03 5.49787400e-40 6.85006857e-40 1.04975947e-39 5.49787400e-40 6.85006857e-40 1.04975947e-39 1.24562928e-08 1.50370452e-08 2.39865916e-08
3.60000000e+03 5.58417075e-40 6.91567294e-40 1.05460748e-39 5.58417075e-40 6.91567294e-40 1.05460748e-39 1.33170843e-08 1.59408587e-08 2.51372655e-08
3.70000000e+03 5.67007073e-40 6.98104219e-40 1.05943180e-39 5.67007073e-40 6.98104219e-40 1.05943180e-39 1.40575266e-08 1.67775694e-08 2.59434388e-08
3.80000000e+03 5.75557181e-40 7.04617045e-40 1.06423269e-39 5.75557181e-40 7.04617045e-40 1.06423269e-39 1.47385531e-08 1.82030489e-08 2.71711974e-08
3.90000000e+03 5.84067173e-40 7.11105240e-40 1.06901044e-39 5.84067173e-40 7.11105240e-40 1.06901044e-39 1.57150391e-08 1.91430493e-08 2.84007372e-08
4.00000000e+03 5.92536815e-40 7.17568324e-40 1.07376529e-39 5.92536815e-40 7.17568324e-40 1.07376529e-39 1.64690460e-08 1.97322870e-08 2.98414400e-08
4.10000000e+03 6.00965872e-40 7.24005863e-40 1.07849752e-39 6.00965872e-40 7.24005863e-40 1.07849752e-39 1.72417103e-08 2.06460137e-08 3.12969462e-08
4.20000000e+03 6.09354112e-40 7.30417472e-40 1.08320739e-39 6.09354112e-40 7.30417472e-40 1.08320739e-39 1.82918783e-08 2.19436695e-08 3.20778632e-08
4.30000000e+03 6.17701314e-40 7.36802807e-40 1.08789517e-39 6.17701314e-40 7.36802807e-40 1.08789517e-39 1.90928676e-08 2.21266968e-08 3.34165858e-08
4.40000000e+03 6.26007263e-40 7.43161566e-40 1.09256112e-39 6.26007263e-40 7.43161566e-40 1.09256112e-39 2.01445756e-08 2.31151650e-08 3.41320561e-08
4.50000000e+03 6.34271760e-40 7.49493485e-40 1.09720550e-39 6.34271760e-40 7.49493485e-40 1.09720550e-39 2.11151273e-08 2.49826822e-08 3.66457044e-08
4.60000000e+03 6.42494620e-40 7.55798336e-40 1.10182858e-39 6.42494620e-40 7.55798336e-40 1.10182858e-39 2.20002214e-08 2.56194954e-08 3.79833386e-08
4.70000000e+03 6.50675674e-40 7.62075924e-40 1.10643060e-39 6.50675674e-40 7.62075924e-40 1.10643060e-39 2.31647634e-08 2.62386046e-08 3.94426383e-08
4.80000000e+03 6.58814770e-40 7.68326087e-40 1.11101182e-39 6.58814770e-40 7.68326087e-40 1.11101182e-39 2.41248883e-08 2.80107106e-08 4.02921191e-08
4.90000000e+03 6.66911773e-40 7.74548689e-40 1.11557249e-39 6.66911773e-40 7.74548689e-40 1.11557249e-39 2.50393688e-08 2.86223338e-08 4.18023321e-08
5.00000000e+03 6.74966568e-40 7.80743625e-40 1.12011284e-39 6.74966568e-40 7.80743625e-40 1.12011284e-39 2.64114948e-08 3.04104336e-08 4.30766053e-08
5.10000000e+03 6.82979056e-40 7.86910812e-40 1.12463311e-39 6.82979056e-40 7.86910812e-40 1.12463311e-39 2.73172112e-08 3.16710861e-08 4.53139194e-08
5.20000000e+03 6.90949158e-40 7.93050192e-40 1.12913354e-39 6.90949158e-40 7.93050192e-40 1.12913354e-39 2.85425697e-08 3.22459685e-08 4.55349607e-08
5.30000000e+03 6.98876812e-40 7.99161727e-40 1.13361435e-39 6.98876812e-40 7.99161727e-40 1.13361435e-39 2.96173785e-08 3.33022239e-08 4.81968920e-08
5.40000000e+03 7.06761975e-40 8.05245401e-40 1.13807576e-39 7.06761975e-40 8.05245401e-40 1.13807576e-39 3.06629082e-08 3.45285183e-08 4.98718844e-08
5.50000000e+03 7.14604620e-40 8.11301215e-40 1.14251798e-39 7.14604620e-40 8.11301215e-40 1.14251798e-39 3.19419495e-08 3.64261288e-08 5.05461898e-08
5.60000000e+03 7.22404738e-40 8.17329188e-40 1.14694124e-39 7.22404738e-40 8.17329188e-40 1.14694124e-39 3.32873588e-08 3.73918366e-08 5.30828732e-08
5.70000000e+03 7.30162338e-40 8.23329353e-40 1.15134573e-39 7.30162338e-40 8.23329353e-40 1.15134573e-39 3.46560824e-08 3.82270383e-08 5.47909887e-08
5.80000000e+03 7.37877444e-40 8.29301759e-40 1.15573166e-39 7.37877444e-40 8.29301759e-40 1.15573166e-39 3.60119817e-08 4.03180264e-08 5.58572186e-08
5.90000000e+03 7.45550094e-40 8.35246468e-40 1.16009921e-39 7.45550094e-40 8.35246468e-40 1.16009921e-39 3.72397484e-08 4.18543525e-08 5.76528990e-08
6.00000000e+03 7.53180342e-40 8.41163553e-40 1.16444858e-39 7.53180342e-40 8.41163553e-40 1.16444858e-39 3.85751706e-08 4.20743487e-08 5.90908817e-08
6.10000000e+03 7.60768259e-40 8.47053099e-40 1.16877995e-39 7.60768259e-40 8.47053099e-40 1.16877995e-39 4.00120931e-08 4.39922788e-08 6.09488518e-08
6.20000000e+03 7.68313927e-40 8.52915200e-40 1.17309349e-39 7.68313927e-40 8.52915200e-40 1.17309349e-39 4.13025035e-08 4.54537696e-08 6.25870478e-08
6.30000000e+03 7.75817441e-40 8.58749960e-40 1.17738940e-39 7.75817441e-40 8.58749960e-40 1.17738940e-39 4.27492062e-08 4.66954257e-08 6.49465199e-08
6.40000000e+03 7.83278909e-40 8.64557492e-40 1.18166782e-39 7.83278909e-40 8.64557492e-40 1.18166782e-39 4.41789554e-08 4.89734107e-08 6.56947963e-08
6.50000000e+03 7.90698452e-40 8.70337914e-40 1.18592893e-39 7.90698452e-40 8.70337914e-40 1.18592893e-39 4.52864770e-08 4.94169803e-08 6.81656013e-08
6.60000000e+03 7.98076201e-40 8.76091353e-40 1.19017289e-39 7.98076201e-40 8.76091353e-40 1.19017289e-39 4.70226491e-08 5.17176723e-08 6.88023868e-08
6.70000000e+03 8.05412299e-40 8.81817941e-40 1.19439985e-39 8.05412299e-40 8.81817941e-40 1.19439985e-39 4.86613406e-08 5.27804689e-08 7.15423109e-08
6.80000000e+03 8.12706897e-40 8.87517816e-40 1.19860995e-39 8.12706897e-40 8.87517816e-40 1.19860995e-39 5.04046491e-08 5.37523206e-08 7.27829748e-08
6.90000000e+03 8.19960157e-40 8.93191121e-40 1.20280336e-39 8.19960157e-40 8.93191121e-40 1.20280336e-39 5.19847631e-08 5.60550758e-08 7.59246050e-08
7.00000000e+03 8.27172251e-40 8.98838002e-40 1.20698020e-39 8.27172251e-40 8.98838002e-40 1.20698020e-39 5.29504742e-08 5.78743743e-08 7.78245238e-08
7.10000000e+03 8.34343357e-40 9.04458611e-40 1.21114062e-39 8.34343357e-40 9.04458611e-40 1.21114062e-39 5.52150936e-08 5.93173831e-08 7.96742649e-08
7.20000000e+03 8.41473663e-40 9.10053100e-40 1.21528476e-39 8.41473663e-40 9.10053100e-40 1.21528476e-39 5.65139605e-08 6.02984648e-08 8.18846383e-08
7.30000000e+03 8.48563362e-40 9.15621628e-40 1.21941273e-39 8.48563362e-40 9.15621628e-40 1.21941273e-39 5.81709561e-08 6.15651727e-08 8.29279249e-08
7.40000000e+03 8.55612656e-40 9.21164353e-40 1.22352467e-39 8.55612656e-40 9.21164353e-40 1.22352467e-39 5.96944836e-08 6.48459350e-08 8.54433199e-08
7.50000000e+03 8.62621753e-40 9.26681437e-40 1.22762070e-39 8.62621753e-40 9.26681437e-40 1.22762070e-39 6.17157048e-08 6.61354826e-08 8.73009906e-08
7.60000000e+03 8.69590866e-40 9.32173043e-40 1.23170095e-39 8.69590866e-40 9.32173043e-40 1.23170095e-39 6.35042781e-08 6.81865102e-08 8.95867579e-08
7.70000000e+03 8.76520214e-40 9.37639337e-40 1.23576552e-39 8.76520214e-40 9.37639337e-40 1.23576552e-39 6.51337911e-08 6.94940319e-08 9.20477256e-08
7.80000000e+03 8.83410021e-40 9.43080482e-40 1.23981453e-39 8.83410021e-40 9.43080482e-40 1.23981453e-39 6.72379578e-08 7.07150908e-08 9.40064741e-08
7.90000000e+03 8.90260516e-40 9.48496648e-40 1.24384810e-39 8.90260516e-40 9.48496648e-40 1.24384810e-39 6.88502664e-08 7.36926709e-08 9.63879996e-08
8.00000000e+03 8.97071932e-40 9.53888000e-40 1.24786632e-39 8.97071932e-40 9.53888000e-40 1.24786632e-39 7.07095081e-08 7.49235109e-08 9.84356513e-08
8.10000000e+03 9.03844505e-40 9.59254706e-40 1.25186931e-39 9.03844505e-40 9.59254706e-40 1.25186931e-39 7.24258420e-08 7.68428194e-08 1.00891626e-07
8.20000000e+03 9.10578477e-40 9.64596936e-40 1.25585717e-39 9.10578477e-40 9.64596936e-40 1.25585717e-39 7.47585182e-08 7.84386344e-08 1.02038252e-07
8.30000000e+03 9.17274090e-40 9.69914856e-40 1.25982999e-39 9.17274090e-40 9.69914856e-40 1.25982999e-39 7.66553537e-08 8.06272380e-08 1.04776566e-07
8.40000000e+03 9.23931590e-40 9.75208635e-40 1.26378788e-39 9.23931590e-40 9.75208635e-40 1.26378788e-39 7.85837083e-08 8.22728867e-08 1.07069554e-07
8.50000000e+03 9.30551228e-40 9.80478441e-40 1.26773092e-39 9.30551228e-40 9.80478441e-40 1.26773092e-39 8.02418615e-08 8.48075160e-08 1.09584344e-07
8.60000000e+03 9.37133254e-40 9.85724440e-40 1.27165922e-39 9.37133254e-40 9.85724440e-40 1.27165922e-39 8.18899618e-08 8.68946681e-08 1.11185394e-07
8.70000000e+03 9.43677920e-40 9.90946800e-40 1.27557286e-39 9.43677920e-40 9.90946800e-40 1.27557286e-39 8.39705069e-08 8.86628490e-08 1.13593521e-07
8.80000000e+03 9.50185483e-40 9.96145686e-40 1.27947193e-39 9.50185483e-40 9.96145686e-40 1.27947193e-39 8.63680678e-08 9.08015059e-08 1.15271949e-07
8.90000000e+03 9.56656197e-40 1.00132126e-39 1.28335652e-39 9.56656197e-40 1.00132126e-39 1.28335652e-39 8.87606874e-08 9.21718640e-08 1.18419063e-07
9.00000000e+03 9.63090321e-40 1.00647370e-39 1.28722672e-39 9.63090321e-40 1.00647370e-39 1.28722672e-39 9.09140102e-08 9.40207307e-08 1.21178580e-07
9.10000000e+03 9.69488114e-40 1.01160315e-39 1.29108259e-39 9.69488114e-40 1.01160315e-39 1.29108259e-39 9.26873525e-08 9.65216100e-08 1.23462137e-07
9.20000000e+03 9.75849834e-40 1.01670978e-39 1.29492424e-39 9.75849834e-40 1.01670978e-39 1.29492424e-39 9.49025278e-08 9.84782970e-08 1.24784265e-07
9.30000000e+03 9.82175741e-40 1.02179376e-39 1.29875173e-39 9.82175741e-40 1.02179376e-39 1.29875173e-39 9.67635146e-08 9.98722481e-08 1.27397976e-07
9.40000000e+03 9.88466096e-40 1.02685524e-39 1.30256515e-39 9.88466096e-40 1.02685524e-39 1.30256515e-39 9.91536157e-08 1.02898793e-07 1.29135170e-07
9.50000000e+03 9.94721159e-40 1.03189438e-39 1.30636457e-39 9.94721159e-40 1.03189438e-39 1.30636457e-39 1.01774795e-07 1.05714581e-07 1.33647739e-07
9.60000000e+03 1.00094119e-39 1.03691133e-39 1.31015006e-39 1.00094119e-39 1.03691133e-39 1.31015006e-39 1.04192091e-07 1.06404291e-07 1.35639207e-07
9.70000000e+03 1.00712645e-39 1.04190627e-39 1.31392171e-39 1.00712645e-39 1.04190627e-39 1.31392171e-39 1.05950940e-07 1.08369730e-07 1.37992826e-07
9.80000000e+03 1.01327720e-39 1.04687933e-39 1.31767958e-39 1.01327720e-39 1.04687933e-39 1.31767958e-39 1.08709201e-07 1.11233429e-07 1.39890934e-07
9.90000000e+03 1.01939370e-39 1.05183068e-39 1.32142374e-39 1.01939370e-39 1.05183068e-39 1.32142374e-39 1.10668327e-07 1.14510857e-07 1.42781266e-07
1.00000000e+04 1.02547620e-39 1.05676046e-39 1.32515427e-39 1.02547620e-39 1.05676046e-39 1.32515427e-39 1.13439684e-07 1.14902485e-07 1.44895267e-07
1.01000000e+04 1.03152498e-39 1.06166882e-39 1.32887123e-39 1.03152498e-39 1.06166882e-39 1.32887123e-39 1.15326605e-07 1.17349856e-07 1.48756720e-07
1.02000000e+04 1.03754027e-39 1.06655592e-39 1.33257469e-39 1.03754027e-39 1.06655592e-39 1.33257469e-39 1.18218754e-07 1.20478845e-07 1.51817110e-07
1.03000000e+04 1.04352235e-39 1.07142191e-39 1.33626472e-39 1.04352235e-39 1.07142191e-39 1.33626472e-39 1.20372005e-07 1.23140046e-07 1.53867554e-07
1.04000000e+04 1.04947146e-39 1.07626692e-39 1.33994139e-39 1.04947146e-39 1.07626692e-39 1.33994139e-39 1.22974077e-07 1.24398335e-07 1.56975348e-07
1.05000000e+04 1.05538787e-39 1.08109110e-39 1.34360475e-39 1.05538787e-39 1.08109110e-39 1.34360475e-39 1.25389296e-07 1.26994677e-07 1.59848720e-07
1.06000000e+04 1.06127182e-39 1.08589460e-39 1.34725488e-39 1.06127182e-39 1.08589460e-39 1.34725488e-39 1.28129354e-07 1.29292463e-07 1.62174448e-07
1.07000000e+04 1.06712357e-39 1.09067756e-39 1.35089183e-39 1.06712357e-39 1.09067756e-39 1.35089183e-39 1.30082805e-07 1.33430515e-07 1.64658059e-07
1.08000000e+04 1.07294337e-39 1.09544012e-39 1.35451567e-39 1.07294337e-39 1.09544012e-39 1.35451567e-39 1.32371833e-07 1.35607918e-07 1.67885957e-07
1.09000000e+04 1.07873146e-39 1.10018242e-39 1.35812646e-39 1.07873146e-39 1.10018242e-39 1.35812646e-39 1.35110278e-07 1.36713696e-07 1.68801420e-07
1.10000000e+04 1.08448811e-39 1.10490459e-39 1.36172426e-39 1.08448811e-39 1.10490459e-39 1.36172426e-39 1.37358676e-07 1.40248335e-07 1.71531558e-07
1.11000000e+04 1.09021354e-39 1.10960677e-39 1.36530913e-39 1.09021354e-39 1.10960677e-39 1.36530913e-39 1.41015037e-07 1.42411209e-07 1.75191104e-07
1.12000000e+04 1.09590802e-39 1.11428909e-39 1.36888112e-39 1.09590802e-39 1.11428909e-39 1.36888112e-39 1.43646665e-07 1.45505440e-07 1.78923391e-07
1.13000000e+04 1.10157178e-39 1.11895169e-39 1.37244031e-39 1.10157178e-39 1.11895169e-39 1.37244031e-39 1.45864551e-07 1.47020671e-07 1.80366604e-07
1.14000000e+04 1.10720506e-39 1.12359470e-39 1.37598674e-39 1.10720506e-39 1.12359470e-39 1.37598674e-39 1.49022647e-07 1.51212044e-07 1.85358138e-07
1.15000000e+04 1.11280810e-39 1.12821825e-39 1.37952048e-39 1.11280810e-39 1.12821825e-39 1.37952048e-39 1.51238655e-07 1.53618245e-07 1.88088231e-07
1.16000000e+04 1.11838115e-39 1.13282247e-39 1.38304157e-39 1.11838115e-39 1.13282247e-39 1.38304157e-39 1.54484216e-07 1.55579992e-07 1.88901868e-07
1.17000000e+04 1.12392444e-39 1.13740748e-39 1.38655008e-39 1.12392444e-39 1.13740748e-39 1.38655008e-39 1.56546905e-07 1.58302626e-07 1.91222339e-07
1.18000000e+04 1.12943820e-39 1.14197341e-39 1.39004607e-39 1.12943820e-39 1.14197341e-39 1.39004607e-39 1.59823397e-07 1.61114742e-07 1.96761390e-07
1.19000000e+04 1.13492267e-39 1.14652039e-39 1.39352957e-39 1.13492267e-39 1.14652039e-39 1.39352957e-39 1.62294799e-07 1.64710046e-07 1.99193575e-07
1.20000000e+04 1.14037808e-39 1.15104854e-39 1.39700066e-39 1.14037808e-39 1.15104854e-39 1.39700066e-39 1.64900999e-07 1.66596321e-07 2.02187314e-07
1.21000000e+04 1.14580466e-39 1.15555797e-39 1.40045938e-39 1.14580466e-39 1.15555797e-39 1.40045938e-39 1.68223703e-07 1.69781705e-07 2.04969454e-07
1.22000000e+04 1.15120263e-39 1.16004881e-39 1.40390580e-39 1.15120263e-39 1.16004881e-39 1.40390580e-39 1.70679112e-07 1.71557377e-07 2.08738398e-07
1.23000000e+04 1.15657222e-39 1.16452118e-39 1.40733995e-39 1.15657222e-39 1.16452118e-39 1.40733995e-39 1.74343839e-07 1.74102245e-07 2.09646925e-07
1.24000000e+04 1.16191366e-39 1.16897520e-39 1.41076189e-39 1.16191366e-39 1.16897520e-39 1.41076189e-39 1.76495686e-07 1.78406793e-07 2.15345398e-07
1.25000000e+04 1.16722717e-39 1.17341098e-39 1.41417169e-39 1.16722717e-39 1.17341098e-39 1.41417169e-39 1.79921446e-07 1.80811362e-07 2.18034131e-07
1.26000000e+04 1.17251296e-39 1.17782864e-39 1.41756938e-39 1.17251296e-39 1.17782864e-39 1.41756938e-39 1.83247984e-07 1.82292849e-07 2.20420454e-07
1.27000000e+04 1.17777125e-39 1.18222829e-39 1.42095501e-39 1.17777125e-39 1.18222829e-39 1.42095501e-39 1.85569473e-07 1.85778075e-07 2.24949478e-07
1.28000000e+04 1.18300226e-39 1.18661004e-39 1.42432865e-39 1.18300226e-39 1.18661004e-39 1.42432865e-39 1.89542420e-07 1.89956214e-07 2.25977552e-07
1.29000000e+04 1.18820621e-39 1.19097401e-39 1.42769034e-39 1.18820621e-39 1.19097401e-39 1.42769034e-39 1.92480242e-07 1.92770879e-07 2.31321667e-07
1.30000000e+04 1.19338330e-39 1.19532031e-39 1.43104013e-39 1.19338330e-39 1.19532031e-39 1.43104013e-39 1.95578023e-07 1.94510070e-07 2.33583455e-07
1.31000000e+04 1.19853375e-39 1.19964904e-39 1.43437807e-39 1.19853375e-39 1.19964904e-39 1.43437807e-39 1.98908276e-07 1.98075671e-07 2.37802949e-07
1.32000000e+04 1.20365776e-39 1.20396031e-39 1.43770422e-39 1.20365776e-39 1.20396031e-39 1.43770422e-39 2.01406449e-07 2.01690965e-07 2.40901279e-07
1.33000000e+04 1.20875554e-39 1.20825423e-39 1.44101861e-39 1.20875554e-39 1.20825423e-39 1.44101861e-39 2.04999245e-07 2.03541339e-07 2.41892809e-07
1.34000000e+04 1.21382730e-39 1.21253091e-39 1.44432130e-39 1.21382730e-39 1.21253091e-39 1.44432130e-39 2.07313248e-07 2.04864695e-07 2.47819319e-07
1.35000000e+04 1.21887323e-39 1.21679044e-39 1.44761233e-39 1.21887323e-39 1.21679044e-39 1.44761233e-39 2.10948403e-07 2.10673900e-07 2.50366778e-07
1.36000000e+04 1.22389353e-39 1.22103294e-39 1.45089176e-39 1.22389353e-39 1.22103294e-39 1.45089176e-39 2.14042214e-07 2.11816382e-07 2.54448094e-07
1.37000000e+04 1.22888841e-39 1.22525850e-39 1.45415964e-39 1.22888841e-39 1.22525850e-39 1.45415964e-39 2.17841874e-07 2.16038486e-07 2.56639720e-07
1.38000000e+04 1.23385806e-39 1.22946723e-39 1.45741600e-39 1.23385806e-39 1.22946723e-39 1.45741600e-39 2.21058431e-07 2.19453740e-07 2.60427868e-07
1.39000000e+04 1.23880267e-39 1.23365923e-39 1.46066091e-39 1.23880267e-39 1.23365923e-39 1.46066091e-39 2.23946657e-07 2.21025414e-07 2.61406595e-07
1.40000000e+04 1.24372245e-39 1.23783459e-39 1.46389440e-39 1.24372245e-39 1.23783459e-39 1.46389440e-39 2.26394814e-07 2.23107762e-07 2.67339919e-07
1.41000000e+04 1.24861756e-39 1.24199341e-39 1.46711652e-39 1.24861756e-39 1.24199341e-39 1.46711652e-39 2.31202121e-07 2.28601253e-07 2.70268614e-07
1.42000000e+04 1.25348822e-39 1.24613579e-39 1.47032732e-39 1.25348822e-39 1.24613579e-39 1.47032732e-39 2.34253952e-07 2.31950609e-07 2.74455322e-07
1.43000000e+04 1.25833460e-39 1.25026183e-39 1.47352684e-39 1.25833460e-39 1.25026183e-39 1.47352684e-39 2.36970837e-07 2.35853375e-07 2.76630651e-07
1.44000000e+04 1.26315689e-39 1.25437162e-39 1.47671514e-39 1.26315689e-39 1.25437162e-39 1.47671514e-39 2.41032993e-07 2.38062196e-07 2.81926731e-07
1.45000000e+04 1.26795527e-39 1.25846526e-39 1.47989226e-39 1.26795527e-39 1.25846526e-39 1.47989226e-39 2.45041617e-07 2.42695716e-07 2.82047248e-07
1.46000000e+04 1.27272992e-39 1.26254284e-39 1.48305823e-39 1.27272992e-39 1.26254284e-39 1.48305823e-39 2.47728687e-07 2.43438846e-07 2.87375655e-07
1.47000000e+04 1.27748102e-39 1.26660445e-39 1.48621312e-39 1.27748102e-39 1.26660445e-39 1.48621312e-39 2.51683461e-07 2.45565233e-07 2.91432993e-07
1.48000000e+04 1.28220875e-39 1.27065018e-39 1.48935696e-39 1.28220875e-39 1.27065018e-39 1.48935696e-39 2.54214998e-07 2.51732275e-07 2.93267821e-07
1.49000000e+04 1.28691329e-39 1.27468012e-39 1.49248979e-39 1.28691329e-39 1.27468012e-39 1.49248979e-39 2.57642863e-07 2.55900030e-07 3.00451699e-07
1.50000000e+04 1.29159481e-39 1.27869437e-39 1.49561167e-39 1.29159481e-39 1.27869437e-39 1.49561167e-39 2.62274886e-07 2.59970974e-07 3.02527283e-07
1.51000000e+04 1.29625348e-39 1.28269300e-39 1.49872264e-39 1.29625348e-39 1.28269300e-39 1.49872264e-39 2.66183964e-07 2.63282259e-07 3.07368628e-07
1.52000000e+04 1.30088947e-39 1.28667612e-39 1.50182274e-39 1.30088947e-39 1.28667612e-39 1.50182274e-39 2.69793719e-07 2.66533423e-07 3.08687426e-07
1.53000000e+04 1.30550296e-39 1.29064380e-39 1.50491201e-39 1.30550296e-39 1.29064380e-39 1.50491201e-39 2.73161880e-07 2.69699491e-07 3.12736212e-07
1.54000000e+04 1.31009410e-39 1.29459614e-39 1.50799051e-39 1.31009410e-39 1.29459614e-39 1.50799051e-39 2.76516754e-07 2.72799092e-07 3.16337207e-07
1.55000000e+04 1.31466306e-39 1.29853321e-39 1.51105826e-39 1.31466306e-39 1.29853321e-39 1.51105826e-39 2.79303068e-07 2.74580305e-07 3.21583005e-07
1.56000000e+04 1.31921002e-39 1.30245511e-39 1.51411533e-39 1.31921002e-39 1.30245511e-39 1.51411533e-39 2.83033581e-07 2.80028781e-07 3.26396288e-07
1.57000000e+04 1.32373512e-39 1.30636191e-39 1.51716174e-39 1.32373512e-39 1.30636191e-39 1.51716174e-39 2.88025864e-07 2.83958416e-07 3.29502043e-07
1.58000000e+04 1.32823853e-39 1.31025370e-39 1.52019755e-39 1.32823853e-39 1.31025370e-39 1.52019755e-39 2.89855988e-07 2.87171481e-07 3.33434676e-07
1.59000000e+04 1.33272041e-39 1.31413057e-39 1.52322279e-39 1.33272041e-39 1.31413057e-39 1.52322279e-39 2.95534712e-07 2.87909790e-07 3.37016807e-07
1.60000000e+04 1.33718091e-39 1.31799259e-39 1.52623750e-39 1.33718091e-39 1.31799259e-39 1.52623750e-39 2.98161589e-07 2.90631438e-07 3.40970249e-07
1.61000000e+04 1.34162020e-39 1.32183984e-39 1.52924174e-39 1.34162020e-39 1.32183984e-39 1.52924174e-39 3.02737011e-07 2.94420974e-07 3.40992879e-07
1.62000000e+04 1.34603842e-39 1.32567240e-39 1.53223555e-39 1.34603842e-39 1.32567240e-39 1.53223555e-39 3.05271321e-07 3.00968250e-07 3.49041272e-07
1.63000000e+04 1.35043572e-39 1.32949036e-39 1.53521895e-39 1.35043572e-39 1.32949036e-39 1.53521895e-39 3.09556699e-07 3.04772424e-07 3.48621406e-07
1.64000000e+04 1.35481227e-39 1.33329379e-39 1.53819201e-39 1.35481227e-39 1.33329379e-39 1.53819201e-39 3.13727120e-07 3.08582653e-07 3.53002415e-07
1.65000000e+04 1.35916820e-39 1.33708277e-39 1.54115475e-39 1.35916820e-39 1.33708277e-39 1.54115475e-39 3.17781516e-07 3.09529269e-07 3.58736268e-07
1.66000000e+04 1.36350367e-39 1.34085738e-39 1.54410722e-39 1.36350367e-39 1.34085738e-39 1.54410722e-39 3.22676477e-07 3.15377366e-07 3.63353634e-07
1.67000000e+04 1.36781881e-39 1.34461769e-39 1.54704946e-39 1.36781881e-39 1.34461769e-39 1.54704946e-39 3.24577800e-07 3.18969989e-07 3.68625429e-07
1.68000000e+04 1.37211379e-39 1.34836378e-39 1.54998152e-39 1.37211379e-39 1.34836378e-39 1.54998152e-39 3.30164074e-07 3.22550388e-07 3.71891890e-07
1.69000000e+04 1.37638873e-39 1.35209573e-39 1.55290343e-39 1.37638873e-39 1.35209573e-39 1.55290343e-39 3.33018594e-07 3.27966873e-07 3.73456863e-07
1.70000000e+04 1.38064378e-39 1.35581360e-39 1.55581523e-39 1.38064378e-39 1.35581360e-39 1.55581523e-39 3.36158894e-07 3.27769874e-07 3.78868879e-07
1.71000000e+04 1.38487908e-39 1.35951748e-39 1.55871696e-39 1.38487908e-39 1.35951748e-39 1.55871696e-39 3.42594992e-07 3.31124815e-07 3.85547076e-07
1.72000000e+04 1.38909478e-39 1.36320743e-39 1.56160868e-39 1.38909478e-39 1.36320743e-39 1.56160868e-39 3.45285256e-07 3.35259808e-07 3.87000361e-07
1.73000000e+04 1.39329100e-39 1.36688354e-39 1.56449040e-39 1.39329100e-39 1.36688354e-39 1.56449040e-39 3.49724665e-07 3.42706159e-07 3.88328082e-07
1.74000000e+04 1.39746788e-39 1.37054586e-39 1.56736218e-39 1.39746788e-39 1.37054586e-39 1.56736218e-39 3.54888033e-07 3.46510992e-07 3.92937701e-07
1.75000000e+04 1.40162557e-39 1.37419448e-39 1.57022406e-39 1.40162557e-39 1.37419448e-39 1.57022406e-39 3.58909300e-07 3.49845360e-07 3.96318080e-07
1.76000000e+04 1.40576418e-39 1.37782946e-39 1.57307607e-39 1.40576418e-39 1.37782946e-39 1.57307607e-39 3.62705068e-07 3.54804605e-07 4.02405509e-07
1.77000000e+04 1.40988386e-39 1.38145088e-39 1.57591826e-39 1.40988386e-39 1.38145088e-39 1.57591826e-39 3.66663717e-07 3.58173656e-07 4.04382808e-07
1.78000000e+04 1.41398473e-39 1.38505880e-39 1.57875066e-39 1.41398473e-39 1.38505880e-39 1.57875066e-39 3.70975440e-07 3.61623640e-07 4.14447649e-07
1.79000000e+04 1.41806693e-39 1.38865329e-39 1.58157331e-39 1.41806693e-39 1.38865329e-39 1.58157331e-39 3.74331221e-07 3.65847856e-07 4.16147598e-07
1.80000000e+04 1.42213058e-39 1.39223442e-39 1.58438626e-39 1.42213058e-39 1.39223442e-39 1.58438626e-39 3.78542189e-07 3.71533908e-07 4.21574310e-07
1.81000000e+04 1.42617580e-39 1.39580227e-39 1.58718953e-39 1.42617580e-39 1.39580227e-39 1.58718953e-39 3.82631974e-07 3.74664273e-07 4.25995179e-07
1.82000000e+04 1.43020274e-39 1.39935689e-39 1.58998318e-39 1.43020274e-39 1.39935689e-39 1.58998318e-39 3.87801461e-07 3.78054435e-07 4.31580266e-07
1.83000000e+04 1.43421150e-39 1.40289835e-39 1.59276723e-39 1.43421150e-39 1.40289835e-39 1.59276723e-39 3.92769649e-07 3.84121939e-07 4.34573153e-07
1.84000000e+04 1.43820221e-39 1.40642673e-39 1.59554173e-39 1.43820221e-39 1.40642673e-39 1.59554173e-39 3.97027203e-07 3.84880353e-07 4.33875527e-07
1.85000000e+04 1.44217500e-39 1.40994208e-39 1.59830672e-39 1.44217500e-39 1.40994208e-39 1.59830672e-39 4.00285698e-07 3.86000528e-07 4.38968326e-07
1.86000000e+04 1.44612998e-39 1.41344447e-39 1.60106223e-39 1.44612998e-39 1.41344447e-39 1.60106223e-39 4.03918572e-07 3.91759245e-07 4.47713611e-07
1.87000000e+04 1.45006727e-39 1.41693397e-39 1.60380830e-39 1.45006727e-39 1.41693397e-39 1.60380830e-39 4.07939876e-07 3.96528616e-07 4.53058676e-07
1.88000000e+04 1.45398700e-39 1.42041064e-39 1.60654496e-39 1.45398700e-39 1.42041064e-39 1.60654496e-39 4.14820127e-07 4.03082623e-07 4.57101274e-07
1.89000000e+04 1.45788928e-39 1.42387454e-39 1.60927227e-39 1.45788928e-39 1.42387454e-39 1.60927227e-39 4.19024470e-07 4.05292446e-07 4.61049662e-07
1.90000000e+04 1.46177422e-39 1.42732575e-39 1.61199025e-39 1.46177422e-39 1.42732575e-39 1.61199025e-39 4.23687567e-07 4.09252919e-07 4.62632578e-07
1.91000000e+04 1.46564194e-39 1.43076431e-39 1.61469894e-39 1.46564194e-39 1.43076431e-39 1.61469894e-39 4.26835550e-07 4.13552163e-07 4.71119917e-07
1.92000000e+04 1.46949256e-39 1.43419030e-39 1.61739837e-39 1.46949256e-39 1.43419030e-39 1.61739837e-39 4.31719861e-07 4.19854423e-07 4.74988423e-07
1.93000000e+04 1.47332618e-39 1.43760377e-39 1.62008860e-39 1.47332618e-39 1.43760377e-39 1.62008860e-39 4.36167196e-07 4.21908265e-07 4.78794850e-07
1.94000000e+04 1.47714293e-39 1.44100479e-39 1.62276964e-39 1.47714293e-39 1.44100479e-39 1.62276964e-39 4.40433806e-07 4.25665233e-07 4.82606225e-07
1.95000000e+04 1.48094290e-39 1.44439342e-39 1.62544154e-39 1.48094290e-39 1.44439342e-39 1.62544154e-39 4.45482454e-07 4.30619247e-07 4.86898711e-07
1.96000000e+04 1.48472621e-39 1.44776972e-39 1.62810434e-39 1.48472621e-39 1.44776972e-39 1.62810434e-39 4.50496550e-07 4.35325397e-07 4.90063496e-07
1.97000000e+04 1.48849297e-39 1.45113374e-39 1.63075807e-39 1.48849297e-39 1.45113374e-39 1.63075807e-39 4.53157010e-07 4.42145231e-07 4.98452781e-07
1.98000000e+04 1.49224328e-39 1.45448556e-39 1.63340277e-39 1.49224328e-39 1.45448556e-39 1.63340277e-39 4.60087539e-07 4.46760191e-07 5.02273501e-07
1.99000000e+04 1.49597725e-39 1.45782522e-39 1.63603847e-39 1.49597725e-39 1.45782522e-39 1.63603847e-39 4.64748102e-07 4.51401827e-07 5.05461580e-07
2.00000000e+04 1.49969498e-39 1.46115279e-39 1.63866521e-39 1.49969498e-39 1.46115279e-39 1.63866521e-39 4.68786453e-07 4.55616418e-07 5.07220078e-07
2.01000000e+04 1.50339659e-39 1.46446832e-39 1.64128303e-39 1.50339659e-39 1.46446832e-39 1.64128303e-39 4.71129478e-07 4.58406061e-07 5.16922079e-07
2.02000000e+04 1.50708217e-39 1.46777187e-39 1.64389195e-39 1.50708217e-39 1.46777187e-39 1.64389195e-39 4.76053215e-07 4.62434086e-07 5.20984261e-07
2.03000000e+04 1.51075183e-39 1.47106351e-39 1.64649203e-39 1.51075183e-39 1.47106351e-39 1.64649203e-39 4.83085208e-07 4.64137328e-07 5.25539853e-07
2.04000000e+04 1.51440566e-39 1.47434328e-39 1.64908328e-39 1.51440566e-39 1.47434328e-39 1.64908328e-39 4.86916062e-07 4.73587888e-07 5.31354278e-07
2.05000000e+04 1.51804377e-39 1.47761125e-39 1.65166575e-39 1.51804377e-39 1.47761125e-39 1.65166575e-39 4.92794738e-07 4.76969995e-07 5.36349514e-07
2.06000000e+04 1.52166626e-39 1.48086747e-39 1.65423948e-39 1.52166626e-39 1.48086747e-39 1.65423948e-39 4.97715228e-07 4.82357538e-07 5.40866542e-07
2.07000000e+04 1.52527322e-39 1.48411200e-39 1.65680448e-39 1.52527322e-39 1.48411200e-39 1.65680448e-39 5.02414951e-07 4.88607132e-07 5.43217496e-07
2.08000000e+04 1.52886475e-39 1.48734488e-39 1.65936082e-39 1.52886475e-39 1.48734488e-39 1.65936082e-39 5.07468074e-07 4.93280179e-07 5.48884870e-07
2.09000000e+04 1.53244096e-39 1.49056619e-39 1.66190850e-39 1.53244096e-39 1.49056619e-39 1.66190850e-39 5.09318085e-07 4.97589532e-07 5.53810669e-07
2.10000000e+04 1.53600193e-39 1.49377597e-39 1.66444758e-39 1.53600193e-39 1.49377597e-39 1.66444758e-39 5.15489193e-07 4.99942966e-07 5.57510708e-07
2.11000000e+04 1.53954776e-39 1.49697427e-39 1.66697808e-39 1.53954776e-39 1.49697427e-39 1.66697808e-39 5.20596950e-07 5.06414108e-07 5.62715931e-07
2.12000000e+04 1.54307855e-39 1.50016115e-39 1.66950004e-39 1.54307855e-39 1.50016115e-39 1.66950004e-39 5.26427988e-07 5.06926093e-07 5.67993324e-07
2.13000000e+04 1.54659438e-39 1.50333667e-39 1.67201349e-39 1.54659438e-39 1.50333667e-39 1.67201349e-39 5.28082792e-07 5.10825736e-07 5.72502141e-07
2.14000000e+04 1.55009535e-39 1.50650088e-39 1.67451847e-39 1.55009535e-39 1.50650088e-39 1.67451847e-39 5.34815889e-07 5.20621522e-07 5.75377632e-07
2.15000000e+04 1.55358156e-39 1.50965383e-39 1.67701501e-39 1.55358156e-39 1.50965383e-39 1.67701501e-39 5.39693319e-07 5.23385411e-07 5.80183567e-07
2.16000000e+04 1.55705309e-39 1.51279557e-39 1.67950314e-39 1.55705309e-39 1.51279557e-39 1.67950314e-39 5.43231824e-07 5.28408569e-07 5.89243967e-07
2.17000000e+04 1.56051003e-39 1.51592615e-39 1.68198290e-39 1.56051003e-39 1.51592615e-39 1.68198290e-39 5.48123141e-07 5.35952833e-07 5.91534766e-07
2.18000000e+04 1.56395247e-39 1.51904563e-39 1.68445432e-39 1.56395247e-39 1.51904563e-39 1.68445432e-39 5.55075250e-07 5.40512527e-07 5.98192159e-07
2.19000000e+04 1.56738050e-39 1.52215406e-39 1.68691744e-39 1.56738050e-39 1.52215406e-39 1.68691744e-39 5.57997402e-07 5.37821639e-07 6.03797829e-07
2.20000000e+04 1.57079421e-39 1.52525149e-39 1.68937227e-39 1.57079421e-39 1.52525149e-39 1.68937227e-39 5.63642696e-07 5.44974633e-07 6.06642039e-07
2.21000000e+04 1.57419368e-39 1.52833798e-39 1.69181887e-39 1.57419368e-39 1.52833798e-39 1.69181887e-39 5.70294595e-07 5.55177270e-07 6.09835090e-07
2.22000000e+04 1.57757900e-39 1.53141356e-39 1.69425726e-39 1.57757900e-39 1.53141356e-39 1.69425726e-39 5.74994866e-07 5.52287209e-07 6.17902244e-07
2.23000000e+04 1.58095025e-39 1.53447829e-39 1.69668748e-39 1.58095025e-39 1.53447829e-39 1.69668748e-39 5.78868636e-07 5.62818982e-07 6.22344113e-07
2.24000000e+04 1.58430752e-39 1.53753223e-39 1.69910955e-39 1.58430752e-39 1.53753223e-39 1.69910955e-39 5.83822703e-07 5.68665730e-07 6.29086827e-07
2.25000000e+04 1.58765090e-39 1.54057541e-39 1.70152350e-39 1.58765090e-39 1.54057541e-39 1.70152350e-39 5.92794726e-07 5.73007134e-07 6.34915025e-07
2.26000000e+04 1.59098046e-39 1.54360790e-39 1.70392938e-39 1.59098046e-39 1.54360790e-39 1.70392938e-39 5.97391407e-07 5.77442427e-07 6.35420894e-07
2.27000000e+04 1.59429629e-39 1.54662974e-39 1.70632722e-39 1.59429629e-39 1.54662974e-39 1.70632722e-39 6.03219064e-07 5.79983140e-07 6.45950776e-07
2.28000000e+04 1.59759847e-39 1.54964097e-39 1.70871703e-39 1.59759847e-39 1.54964097e-39 1.70871703e-39 6.05453505e-07 5.85685590e-07 6.42497875e-07
2.29000000e+04 1.60088707e-39 1.55264165e-39 1.71109887e-39 1.60088707e-39 1.55264165e-39 1.71109887e-39 6.13501802e-07 5.91883321e-07 6.47515255e-07
2.30000000e+04 1.60416219e-39 1.55563182e-39 1.71347275e-39 1.60416219e-39 1.55563182e-39 1.71347275e-39 6.18121297e-07 5.97422266e-07 6.53258848e-07
2.31000000e+04 1.60742390e-39 1.55861153e-39 1.71583871e-39 1.60742390e-39 1.55861153e-39 1.71583871e-39 6.21793719e-07 6.04223610e-07 6.65777138e-07
2.32000000e+04 1.61067227e-39 1.56158083e-39 1.71819678e-39 1.61067227e-39 1.56158083e-39 1.71819678e-39 6.29054083e-07 6.07650928e-07 6.71696358e-07
2.33000000e+04 1.61390739e-39 1.56453977e-39 1.72054699e-39 1.61390739e-39 1.56453977e-39 1.72054699e-39 6.33086381e-07 6.11361098e-07 6.75991304e-07
2.34000000e+04 1.61712933e-39 1.56748839e-39 1.72288938e-39 1.61712933e-39 1.56748839e-39 1.72288938e-39 6.38618857e-07 6.18247071e-07 6.78846271e-07
2.35000000e+04 1.62033817e-39 1.57042674e-39 1.72522397e-39 1.62033817e-39 1.57042674e-39 1.72522397e-39 6.43026498e-07 6.19855786e-07 6.87463571e-07
2.36000000e+04 1.62353399e-39 1.57335486e-39 1.72755079e-39 1.62353399e-39 1.57335486e-39 1.72755079e-39 6.50043932e-07 6.30792361e-07 6.91302420e-07
2.37000000e+04 1.62671685e-39 1.57627281e-39 1.72986988e-39 1.62671685e-39 1.57627281e-39 1.72986988e-39 6.56839721e-07 6.33951109e-07 6.92445845e-07
2.38000000e+04 1.62988684e-39 1.57918062e-39 1.73218127e-39 1.62988684e-39 1.57918062e-39 1.73218127e-39 6.61701781e-07 6.41348837e-07 7.02822225e-07
2.39000000e+04 1.63304404e-39 1.58207834e-39 1.73448498e-39 1.63304404e-39 1.58207834e-39 1.73448498e-39 6.65863688e-07 6.46932227e-07 7.06353834e-07
2.40000000e+04 1.63618850e-39 1.58496602e-39 1.73678104e-39 1.63618850e-39 1.58496602e-39 1.73678104e-39 6.71120036e-07 6.46512861e-07 7.08966600e-07
2.41000000e+04 1.63932031e-39 1.58784370e-39 1.73906949e-39 1.63932031e-39 1.58784370e-39 1.73906949e-39 6.75389531e-07 6.57551672e-07 7.19447776e-07
2.42000000e+04 1.64243954e-39 1.59071143e-39 1.74135036e-39 1.64243954e-39 1.59071143e-39 1.74135036e-39 6.82065549e-07 6.59299128e-07 7.23335920e-07
2.43000000e+04 1.64554625e-39 1.59356925e-39 1.74362368e-39 1.64554625e-39 1.59356925e-39 1.74362368e-39 6.89633759e-07 6.61912927e-07 7.22610560e-07
2.44000000e+04 1.64864053e-39 1.59641720e-39 1.74588946e-39 1.64864053e-39 1.59641720e-39 1.74588946e-39 6.92268549e-07 6.73223422e-07 7.33342565e-07
2.45000000e+04 1.65172244e-39 1.59925533e-39 1.74814776e-39 1.65172244e-39 1.59925533e-39 1.74814776e-39 7.00111275e-07 6.76885078e-07 7.36875026e-07
2.46000000e+04 1.65479204e-39 1.60208368e-39 1.75039859e-39 1.65479204e-39 1.60208368e-39 1.75039859e-39 7.05048384e-07 6.84166244e-07 7.46162198e-07
2.47000000e+04 1.65784942e-39 1.60490230e-39 1.75264198e-39 1.65784942e-39 1.60490230e-39 1.75264198e-39 7.11812865e-07 6.79333611e-07 7.43259321e-07
2.48000000e+04 1.66089464e-39 1.60771122e-39 1.75487796e-39 1.66089464e-39 1.60771122e-39 1.75487796e-39 7.14455809e-07 6.86045853e-07 7.53418556e-07
2.49000000e+04 1.66392776e-39 1.61051050e-39 1.75710657e-39 1.66392776e-39 1.61051050e-39 1.75710657e-39 7.23180826e-07 6.90206591e-07 7.63450796e-07
2.50000000e+04 1.66694886e-39 1.61330016e-39 1.75932783e-39 1.66694886e-39 1.61330016e-39 1.75932783e-39 7.28822993e-07 7.01394782e-07 7.62162909e-07
2.51000000e+04 1.66995799e-39 1.61608026e-39 1.76154177e-39 1.66995799e-39 1.61608026e-39 1.76154177e-39 7.34114947e-07 7.08072110e-07 7.73651037e-07
2.52000000e+04 1.67295524e-39 1.61885084e-39 1.76374841e-39 1.67295524e-39 1.61885084e-39 1.76374841e-39 7.37621556e-07 7.10273103e-07 7.78505406e-07
2.53000000e+04 1.67594066e-39 1.62161193e-39 1.76594779e-39 1.67594066e-39 1.62161193e-39 1.76594779e-39 7.45614466e-07 7.19205369e-07 7.82340100e-07
2.54000000e+04 1.67891431e-39 1.62436358e-39 1.76813994e-39 1.67891431e-39 1.62436358e-39 1.76813994e-39 7.49978135e-07 7.24914162e-07 7.85251512e-07
2.55000000e+04 1.68187627e-39 1.62710583e-39 1.77032488e-39 1.68187627e-39 1.62710583e-39 1.77032488e-39 7.57278690e-07 7.27742060e-07 7.96779913e-07
2.56000000e+04 1.68482660e-39 1.62983873e-39 1.77250264e-39 1.68482660e-39 1.62983873e-39 1.77250264e-39 7.63651423e-07 7.34564312e-07 7.96448614e-07
2.57000000e+04 1.68776536e-39 1.63256231e-39 1.77467326e-39 1.68776536e-39 1.63256231e-39 1.77467326e-39 7.67326047e-07 7.39446867e-07 8.08328655e-07
2.58000000e+04 1.69069261e-39 1.63527660e-39 1.77683674e-39 1.69069261e-39 1.63527660e-39 1.77683674e-39 7.71157263e-07 7.41608010e-07 8.11901265e-07
2.59000000e+04 1.69360842e-39 1.63798166e-39 1.77899314e-39 1.69360842e-39 1.63798166e-39 1.77899314e-39 7.81085021e-07 7.53997160e-07 8.19597716e-07
2.60000000e+04 1.69651285e-39 1.64067753e-39 1.78114247e-39 1.69651285e-39 1.64067753e-39 1.78114247e-39 7.85059054e-07 7.60709879e-07 8.22727194e-07
2.61000000e+04 1.69940597e-39 1.64336423e-39 1.78328475e-39 1.69940597e-39 1.64336423e-39 1.78328475e-39 7.90175597e-07 7.65884120e-07 8.31046576e-07
2.62000000e+04 1.70228782e-39 1.64604182e-39 1.78542003e-39 1.70228782e-39 1.64604182e-39 1.78542003e-39 7.97039297e-07 7.68819035e-07 8.37530060e-07
2.63000000e+04 1.70515848e-39 1.64871033e-39 1.78754832e-39 1.70515848e-39 1.64871033e-39 1.78754832e-39 8.04131736e-07 7.76923692e-07 8.35197955e-07
2.64000000e+04 1.70801801e-39 1.65136979e-39 1.78966965e-39 1.70801801e-39 1.65136979e-39 1.78966965e-39 8.06354456e-07 7.73667270e-07 8.48293309e-07
2.65000000e+04 1.71086646e-39 1.65402026e-39 1.79178406e-39 1.71086646e-39 1.65402026e-39 1.79178406e-39 8.14845656e-07 7.86604606e-07 8.55069411e-07
2.66000000e+04 1.71370389e-39 1.65666176e-39 1.79389155e-39 1.71370389e-39 1.65666176e-39 1.79389155e-39 8.20190014e-07 7.94389950e-07 8.60240318e-07
2.67000000e+04 1.71653036e-39 1.65929434e-39 1.79599218e-39 1.71653036e-39 1.65929434e-39 1.79599218e-39 8.25442728e-07 7.96550513e-07 8.62374361e-07
2.68000000e+04 1.71934594e-39 1.66191803e-39 1.79808595e-39 1.71934594e-39 1.66191803e-39 1.79808595e-39 8.33002900e-07 8.03606491e-07 8.69125062e-07
2.69000000e+04 1.72215067e-39 1.66453288e-39 1.80017290e-39 1.72215067e-39 1.66453288e-39 1.80017290e-39 8.37455255e-07 8.02141429e-07 8.68005781e-07
2.70000000e+04 1.72494462e-39 1.66713891e-39 1.80225305e-39 1.72494462e-39 1.66713891e-39 1.80225305e-39 8.45257936e-07 8.14993118e-07 8.79198552e-07
2.71000000e+04 1.72772785e-39 1.66973617e-39 1.80432643e-39 1.72772785e-39 1.66973617e-39 1.80432643e-39 8.50798445e-07 8.20292399e-07 8.82614493e-07
2.72000000e+04 1.73050040e-39 1.67232469e-39 1.80639306e-39 1.73050040e-39 1.67232469e-39 1.80639306e-39 8.58745091e-07 8.29775198e-07 8.90552320e-07
2.73000000e+04 1.73326234e-39 1.67490452e-39 1.80845298e-39 1.73326234e-39 1.67490452e-39 1.80845298e-39 8.63962622e-07 8.30152971e-07 9.02568192e-07
2.74000000e+04 1.73601373e-39 1.67747568e-39 1.81050620e-39 1.73601373e-39 1.67747568e-39 1.81050620e-39 8.67662548e-07 8.41227120e-07 9.08829738e-07
2.75000000e+04 1.73875461e-39 1.68003822e-39 1.81255276e-39 1.73875461e-39 1.68003822e-39 1.81255276e-39 8.71647149e-07 8.46159624e-07 9.13135219e-07
2.76000000e+04 1.74148504e-39 1.68259217e-39 1.81459268e-39 1.74148504e-39 1.68259217e-39 1.81459268e-39 8.83345755e-07 8.44549217e-07 9.20458485e-07
2.77000000e+04 1.74420509e-39 1.68513756e-39 1.81662598e-39 1.74420509e-39 1.68513756e-39 1.81662598e-39 8.88634095e-07 8.56876723e-07 9.25306279e-07
2.78000000e+04 1.74691479e-39 1.68767444e-39 1.81865269e-39 1.74691479e-39 1.68767444e-39 1.81865269e-39 8.94283030e-07 8.62285185e-07 9.23959341e-07
2.79000000e+04 1.74961421e-39 1.69020284e-39 1.82067284e-39 1.74961421e-39 1.69020284e-39 1.82067284e-39 8.97052511e-07 8.70511002e-07 9.34863731e-07
2.80000000e+04 1.75230340e-39 1.69272279e-39 1.82268644e-39 1.75230340e-39 1.69272279e-39 1.82268644e-39 9.07954582e-07 8.74624117e-07 9.41070702e-07
2.81000000e+04 1.75498241e-39 1.69523433e-39 1.82469354e-39 1.75498241e-39 1.69523433e-39 1.82469354e-39 9.14640561e-07 8.73791311e-07 9.45398522e-07
2.82000000e+04 1.75765130e-39 1.69773750e-39 1.82669414e-39 1.75765130e-39 1.69773750e-39 1.82669414e-39 9.16125061e-07 8.82518470e-07 9.45198019e-07
2.83000000e+04 1.76031011e-39 1.70023233e-39 1.82868829e-39 1.76031011e-39 1.70023233e-39 1.82868829e-39 9.27403443e-07 8.95728248e-07 9.63480817e-07
2.84000000e+04 1.76295890e-39 1.70271886e-39 1.83067599e-39 1.76295890e-39 1.70271886e-39 1.83067599e-39 9.33290616e-07 8.96723261e-07 9.64839858e-07
2.85000000e+04 1.76559772e-39 1.70519711e-39 1.83265728e-39 1.76559772e-39 1.70519711e-39 1.83265728e-39 9.37067291e-07 9.07217717e-07 9.75094283e-07
2.86000000e+04 1.76822662e-39 1.70766713e-39 1.83463218e-39 1.76822662e-39 1.70766713e-39 1.83463218e-39 9.42776272e-07 9.13366235e-07 9.73451503e-07
2.87000000e+04 1.77084565e-39 1.71012895e-39 1.83660071e-39 1.77084565e-39 1.71012895e-39 1.83660071e-39 9.50976460e-07 9.16717386e-07 9.85485872e-07
2.88000000e+04 1.77345487e-39 1.71258260e-39 1.83856291e-39 1.77345487e-39 1.71258260e-39 1.83856291e-39 9.54737467e-07 9.25617997e-07 9.93387036e-07
2.89000000e+04 1.77605431e-39 1.71502812e-39 1.84051879e-39 1.77605431e-39 1.71502812e-39 1.84051879e-39 9.63125002e-07 9.30999414e-07 9.95483809e-07
2.90000000e+04 1.77864404e-39 1.71746554e-39 1.84246837e-39 1.77864404e-39 1.71746554e-39 1.84246837e-39 9.71234018e-07 9.34748967e-07 1.00299330e-06
2.91000000e+04 1.78122410e-39 1.71989489e-39 1.84441169e-39 1.78122410e-39 1.71989489e-39 1.84441169e-39 9.75607175e-07 9.44082420e-07 1.00877472e-06
2.92000000e+04 1.78379454e-39 1.72231621e-39 1.84634877e-39 1.78379454e-39 1.72231621e-39 1.84634877e-39 9.78481496e-07 9.46070572e-07 1.01506898e-06
2.93000000e+04 1.78635541e-39 1.72472954e-39 1.84827962e-39 1.78635541e-39 1.72472954e-39 1.84827962e-39 9.85093295e-07 9.52090586e-07 1.01690942e-06
2.94000000e+04 1.78890675e-39 1.72713489e-39 1.85020428e-39 1.78890675e-39 1.72713489e-39 1.85020428e-39 9.97876491e-07 9.58669097e-07 1.02367110e-06
2.95000000e+04 1.79144861e-39 1.72953232e-39 1.85212277e-39 1.79144861e-39 1.72953232e-39 1.85212277e-39 1.00258900e-06 9.69926658e-07 1.02767873e-06
2.96000000e+04 1.79398105e-39 1.73192184e-39 1.85403510e-39 1.79398105e-39 1.73192184e-39 1.85403510e-39 1.00845935e-06 9.70454093e-07 1.03310077e-06
2.97000000e+04 1.79650411e-39 1.73430349e-39 1.85594132e-39 1.79650411e-39 1.73430349e-39 1.85594132e-39 1.01650905e-06 9.80797071e-07 1.04740845e-06
2.98000000e+04 1.79901783e-39 1.73667731e-39 1.85784143e-39 1.79901783e-39 1.73667731e-39 1.85784143e-39 1.02385606e-06 9.86290750e-07 1.05623702e-06
2.99000000e+04 1.80152227e-39 1.73904333e-39 1.85973546e-39 1.80152227e-39 1.73904333e-39 1.85973546e-39 1.02731059e-06 9.94129526e-07 1.06237744e-06
3.00000000e+04 1.80401746e-39 1.74140157e-39 1.86162343e-39 1.80401746e-39 1.74140157e-39 1.86162343e-39 1.03713531e-06 9.99522806e-07 1.06110767e-06
3.01000000e+04 1.80650345e-39 1.74375207e-39 1.86350538e-39 1.80650345e-39 1.74375207e-39 1.86350538e-39 1.04176240e-06 1.00163095e-06 1.06944031e-06
3.02000000e+04 1.80898030e-39 1.74609487e-39 1.86538131e-39 1.80898030e-39 1.74609487e-39 1.86538131e-39 1.04892712e-06 1.00713706e-06 1.07842712e-06
3.03000000e+04 1.81144804e-39 1.74842999e-39 1.86725126e-39 1.81144804e-39 1.74842999e-39 1.86725126e-39 1.05102531e-06 1.01563749e-06 1.08545559e-06
3.04000000e+04 1.81390672e-39 1.75075746e-39 1.86911524e-39 1.81390672e-39 1.75075746e-39 1.86911524e-39 1.06390455e-06 1.01941384e-06 1.08320526e-06
3.05000000e+04 1.81635638e-39 1.75307732e-39 1.87097329e-39 1.81635638e-39 1.75307732e-39 1.87097329e-39 1.06692828e-06 1.02511128e-06 1.09418869e-06
3.06000000e+04 1.81879708e-39 1.75538959e-39 1.87282541e-39 1.81879708e-39 1.75538959e-39 1.87282541e-39 1.07568040e-06 1.03405889e-06 1.10942642e-06
3.07000000e+04 1.82122884e-39 1.75769432e-39 1.87467164e-39 1.82122884e-39 1.75769432e-39 1.87467164e-39 1.08030562e-06 1.04620083e-06 1.11317746e-06
3.08000000e+04 1.82365172e-39 1.75999152e-39 1.87651199e-39 1.82365172e-39 1.75999152e-39 1.87651199e-39 1.08861091e-06 1.04580100e-06 1.12263522e-06
3.09000000e+04 1.82606576e-39 1.76228123e-39 1.87834649e-39 1.82606576e-39 1.76228123e-39 1.87834649e-39 1.09711321e-06 1.05557959e-06 1.12364732e-06
3.10000000e+04 1.82847100e-39 1.76456348e-39 1.88017516e-39 1.82847100e-39 1.76456348e-39 1.88017516e-39 1.09689288e-06 1.05928895e-06 1.12804865e-06
3.11000000e+04 1.83086749e-39 1.76683830e-39 1.88199803e-39 1.83086749e-39 1.76683830e-39 1.88199803e-39 1.10998961e-06 1.06755579e-06 1.12670954e-06
3.12000000e+04 1.83325526e-39 1.76910572e-39 1.88381511e-39 1.83325526e-39 1.76910572e-39 1.88381511e-39 1.11758388e-06 1.07629466e-06 1.14141063e-06
3.13000000e+04 1.83563437e-39 1.77136576e-39 1.88562643e-39 1.83563437e-39 1.77136576e-39 1.88562643e-39 1.12384220e-06 1.08293878e-06 1.14356738e-06
3.14000000e+04 1.83800484e-39 1.77361847e-39 1.88743200e-39 1.83800484e-39 1.77361847e-39 1.88743200e-39 1.13112863e-06 1.08923171e-06 1.15530243e-06
3.15000000e+04 1.84036673e-39 1.77586387e-39 1.88923186e-39 1.84036673e-39 1.77586387e-39 1.88923186e-39 1.13123913e-06 1.09835568e-06 1.16822741e-06
3.16000000e+04 1.84272007e-39 1.77810198e-39 1.89102601e-39 1.84272007e-39 1.77810198e-39 1.89102601e-39 1.14176197e-06 1.10506092e-06 1.16714329e-06
3.17000000e+04 1.84506491e-39 1.78033284e-39 1.89281449e-39 1.84506491e-39 1.78033284e-39 1.89281449e-39 1.14930391e-06 1.09990019e-06 1.17103899e-06
3.18000000e+04 1.84740128e-39 1.78255648e-39 1.89459732e-39 1.84740128e-39 1.78255648e-39 1.89459732e-39 1.15257080e-06 1.11855758e-06 1.18838840e-06
3.19000000e+04 1.84972923e-39 1.78477292e-39 1.89637451e-39 1.84972923e-39 1.78477292e-39 1.89637451e-39 1.15981436e-06 1.12417552e-06 1.19363959e-06
3.20000000e+04 1.85204880e-39 1.78698220e-39 1.89814609e-39 1.85204880e-39 1.78698220e-39 1.89814609e-39 1.17169648e-06 1.13105184e-06 1.19612163e-06
3.21000000e+04 1.85436003e-39 1.78918434e-39 1.89991207e-39 1.85436003e-39 1.78918434e-39 1.89991207e-39 1.17868382e-06 1.13134830e-06 1.19892600e-06
3.22000000e+04 1.85666295e-39 1.79137937e-39 1.90167249e-39 1.85666295e-39 1.79137937e-39 1.90167249e-39 1.18662511e-06 1.14147348e-06 1.21000211e-06
3.23000000e+04 1.85895761e-39 1.79356732e-39 1.90342735e-39 1.85895761e-39 1.79356732e-39 1.90342735e-39 1.19277296e-06 1.14798142e-06 1.21250410e-06
3.24000000e+04 1.86124404e-39 1.79574822e-39 1.90517669e-39 1.86124404e-39 1.79574822e-39 1.90517669e-39 1.19682338e-06 1.15781268e-06 1.22574608e-06
3.25000000e+04 1.86352229e-39 1.79792209e-39 1.90692052e-39 1.86352229e-39 1.79792209e-39 1.90692052e-39 1.20715078e-06 1.16544866e-06 1.23406764e-06
3.26000000e+04 1.86579239e-39 1.80008897e-39 1.90865886e-39 1.86579239e-39 1.80008897e-39 1.90865886e-39 1.21178928e-06 1.16867463e-06 1.23015474e-06
3.27000000e+04 1.86805438e-39 1.80224888e-39 1.91039173e-39 1.86805438e-39 1.80224888e-39 1.91039173e-39 1.21492032e-06 1.16340007e-06 1.24443045e-06
3.28000000e+04 1.87030830e-39 1.80440185e-39 1.91211916e-39 1.87030830e-39 1.80440185e-39 1.91211916e-39 1.22879393e-06 1.17799978e-06 1.25241622e-06
3.29000000e+04 1.87255418e-39 1.80654791e-39 1.91384116e-39 1.87255418e-39 1.80654791e-39 1.91384116e-39 1.23351414e-06 1.18401798e-06 1.25118266e-06
3.30000000e+04 1.87479208e-39 1.80868708e-39 1.91555776e-39 1.87479208e-39 1.80868708e-39 1.91555776e-39 1.24064755e-06 1.19936595e-06 1.27069705e-06
3.31000000e+04 1.87702201e-39 1.81081939e-39 1.91726897e-39 1.87702201e-39 1.81081939e-39 1.91726897e-39 1.24754379e-06 1.19698187e-06 1.27500811e-06
3.32000000e+04 1.87924402e-39 1.81294488e-39 1.91897481e-39 1.87924402e-39 1.81294488e-39 1.91897481e-39 1.25817152e-06 1.20667994e-06 1.28343554e-06
3.33000000e+04 1.88145816e-39 1.81506355e-39 1.92067531e-39 1.88145816e-39 1.81506355e-39 1.92067531e-39 1.26433404e-06 1.21960460e-06 1.28399444e-06
3.34000000e+04 1.88366444e-39 1.81717546e-39 1.92237049e-39 1.88366444e-39 1.81717546e-39 1.92237049e-39 1.27084429e-06 1.22617699e-06 1.28898835e-06
3.35000000e+04 1.88586291e-39 1.81928061e-39 1.92406036e-39 1.88586291e-39 1.81928061e-39 1.92406036e-39 1.27809573e-06 1.22213426e-06 1.29839035e-06
3.36000000e+04 1.88805361e-39 1.82137903e-39 1.92574494e-39 1.88805361e-39 1.82137903e-39 1.92574494e-39 1.28441731e-06 1.24058640e-06 1.30806051e-06
3.37000000e+04 1.89023657e-39 1.82347076e-39 1.92742426e-39 1.89023657e-39 1.82347076e-39 1.92742426e-39 1.28578758e-06 1.24861148e-06 1.31055904e-06
3.38000000e+04 1.89241183e-39 1.82555582e-39 1.92909833e-39 1.89241183e-39 1.82555582e-39 1.92909833e-39 1.29855709e-06 1.25153748e-06 1.32666619e-06
3.39000000e+04 1.89457942e-39 1.82763424e-39 1.93076718e-39 1.89457942e-39 1.82763424e-39 1.93076718e-39 1.30232972e-06 1.25624667e-06 1.33095962e-06
3.40000000e+04 1.89673938e-39 1.82970603e-39 1.93243081e-39 1.89673938e-39 1.82970603e-39 1.93243081e-39 1.31500744e-06 1.26192982e-06 1.34092689e-06
3.41000000e+04 1.89889174e-39 1.83177123e-39 1.93408926e-39 1.89889174e-39 1.83177123e-39 1.93408926e-39 1.32255604e-06 1.26673823e-06 1.34149760e-06
3.42000000e+04 1.90103654e-39 1.83382987e-39 1.93574254e-39 1.90103654e-39 1.83382987e-39 1.93574254e-39 1.32632368e-06 1.27981285e-06 1.35020921e-06
3.43000000e+04 1.90317381e-39 1.83588196e-39 1.93739068e-39 1.90317381e-39 1.83588196e-39 1.93739068e-39 1.33631741e-06 1.28103707e-06 1.34643821e-06
3.44000000e+04 1.90530360e-39 1.83792754e-39 1.93903368e-39 1.90530360e-39 1.83792754e-39 1.93903368e-39 1.34223416e-06 1.29296041e-06 1.36886070e-06
3.45000000e+04 1.90742592e-39 1.83996663e-39 1.94067157e-39 1.90742592e-39 1.83996663e-39 1.94067157e-39 1.34557556e-06 1.30053140e-06 1.37084386e-06
3.46000000e+04 1.90954082e-39 1.84199925e-39 1.94230437e-39 1.90954082e-39 1.84199925e-39 1.94230437e-39 1.35468917e-06 1.30594577e-06 1.38272813e-06
3.47000000e+04 1.91164832e-39 1.84402543e-39 1.94393209e-39 1.91164832e-39 1.84402543e-39 1.94393209e-39 1.36308150e-06 1.30356669e-06 1.38257206e-06
3.48000000e+04 1.91374848e-39 1.84604520e-39 1.94555476e-39 1.91374848e-39 1.84604520e-39 1.94555476e-39 1.36630555e-06 1.32009333e-06 1.38863717e-06
3.49000000e+04 1.91584130e-39 1.84805858e-39 1.94717240e-39 1.91584130e-39 1.84805858e-39 1.94717240e-39 1.37981868e-06 1.33195018e-06 1.40229759e-06
3.50000000e+04 1.91792684e-39 1.85006559e-39 1.94878501e-39 1.91792684e-39 1.85006559e-39 1.94878501e-39 1.38898540e-06 1.32665385e-06 1.40748055e-06
3.51000000e+04 1.92000512e-39 1.85206626e-39 1.95039263e-39 1.92000512e-39 1.85206626e-39 1.95039263e-39 1.39480074e-06 1.33705134e-06 1.40987022e-06
3.52000000e+04 1.92207617e-39 1.85406062e-39 1.95199527e-39 1.92207617e-39 1.85406062e-39 1.95199527e-39 1.39724616e-06 1.34649481e-06 1.42082166e-06
3.53000000e+04 1.92414003e-39 1.85604869e-39 1.95359295e-39 1.92414003e-39 1.85604869e-39 1.95359295e-39 1.41193219e-06 1.34926160e-06 1.42831986e-06
3.54000000e+04 1.92619674e-39 1.85803049e-39 1.95518568e-39 1.92619674e-39 1.85803049e-39 1.95518568e-39 1.41172546e-06 1.36417836e-06 1.43751834e-06
3.55000000e+04 1.92824631e-39 1.86000604e-39 1.95677349e-39 1.92824631e-39 1.86000604e-39 1.95677349e-39 1.42670961e-06 1.37134727e-06 1.44591114e-06
3.56000000e+04 1.93028879e-39 1.86197538e-39 1.95835639e-39 1.93028879e-39 1.86197538e-39 1.95835639e-39 1.42775161e-06 1.38340604e-06 1.44253343e-06
3.57000000e+04 1.93232420e-39 1.86393852e-39 1.95993440e-39 1.93232420e-39 1.86393852e-39 1.95993440e-39 1.43907858e-06 1.38728796e-06 1.44683702e-06
3.58000000e+04 1.93435258e-39 1.86589550e-39 1.96150754e-39 1.93435258e-39 1.86589550e-39 1.96150754e-39 1.44839056e-06 1.38867209e-06 1.46540573e-06
3.59000000e+04 1.93637397e-39 1.86784632e-39 1.96307583e-39 1.93637397e-39 1.86784632e-39 1.96307583e-39 1.45286246e-06 1.39997031e-06 1.46917910e-06
3.60000000e+04 1.93838838e-39 1.86979103e-39 1.96463928e-39 1.93838838e-39 1.86979103e-39 1.96463928e-39 1.46039157e-06 1.41260774e-06 1.47605207e-06
3.61000000e+04 1.94039585e-39 1.87172963e-39 1.96619792e-39 1.94039585e-39 1.87172963e-39 1.96619792e-39 1.47244367e-06 1.41812606e-06 1.47624481e-06
3.62000000e+04 1.94239641e-39 1.87366216e-39 1.96775175e-39 1.94239641e-39 1.87366216e-39 1.96775175e-39 1.47911598e-06 1.42169727e-06 1.48638680e-06
3.63000000e+04 1.94439010e-39 1.87558863e-39 1.96930081e-39 1.94439010e-39 1.87558863e-39 1.96930081e-39 1.48178024e-06 1.43565051e-06 1.48754008e-06
3.64000000e+04 1.94637694e-39 1.87750908e-39 1.97084510e-39 1.94637694e-39 1.87750908e-39 1.97084510e-39 1.49536417e-06 1.43185004e-06 1.50603127e-06
3.65000000e+04 1.94835696e-39 1.87942351e-39 1.97238464e-39 1.94835696e-39 1.87942351e-39 1.97238464e-39 1.49885374e-06 1.44045537e-06 1.50209722e-06
3.66000000e+04 1.95033020e-39 1.88133197e-39 1.97391945e-39 1.95033020e-39 1.88133197e-39 1.97391945e-39 1.50790777e-06 1.45298664e-06 1.52758166e-06
3.67000000e+04 1.95229668e-39 1.88323446e-39 1.97544955e-39 1.95229668e-39 1.88323446e-39 1.97544955e-39 1.51508134e-06 1.46205359e-06 1.53268354e-06
3.68000000e+04 1.95425644e-39 1.88513102e-39 1.97697496e-39 1.95425644e-39 1.88513102e-39 1.97697496e-39 1.52629044e-06 1.46718218e-06 1.53564812e-06
3.69000000e+04 1.95620949e-39 1.88702166e-39 1.97849569e-39 1.95620949e-39 1.88702166e-39 1.97849569e-39 1.53009833e-06 1.47151796e-06 1.54510911e-06
3.70000000e+04 1.95815588e-39 1.88890641e-39 1.98001175e-39 1.95815588e-39 1.88890641e-39 1.98001175e-39 1.54035562e-06 1.48552590e-06 1.54720454e-06
3.71000000e+04 1.96009563e-39 1.89078529e-39 1.98152318e-39 1.96009563e-39 1.89078529e-39 1.98152318e-39 1.54430401e-06 1.47861017e-06 1.56276582e-06
3.72000000e+04 1.96202877e-39 1.89265832e-39 1.98302997e-39 1.96202877e-39 1.89265832e-39 1.98302997e-39 1.55363391e-06 1.49582871e-06 1.56755026e-06
3.73000000e+04 1.96395533e-39 1.89452552e-39 1.98453216e-39 1.96395533e-39 1.89452552e-39 1.98453216e-39 1.56431703e-06 1.49640849e-06 1.56828808e-06
3.74000000e+04 1.96587533e-39 1.89638692e-39 1.98602975e-39 1.96587533e-39 1.89638692e-39 1.98602975e-39 1.57100588e-06 1.50589040e-06 1.58446426e-06
3.75000000e+04 1.96778882e-39 1.89824254e-39 1.98752277e-39 1.96778882e-39 1.89824254e-39 1.98752277e-39 1.58067920e-06 1.51767223e-06 1.57919437e-06
3.76000000e+04 1.96969580e-39 1.90009240e-39 1.98901123e-39 1.96969580e-39 1.90009240e-39 1.98901123e-39 1.58575597e-06 1.52955490e-06 1.59180288e-06
3.77000000e+04 1.97159633e-39 1.90193652e-39 1.99049514e-39 1.97159633e-39 1.90193652e-39 1.99049514e-39 1.59463950e-06 1.53946275e-06 1.59972321e-06
3.78000000e+04 1.97349041e-39 1.90377493e-39 1.99197453e-39 1.97349041e-39 1.90377493e-39 1.99197453e-39 1.60216108e-06 1.54830252e-06 1.61227004e-06
3.79000000e+04 1.97537808e-39 1.90560764e-39 1.99344941e-39 1.97537808e-39 1.90560764e-39 1.99344941e-39 1.60976533e-06 1.54393954e-06 1.62527669e-06
3.80000000e+04 1.97725937e-39 1.90743468e-39 1.99491980e-39 1.97725937e-39 1.90743468e-39 1.99491980e-39 1.61543012e-06 1.55285967e-06 1.62397109e-06
3.81000000e+04 1.97913430e-39 1.90925607e-39 1.99638570e-39 1.97913430e-39 1.90925607e-39 1.99638570e-39 1.61859587e-06 1.56055092e-06 1.63446807e-06
3.82000000e+04 1.98100290e-39 1.91107183e-39 1.99784715e-39 1.98100290e-39 1.91107183e-39 1.99784715e-39 1.63231884e-06 1.56612650e-06 1.64734690e-06
3.83000000e+04 1.98286520e-39 1.91288198e-39 1.99930415e-39 1.98286520e-39 1.91288198e-39 1.99930415e-39 1.64339217e-06 1.57900738e-06 1.65499170e-06
3.84000000e+04 1.98472123e-39 1.91468654e-39 2.00075673e-39 1.98472123e-39 1.91468654e-39 2.00075673e-39 1.64582176e-06 1.59390223e-06 1.66004119e-06
3.85000000e+04 1.98657101e-39 1.91648554e-39 2.00220489e-39 1.98657101e-39 1.91648554e-39 2.00220489e-39 1.64989341e-06 1.59955047e-06 1.66648405e-06
3.86000000e+04 1.98841457e-39 1.91827899e-39 2.00364865e-39 1.98841457e-39 1.91827899e-39 2.00364865e-39 1.66496715e-06 1.60287683e-06 1.67700568e-06
3.87000000e+04 1.99025194e-39 1.92006691e-39 2.00508804e-39 1.99025194e-39 1.92006691e-39 2.00508804e-39 1.66677039e-06 1.61400856e-06 1.67789651e-06
3.88000000e+04 1.99208314e-39 1.92184933e-39 2.00652306e-39 1.99208314e-39 1.92184933e-39 2.00652306e-39 1.68336486e-06 1.62048923e-06 1.68422162e-06
3.89000000e+04 1.99390820e-39 1.92362627e-39 2.00795373e-39 1.99390820e-39 1.92362627e-39 2.00795373e-39 1.68991397e-06 1.63000451e-06 1.69078863e-06
3.90000000e+04 1.99572714e-39 1.92539775e-39 2.00938006e-39 1.99572714e-39 1.92539775e-39 2.00938006e-39 1.69689284e-06 1.63327423e-06 1.69873500e-06
3.91000000e+04 1.99753999e-39 1.92716378e-39 2.01080208e-39 1.99753999e-39 1.92716378e-39 2.01080208e-39 1.70898204e-06 1.63061037e-06 1.71700835e-06
3.92000000e+04 1.99934679e-39 1.92892439e-39 2.01221980e-39 1.99934679e-39 1.92892439e-39 2.01221980e-39 1.71167538e-06 1.64319425e-06 1.72731261e-06
3.93000000e+04 2.00114754e-39 1.93067960e-39 2.01363323e-39 2.00114754e-39 1.93067960e-39 2.01363323e-39 1.71871273e-06 1.65135148e-06 1.71855904e-06
3.94000000e+04 2.00294228e-39 1.93242943e-39 2.01504239e-39 2.00294228e-39 1.93242943e-39 2.01504239e-39 1.73063881e-06 1.67173275e-06 1.72253581e-06
3.95000000e+04 2.00473104e-39 1.93417389e-39 2.01644730e-39 2.00473104e-39 1.93417389e-39 2.01644730e-39 1.74056302e-06 1.65967247e-06 1.74373217e-06
3.96000000e+04 2.00651384e-39 1.93591302e-39 2.01784796e-39 2.00651384e-39 1.93591302e-39 2.01784796e-39 1.74395721e-06 1.68798003e-06 1.75596931e-06
3.97000000e+04 2.00829070e-39 1.93764682e-39 2.01924440e-39 2.00829070e-39 1.93764682e-39 2.01924440e-39 1.75463519e-06 1.69003348e-06 1.75183127e-06
3.98000000e+04 2.01006165e-39 1.93937532e-39 2.02063663e-39 2.01006165e-39 1.93937532e-39 2.02063663e-39 1.76046874e-06 1.70127828e-06 1.77392655e-06
3.99000000e+04 2.01182671e-39 1.94109854e-39 2.02202467e-39 2.01182671e-39 1.94109854e-39 2.02202467e-39 1.76991722e-06 1.71134014e-06 1.77751041e-06
4.00000000e+04 2.01358592e-39 1.94281650e-39 2.02340852e-39 2.01358592e-39 1.94281650e-39 2.02340852e-39 1.77800028e-06 1.71285855e-06 1.77446751e-06
4.01000000e+04 2.01533928e-39 1.94452921e-39 2.02478821e-39 2.01533928e-39 1.94452921e-39 2.02478821e-39 1.78903194e-06 1.72621908e-06 1.79263878e-06
4.02000000e+04 2.01708684e-39 1.94623670e-39 2.02616375e-39 2.01708684e-39 1.94623670e-39 2.02616375e-39 1.79681809e-06 1.72911395e-06 1.80439900e-06
4.03000000e+04 2.01882861e-39 1.94793899e-39 2.02753516e-39 2.01882861e-39 1.94793899e-39 2.02753516e-39 1.80740770e-06 1.72528122e-06 1.81244697e-06
4.04000000e+04 2.02056461e-39 1.94963609e-39 2.02890245e-39 2.02056461e-39 1.94963609e-39 2.02890245e-39 1.80983478e-06 1.74354229e-06 1.81739546e-06
4.05000000e+04 2.02229488e-39 1.95132803e-39 2.03026563e-39 2.02229488e-39 1.95132803e-39 2.03026563e-39 1.82412828e-06 1.75814392e-06 1.81048588e-06
4.06000000e+04 2.02401943e-39 1.95301482e-39 2.03162472e-39 2.02401943e-39 1.95301482e-39 2.03162472e-39 1.82332239e-06 1.76312869e-06 1.83279135e-06
4.07000000e+04 2.02573829e-39 1.95469648e-39 2.03297974e-39 2.02573829e-39 1.95469648e-39 2.03297974e-39 1.83674544e-06 1.76238279e-06 1.84274227e-06
4.08000000e+04 2.02745148e-39 1.95637304e-39 2.03433070e-39 2.02745148e-39 1.95637304e-39 2.03433070e-39 1.84845475e-06 1.77337134e-06 1.84260183e-06
4.09000000e+04 2.02915902e-39 1.95804450e-39 2.03567761e-39 2.02915902e-39 1.95804450e-39 2.03567761e-39 1.85108123e-06 1.78928753e-06 1.85534294e-06
4.10000000e+04 2.03086095e-39 1.95971090e-39 2.03702048e-39 2.03086095e-39 1.95971090e-39 2.03702048e-39 1.86206370e-06 1.77875620e-06 1.86964588e-06
4.11000000e+04 2.03255728e-39 1.96137224e-39 2.03835934e-39 2.03255728e-39 1.96137224e-39 2.03835934e-39 1.86575185e-06 1.78832208e-06 1.87209952e-06
4.12000000e+04 2.03424803e-39 1.96302855e-39 2.03969420e-39 2.03424803e-39 1.96302855e-39 2.03969420e-39 1.88288325e-06 1.80995980e-06 1.88236624e-06
4.13000000e+04 2.03593323e-39 1.96467985e-39 2.04102507e-39 2.03593323e-39 1.96467985e-39 2.04102507e-39 1.88786999e-06 1.81573900e-06 1.89523095e-06
4.14000000e+04 2.03761291e-39 1.96632615e-39 2.04235196e-39 2.03761291e-39 1.96632615e-39 2.04235196e-39 1.89210605e-06 1.83058996e-06 1.90185881e-06
4.15000000e+04 2.03928708e-39 1.96796747e-39 2.04367489e-39 2.03928708e-39 1.96796747e-39 2.04367489e-39 1.90505692e-06 1.82610047e-06 1.90087353e-06
4.16000000e+04 2.04095576e-39 1.96960383e-39 2.04499388e-39 2.04095576e-39 1.96960383e-39 2.04499388e-39 1.91101932e-06 1.84632524e-06 1.91321906e-06
4.17000000e+04 2.04261899e-39 1.97123524e-39 2.04630893e-39 2.04261899e-39 1.97123524e-39 2.04630893e-39 1.92355452e-06 1.84690037e-06 1.91775265e-06
4.18000000e+04 2.04427678e-39 1.97286174e-39 2.04762006e-39 2.04427678e-39 1.97286174e-39 2.04762006e-39 1.92919886e-06 1.85607544e-06 1.92110862e-06
4.19000000e+04 2.04592915e-39 1.97448333e-39 2.04892730e-39 2.04592915e-39 1.97448333e-39 2.04892730e-39 1.93535774e-06 1.86349458e-06 1.93439003e-06
4.20000000e+04 2.04757613e-39 1.97610003e-39 2.05023064e-39 2.04757613e-39 1.97610003e-39 2.05023064e-39 1.94673674e-06 1.87811670e-06 1.94659755e-06
4.21000000e+04 2.04921774e-39 1.97771187e-39 2.05153010e-39 2.04921774e-39 1.97771187e-39 2.05153010e-39 1.95769647e-06 1.88849498e-06 1.95296184e-06
4.22000000e+04 2.05085399e-39 1.97931885e-39 2.05282570e-39 2.05085399e-39 1.97931885e-39 2.05282570e-39 1.96039934e-06 1.89388087e-06 1.95601633e-06
4.23000000e+04 2.05248492e-39 1.98092099e-39 2.05411745e-39 2.05248492e-39 1.98092099e-39 2.05411745e-39 1.96587686e-06 1.90198635e-06 1.95469100e-06
4.24000000e+04 2.05411055e-39 1.98251832e-39 2.05540537e-39 2.05411055e-39 1.98251832e-39 2.05540537e-39 1.97402593e-06 1.90988420e-06 1.98462295e-06
4.25000000e+04 2.05573089e-39 1.98411086e-39 2.05668946e-39 2.05573089e-39 1.98411086e-39 2.05668946e-39 1.98410020e-06 1.92402185e-06 1.99275397e-06
4.26000000e+04 2.05734597e-39 1.98569861e-39 2.05796974e-39 2.05734597e-39 1.98569861e-39 2.05796974e-39 1.99528014e-06 1.92982860e-06 1.99366989e-06
4.27000000e+04 2.05895581e-39 1.98728159e-39 2.05924623e-39 2.05895581e-39 1.98728159e-39 2.05924623e-39 2.00948126e-06 1.92828441e-06 2.01030501e-06
4.28000000e+04 2.06056042e-39 1.98885983e-39 2.06051894e-39 2.06056042e-39 1.98885983e-39 2.06051894e-39 2.01437679e-06 1.93153786e-06 2.00924929e-06
4.29000000e+04 2.06215984e-39 1.99043334e-39 2.06178788e-39 2.06215984e-39 1.99043334e-39 2.06178788e-39 2.02267927e-06 1.95080289e-06 2.02025057e-06
4.30000000e+04 2.06375408e-39 1.99200214e-39 2.06305307e-39 2.06375408e-39 1.99200214e-39 2.06305307e-39 2.02745329e-06 1.94963605e-06 2.02893547e-06
4.31000000e+04 2.06534317e-39 1.99356624e-39 2.06431452e-39 2.06534317e-39 1.99356624e-39 2.06431452e-39 2.04089505e-06 1.96949793e-06 2.02071416e-06
4.32000000e+04 2.06692712e-39 1.99512567e-39 2.06557223e-39 2.06692712e-39 1.99512567e-39 2.06557223e-39 2.04898932e-06 1.98101779e-06 2.05176791e-06
4.33000000e+04 2.06850595e-39 1.99668043e-39 2.06682623e-39 2.06850595e-39 1.99668043e-39 2.06682623e-39 2.05931601e-06 1.97761462e-06 2.05592802e-06
4.34000000e+04 2.07007969e-39 1.99823055e-39 2.06807653e-39 2.07007969e-39 1.99823055e-39 2.06807653e-39 2.06041307e-06 1.99499024e-06 2.05774508e-06
4.35000000e+04 2.07164835e-39 1.99977604e-39 2.06932314e-39 2.07164835e-39 1.99977604e-39 2.06932314e-39 2.07524290e-06 2.00509173e-06 2.06806838e-06
4.36000000e+04 2.07321196e-39 2.00131693e-39 2.07056608e-39 2.07321196e-39 2.00131693e-39 2.07056608e-39 2.08432108e-06 2.01291412e-06 2.08022888e-06
4.37000000e+04 2.07477054e-39 2.00285321e-39 2.07180535e-39 2.07477054e-39 2.00285321e-39 2.07180535e-39 2.09533230e-06 2.01800999e-06 2.08643897e-06
4.38000000e+04 2.07632410e-39 2.00438492e-39 2.07304097e-39 2.07632410e-39 2.00438492e-39 2.07304097e-39 2.10394903e-06 2.03315631e-06 2.09976149e-06
4.39000000e+04 2.07787267e-39 2.00591207e-39 2.07427295e-39 2.07787267e-39 2.00591207e-39 2.07427295e-39 2.11496919e-06 2.03176478e-06 2.09955546e-06
4.40000000e+04 2.07941627e-39 2.00743468e-39 2.07550131e-39 2.07941627e-39 2.00743468e-39 2.07550131e-39 2.12097760e-06 2.04333881e-06 2.12018981e-06
4.41000000e+04 2.08095492e-39 2.00895275e-39 2.07672606e-39 2.08095492e-39 2.00895275e-39 2.07672606e-39 2.12826255e-06 2.05029429e-06 2.11700968e-06
4.42000000e+04 2.08248863e-39 2.01046632e-39 2.07794721e-39 2.08248863e-39 2.01046632e-39 2.07794721e-39 2.14099298e-06 2.04387820e-06 2.13306981e-06
4.43000000e+04 2.08401743e-39 2.01197539e-39 2.07916477e-39 2.08401743e-39 2.01197539e-39 2.07916477e-39 2.14508680e-06 2.05742994e-06 2.14444544e-06
4.44000000e+04 2.08554133e-39 2.01347998e-39 2.08037876e-39 2.08554133e-39 2.01347998e-39 2.08037876e-39 2.15614144e-06 2.08505931e-06 2.14991038e-06
4.45000000e+04 2.08706036e-39 2.01498010e-39 2.08158919e-39 2.08706036e-39 2.01498010e-39 2.08158919e-39 2.15774990e-06 2.09079312e-06 2.14491084e-06
4.46000000e+04 2.08857453e-39 2.01647578e-39 2.08279607e-39 2.08857453e-39 2.01647578e-39 2.08279607e-39 2.17382388e-06 2.08792203e-06 2.16876975e-06
4.47000000e+04 2.09008387e-39 2.01796703e-39 2.08399941e-39 2.09008387e-39 2.01796703e-39 2.08399941e-39 2.18072850e-06 2.10426895e-06 2.16682430e-06
4.48000000e+04 2.09158839e-39 2.01945386e-39 2.08519923e-39 2.09158839e-39 2.01945386e-39 2.08519923e-39 2.18723411e-06 2.11878170e-06 2.18283864e-06
4.49000000e+04 2.09308811e-39 2.02093630e-39 2.08639554e-39 2.09308811e-39 2.02093630e-39 2.08639554e-39 2.20065442e-06 2.11043312e-06 2.19144774e-06
4.50000000e+04 2.09458306e-39 2.02241435e-39 2.08758835e-39 2.09458306e-39 2.02241435e-39 2.08758835e-39 2.20541792e-06 2.12990933e-06 2.19451632e-06
4.51000000e+04 2.09607324e-39 2.02388803e-39 2.08877767e-39 2.09607324e-39 2.02388803e-39 2.08877767e-39 2.22061018e-06 2.14457907e-06 2.19612995e-06
4.52000000e+04 2.09755868e-39 2.02535736e-39 2.08996352e-39 2.09755868e-39 2.02535736e-39 2.08996352e-39 2.22893580e-06 2.12916360e-06 2.20870956e-06
4.53000000e+04 2.09903940e-39 2.02682235e-39 2.09114590e-39 2.09903940e-39 2.02682235e-39 2.09114590e-39 2.22955392e-06 2.15037223e-06 2.22780741e-06
4.54000000e+04 2.10051542e-39 2.02828302e-39 2.09232484e-39 2.10051542e-39 2.02828302e-39 2.09232484e-39 2.24834366e-06 2.16834333e-06 2.22932148e-06
4.55000000e+04 2.10198675e-39 2.02973938e-39 2.09350033e-39 2.10198675e-39 2.02973938e-39 2.09350033e-39 2.25117096e-06 2.17424985e-06 2.24007493e-06
4.56000000e+04 2.10345342e-39 2.03119146e-39 2.09467240e-39 2.10345342e-39 2.03119146e-39 2.09467240e-39 2.26177510e-06 2.16971869e-06 2.23067809e-06
4.57000000e+04 2.10491544e-39 2.03263925e-39 2.09584105e-39 2.10491544e-39 2.03263925e-39 2.09584105e-39 2.26980356e-06 2.18612397e-06 2.26286507e-06
4.58000000e+04 2.10637282e-39 2.03408279e-39 2.09700630e-39 2.10637282e-39 2.03408279e-39 2.09700630e-39 2.27628061e-06 2.18559145e-06 2.26996482e-06
4.59000000e+04 2.10782560e-39 2.03552208e-39 2.09816816e-39 2.10782560e-39 2.03552208e-39 2.09816816e-39 2.29300583e-06 2.20764097e-06 2.27545269e-06
4.60000000e+04 2.10927378e-39 2.03695715e-39 2.09932664e-39 2.10927378e-39 2.03695715e-39 2.09932664e-39 2.29525104e-06 2.22281312e-06 2.27450747e-06
4.61000000e+04 2.11071738e-39 2.03838799e-39 2.10048176e-39 2.11071738e-39 2.03838799e-39 2.10048176e-39 2.31203103e-06 2.21604362e-06 2.28227308e-06
4.62000000e+04 2.11215643e-39 2.03981464e-39 2.10163352e-39 2.11215643e-39 2.03981464e-39 2.10163352e-39 2.32027920e-06 2.23446991e-06 2.30901300e-06
4.63000000e+04 2.11359094e-39 2.04123710e-39 2.10278193e-39 2.11359094e-39 2.04123710e-39 2.10278193e-39 2.32811645e-06 2.24996193e-06 2.31516278e-06
4.64000000e+04 2.11502092e-39 2.04265540e-39 2.10392701e-39 2.11502092e-39 2.04265540e-39 2.10392701e-39 2.32731248e-06 2.25048174e-06 2.31205761e-06
4.65000000e+04 2.11644640e-39 2.04406953e-39 2.10506877e-39 2.11644640e-39 2.04406953e-39 2.10506877e-39 2.34635327e-06 2.26656578e-06 2.33221954e-06
4.66000000e+04 2.11786739e-39 2.04547953e-39 2.10620722e-39 2.11786739e-39 2.04547953e-39 2.10620722e-39 2.35742657e-06 2.25539389e-06 2.33611776e-06
4.67000000e+04 2.11928391e-39 2.04688540e-39 2.10734238e-39 2.11928391e-39 2.04688540e-39 2.10734238e-39 2.35845764e-06 2.28464203e-06 2.35402470e-06
4.68000000e+04 2.12069598e-39 2.04828716e-39 2.10847425e-39 2.12069598e-39 2.04828716e-39 2.10847425e-39 2.37522350e-06 2.28866079e-06 2.33570150e-06
4.69000000e+04 2.12210361e-39 2.04968482e-39 2.10960284e-39 2.12210361e-39 2.04968482e-39 2.10960284e-39 2.37972291e-06 2.30235086e-06 2.35427105e-06
4.70000000e+04 2.12350683e-39 2.05107840e-39 2.11072817e-39 2.12350683e-39 2.05107840e-39 2.11072817e-39 2.38121621e-06 2.30446247e-06 2.37630405e-06
4.71000000e+04 2.12490564e-39 2.05246791e-39 2.11185024e-39 2.12490564e-39 2.05246791e-39 2.11185024e-39 2.40202250e-06 2.30436080e-06 2.37702434e-06
4.72000000e+04 2.12630007e-39 2.05385337e-39 2.11296908e-39 2.12630007e-39 2.05385337e-39 2.11296908e-39 2.40981678e-06 2.30746116e-06 2.38982378e-06
4.73000000e+04 2.12769013e-39 2.05523479e-39 2.11408468e-39 2.12769013e-39 2.05523479e-39 2.11408468e-39 2.41585684e-06 2.32417369e-06 2.40015033e-06
4.74000000e+04 2.12907585e-39 2.05661218e-39 2.11519707e-39 2.12907585e-39 2.05661218e-39 2.11519707e-39 2.43144707e-06 2.32264841e-06 2.41286944e-06
4.75000000e+04 2.13045723e-39 2.05798556e-39 2.11630625e-39 2.13045723e-39 2.05798556e-39 2.11630625e-39 2.43598658e-06 2.35299449e-06 2.40639472e-06
4.76000000e+04 2.13183429e-39 2.05935494e-39 2.11741223e-39 2.13183429e-39 2.05935494e-39 2.11741223e-39 2.44684006e-06 2.35803846e-06 2.41818241e-06
4.77000000e+04 2.13320705e-39 2.06072034e-39 2.11851503e-39 2.13320705e-39 2.06072034e-39 2.11851503e-39 2.45617181e-06 2.36254730e-06 2.41893516e-06
4.78000000e+04 2.13457553e-39 2.06208178e-39 2.11961465e-39 2.13457553e-39 2.06208178e-39 2.11961465e-39 2.46278550e-06 2.38356638e-06 2.44342438e-06
4.79000000e+04 2.13593974e-39 2.06343925e-39 2.12071111e-39 2.13593974e-39 2.06343925e-39 2.12071111e-39 2.47682187e-06 2.38308721e-06 2.44658656e-06
4.80000000e+04 2.13729970e-39 2.06479279e-39 2.12180442e-39 2.13729970e-39 2.06479279e-39 2.12180442e-39 2.48388604e-06 2.39991485e-06 2.45386308e-06
4.81000000e+04 2.13865542e-39 2.06614240e-39 2.12289458e-39 2.13865542e-39 2.06614240e-39 2.12289458e-39 2.49230098e-06 2.39892147e-06 2.47272096e-06
4.82000000e+04 2.14000693e-39 2.06748809e-39 2.12398162e-39 2.14000693e-39 2.06748809e-39 2.12398162e-39 2.49244322e-06 2.41041488e-06 2.46883683e-06
4.83000000e+04 2.14135424e-39 2.06882989e-39 2.12506553e-39 2.14135424e-39 2.06882989e-39 2.12506553e-39 2.50887252e-06 2.42149711e-06 2.49666369e-06
4.84000000e+04 2.14269735e-39 2.07016780e-39 2.12614633e-39 2.14269735e-39 2.07016780e-39 2.12614633e-39 2.52002650e-06 2.43735470e-06 2.50150485e-06
4.85000000e+04 2.14403630e-39 2.07150183e-39 2.12722404e-39 2.14403630e-39 2.07150183e-39 2.12722404e-39 2.52495536e-06 2.43991770e-06 2.49510191e-06
4.86000000e+04 2.14537110e-39 2.07283201e-39 2.12829866e-39 2.14537110e-39 2.07283201e-39 2.12829866e-39 2.53832803e-06 2.43851589e-06 2.51930356e-06
4.87000000e+04 2.14670175e-39 2.07415834e-39 2.12937019e-39 2.14670175e-39 2.07415834e-39 2.12937019e-39 2.55317043e-06 2.45757532e-06 2.52828794e-06
4.88000000e+04 2.14802829e-39 2.07548084e-39 2.13043867e-39 2.14802829e-39 2.07548084e-39 2.13043867e-39 2.55925473e-06 2.46652937e-06 2.53773866e-06
4.89000000e+04 2.14935071e-39 2.07679952e-39 2.13150408e-39 2.14935071e-39 2.07679952e-39 2.13150408e-39 2.56704121e-06 2.46922849e-06 2.54046156e-06
4.90000000e+04 2.15066905e-39 2.07811440e-39 2.13256645e-39 2.15066905e-39 2.07811440e-39 2.13256645e-39 2.57829231e-06 2.47302557e-06 2.55753905e-06
4.91000000e+04 2.15198331e-39 2.07942548e-39 2.13362578e-39 2.15198331e-39 2.07942548e-39 2.13362578e-39 2.58604875e-06 2.48602962e-06 2.56635969e-06
4.92000000e+04 2.15329351e-39 2.08073278e-39 2.13468209e-39 2.15329351e-39 2.08073278e-39 2.13468209e-39 2.59445655e-06 2.48777022e-06 2.57378943e-06
4.93000000e+04 2.15459966e-39 2.08203632e-39 2.13573538e-39 2.15459966e-39 2.08203632e-39 2.13573538e-39 2.60226357e-06 2.51714752e-06 2.57622253e-06
4.94000000e+04 2.15590178e-39 2.08333610e-39 2.13678567e-39 2.15590178e-39 2.08333610e-39 2.13678567e-39 2.61433929e-06 2.52756826e-06 2.57737969e-06
4.95000000e+04 2.15719989e-39 2.08463215e-39 2.13783297e-39 2.15719989e-39 2.08463215e-39 2.13783297e-39 2.62457299e-06 2.53808867e-06 2.60499346e-06
4.96000000e+04 2.15849400e-39 2.08592446e-39 2.13887727e-39 2.15849400e-39 2.08592446e-39 2.13887727e-39 2.63154310e-06 2.54579508e-06 2.61244281e-06
4.97000000e+04 2.15978413e-39 2.08721307e-39 2.13991861e-39 2.15978413e-39 2.08721307e-39 2.13991861e-39 2.64432115e-06 2.55614325e-06 2.61700054e-06
4.98000000e+04 2.16107028e-39 2.08849797e-39 2.14095698e-39 2.16107028e-39 2.08849797e-39 2.14095698e-39 2.65821513e-06 2.56275989e-06 2.62156481e-06
4.99000000e+04 2.16235248e-39 2.08977918e-39 2.14199240e-39 2.16235248e-39 2.08977918e-39 2.14199240e-39 2.66018465e-06 2.57816277e-06 2.62635397e-06
5.00000000e+04 2.16363075e-39 2.09105672e-39 2.14302487e-39 2.16363075e-39 2.09105672e-39 2.14302487e-39 2.67256416e-06 2.56287780e-06 2.65028939e-06
