# Te [K]  Qff_DL [cm^5]  Qff_PL [cm^5]  Qff_KW [cm^5] int_DL  int_PL  int_KD abserr_int_DL  abserr_int_PL  abserr_int_KW
3.00000000e+02 3.44484204e-41 1.28788424e-40 3.27242682e-40 3.44484204e-41 1.28788424e-40 3.27242682e-40 1.88861403e-11 6.76931162e-11 1.71904917e-10
4.00000000e+02 3.66157154e-41 1.31177523e-40 3.30586442e-40 3.66157154e-41 1.31177523e-40 3.30586442e-40 3.11648542e-11 9.64875580e-11 2.90578861e-10
5.00000000e+02 3.91039841e-41 1.33578062e-40 3.33955165e-40 3.91039841e-41 1.33578062e-40 3.33955165e-40 4.70160049e-11 1.59117021e-10 3.54664476e-10
6.00000000e+02 4.18052419e-41 1.35998821e-40 3.37344023e-40 4.18052419e-41 1.35998821e-40 3.37344023e-40 6.56668024e-11 1.97382917e-10 5.05023760e-10
7.00000000e+02 4.46462505e-41 1.38444978e-40 3.40748293e-40 4.46462505e-41 1.38444978e-40 3.40748293e-40 8.37119969e-11 2.56736792e-10 6.90611339e-10
8.00000000e+02 4.75808433e-41 1.40919460e-40 3.44164432e-40 4.75808433e-41 1.40919460e-40 3.44164432e-40 1.17138768e-10 3.00304127e-10 7.44881051e-10
9.00000000e+02 5.05804968e-41 1.43423728e-40 3.47590274e-40 5.05804968e-41 1.43423728e-40 3.47590274e-40 1.48346510e-10 4.12584629e-10 1.00627695e-09
1.00000000e+03 5.36276145e-41 1.45958270e-40 3.51024800e-40 5.36276145e-41 1.45958270e-40 3.51024800e-40 1.81559583e-10 5.04368320e-10 1.14881449e-09
1.10000000e+03 5.67112846e-41 1.48522931e-40 3.54467804e-40 5.67112846e-41 1.48522931e-40 3.54467804e-40 2.26252496e-10 5.15183496e-10 1.21631439e-09
1.20000000e+03 5.98246915e-41 1.51117161e-40 3.57919595e-40 5.98246915e-41 1.51117161e-40 3.57919595e-40 2.71663727e-10 6.88739896e-10 1.60965846e-09
1.30000000e+03 6.29635448e-41 1.53740205e-40 3.61380775e-40 6.29635448e-41 1.53740205e-40 3.61380775e-40 3.16314864e-10 7.81882208e-10 1.75025082e-09
1.40000000e+03 6.61251220e-41 1.56391217e-40 3.64852083e-40 6.61251220e-41 1.56391217e-40 3.64852083e-40 3.82216201e-10 8.20821136e-10 1.89810808e-09
1.50000000e+03 6.93076802e-41 1.59069351e-40 3.68334297e-40 6.93076802e-41 1.59069351e-40 3.68334297e-40 4.38200074e-10 9.94253612e-10 2.18088411e-09
1.60000000e+03 7.25100908e-41 1.61773802e-40 3.71828173e-40 7.25100908e-41 1.61773802e-40 3.71828173e-40 5.10387827e-10 1.06923004e-09 2.52105142e-09
1.70000000e+03 7.57316119e-41 1.64503834e-40 3.75334410e-40 7.57316119e-41 1.64503834e-40 3.75334410e-40 5.85628333e-10 1.27200215e-09 2.80737897e-09
1.80000000e+03 7.89717444e-41 1.67258786e-40 3.78853637e-40 7.89717444e-41 1.67258786e-40 3.78853637e-40 6.60643613e-10 1.35386777e-09 3.15481827e-09
1.90000000e+03 8.22301418e-41 1.70038071e-40 3.82386409e-40 8.22301418e-41 1.70038071e-40 3.82386409e-40 7.28876187e-10 1.54247493e-09 3.27918018e-09
2.00000000e+03 8.55065524e-41 1.72841173e-40 3.85933203e-40 8.55065524e-41 1.72841173e-40 3.85933203e-40 8.22742617e-10 1.55344829e-09 3.80972581e-09
2.10000000e+03 8.88007834e-41 1.75667635e-40 3.89494431e-40 8.88007834e-41 1.75667635e-40 3.89494431e-40 9.04775072e-10 1.80798158e-09 3.97388935e-09
2.20000000e+03 9.21126772e-41 1.78517054e-40 3.93070438e-40 9.21126772e-41 1.78517054e-40 3.93070438e-40 1.02241457e-09 1.95677985e-09 4.47484330e-09
2.30000000e+03 9.54420974e-41 1.81389067e-40 3.96661514e-40 9.54420974e-41 1.81389067e-40 3.96661514e-40 1.13747025e-09 2.21357556e-09 4.74835634e-09
2.40000000e+03 9.87889191e-41 1.84283351e-40 4.00267898e-40 9.87889191e-41 1.84283351e-40 4.00267898e-40 1.25173275e-09 2.38974759e-09 5.11604608e-09
2.50000000e+03 1.02153024e-40 1.87199611e-40 4.03889784e-40 1.02153024e-40 1.87199611e-40 4.03889784e-40 1.40408158e-09 2.48290675e-09 5.18586778e-09
2.60000000e+03 1.05534294e-40 1.90137574e-40 4.07527324e-40 1.05534294e-40 1.90137574e-40 4.07527324e-40 1.54390676e-09 2.65813980e-09 5.85956140e-09
2.70000000e+03 1.08932615e-40 1.93096990e-40 4.11180634e-40 1.08932615e-40 1.93096990e-40 4.11180634e-40 1.62392136e-09 2.81567423e-09 6.18905722e-09
2.80000000e+03 1.12347868e-40 1.96077623e-40 4.14849795e-40 1.12347868e-40 1.96077623e-40 4.14849795e-40 1.82093375e-09 3.16339301e-09 6.38813228e-09
2.90000000e+03 1.15779934e-40 1.99079253e-40 4.18534860e-40 1.15779934e-40 1.99079253e-40 4.18534860e-40 1.99352017e-09 3.25330524e-09 7.07048940e-09
3.00000000e+03 1.19228692e-40 2.02101669e-40 4.22235851e-40 1.19228692e-40 2.02101669e-40 4.22235851e-40 2.13153405e-09 3.67288416e-09 7.24869267e-09
3.10000000e+03 1.22694019e-40 2.05144670e-40 4.25952765e-40 1.22694019e-40 2.05144670e-40 4.25952765e-40 2.30435057e-09 3.84865647e-09 7.94559977e-09
3.20000000e+03 1.26175787e-40 2.08208064e-40 4.29685574e-40 1.26175787e-40 2.08208064e-40 4.29685574e-40 2.47239392e-09 4.10476127e-09 8.24124971e-09
3.30000000e+03 1.29673869e-40 2.11291664e-40 4.33434229e-40 1.29673869e-40 2.11291664e-40 4.33434229e-40 2.68622360e-09 4.20069739e-09 8.86627645e-09
3.40000000e+03 1.33188135e-40 2.14395290e-40 4.37198660e-40 1.33188135e-40 2.14395290e-40 4.37198660e-40 2.83096431e-09 4.69896166e-09 9.54427720e-09
3.50000000e+03 1.36718454e-40 2.17518767e-40 4.40978781e-40 1.36718454e-40 2.17518767e-40 4.40978781e-40 3.11584708e-09 4.95366956e-09 9.86046062e-09
3.60000000e+03 1.40264693e-40 2.20661923e-40 4.44774486e-40 1.40264693e-40 2.20661923e-40 4.44774486e-40 3.35106594e-09 5.25936191e-09 1.05059593e-08
3.70000000e+03 1.43826720e-40 2.23824592e-40 4.48585659e-40 1.43826720e-40 2.23824592e-40 4.48585659e-40 3.45984193e-09 5.56464487e-09 1.05591631e-08
3.80000000e+03 1.47404400e-40 2.27006609e-40 4.52412169e-40 1.47404400e-40 2.27006609e-40 4.52412169e-40 3.81667001e-09 5.78186747e-09 1.15160223e-08
3.90000000e+03 1.50997601e-40 2.30207812e-40 4.56253877e-40 1.50997601e-40 2.30207812e-40 4.56253877e-40 4.05417845e-09 5.98754843e-09 1.22228880e-08
4.00000000e+03 1.54606190e-40 2.33428043e-40 4.60110634e-40 1.54606190e-40 2.33428043e-40 4.60110634e-40 4.30583939e-09 6.29656984e-09 1.25704560e-08
4.10000000e+03 1.58230036e-40 2.36667144e-40 4.63982286e-40 1.58230036e-40 2.36667144e-40 4.63982286e-40 4.53789490e-09 6.78346960e-09 1.33559943e-08
4.20000000e+03 1.61869007e-40 2.39924960e-40 4.67868674e-40 1.61869007e-40 2.39924960e-40 4.67868674e-40 4.74728914e-09 6.85543709e-09 1.34406357e-08
4.30000000e+03 1.65522975e-40 2.43201337e-40 4.71769636e-40 1.65522975e-40 2.43201337e-40 4.71769636e-40 5.09511801e-09 7.36100812e-09 1.37960664e-08
4.40000000e+03 1.69191815e-40 2.46496123e-40 4.75685010e-40 1.69191815e-40 2.46496123e-40 4.75685010e-40 5.28906703e-09 7.70102139e-09 1.52561242e-08
4.50000000e+03 1.72875400e-40 2.49809165e-40 4.79614632e-40 1.72875400e-40 2.49809165e-40 4.79614632e-40 5.70957034e-09 8.15268990e-09 1.55444526e-08
4.60000000e+03 1.76573610e-40 2.53140315e-40 4.83558342e-40 1.76573610e-40 2.53140315e-40 4.83558342e-40 6.04917832e-09 8.47963732e-09 1.62660585e-08
4.70000000e+03 1.80286326e-40 2.56489423e-40 4.87515980e-40 1.80286326e-40 2.56489423e-40 4.87515980e-40 6.35915996e-09 9.00449508e-09 1.68900514e-08
4.80000000e+03 1.84013431e-40 2.59856341e-40 4.91487394e-40 1.84013431e-40 2.59856341e-40 4.91487394e-40 6.77326024e-09 9.25793653e-09 1.77193924e-08
4.90000000e+03 1.87754813e-40 2.63240924e-40 4.95472432e-40 1.87754813e-40 2.63240924e-40 4.95472432e-40 7.01810984e-09 9.84189095e-09 1.82730680e-08
5.00000000e+03 1.91510361e-40 2.66643024e-40 4.99470950e-40 1.91510361e-40 2.66643024e-40 4.99470950e-40 7.49040211e-09 1.01308979e-08 1.93786684e-08
5.10000000e+03 1.95279969e-40 2.70062500e-40 5.03482810e-40 1.95279969e-40 2.70062500e-40 5.03482810e-40 7.86828264e-09 1.08804397e-08 1.97036079e-08
5.20000000e+03 1.99063535e-40 2.73499207e-40 5.07507879e-40 1.99063535e-40 2.73499207e-40 5.07507879e-40 8.16657808e-09 1.06900204e-08 1.99742450e-08
5.30000000e+03 2.02860957e-40 2.76953004e-40 5.11546032e-40 2.02860957e-40 2.76953004e-40 5.11546032e-40 8.60861329e-09 1.14604489e-08 2.11878179e-08
5.40000000e+03 2.06672140e-40 2.80423753e-40 5.15597150e-40 2.06672140e-40 2.80423753e-40 5.15597150e-40 8.84864828e-09 1.18733272e-08 2.16202755e-08
5.50000000e+03 2.10496990e-40 2.83911315e-40 5.19661123e-40 2.10496990e-40 2.83911315e-40 5.19661123e-40 9.34936973e-09 1.26585607e-08 2.33270897e-08
5.60000000e+03 2.14335418e-40 2.87415554e-40 5.23737847e-40 2.14335418e-40 2.87415554e-40 5.23737847e-40 9.86009779e-09 1.31714455e-08 2.37117625e-08
5.70000000e+03 2.18187335e-40 2.90936337e-40 5.27827224e-40 2.18187335e-40 2.90936337e-40 5.27827224e-40 1.03175689e-08 1.33410038e-08 2.41990062e-08
5.80000000e+03 2.22052659e-40 2.94473531e-40 5.31929165e-40 2.22052659e-40 2.94473531e-40 5.31929165e-40 1.07854813e-08 1.40357062e-08 2.41851931e-08
5.90000000e+03 2.25931308e-40 2.98027006e-40 5.36043588e-40 2.25931308e-40 2.98027006e-40 5.36043588e-40 1.11757967e-08 1.41865896e-08 2.65209338e-08
6.00000000e+03 2.29823205e-40 3.01596636e-40 5.40170417e-40 2.29823205e-40 3.01596636e-40 5.40170417e-40 1.15571073e-08 1.54686861e-08 2.62585030e-08
6.10000000e+03 2.33728273e-40 3.05182295e-40 5.44309581e-40 2.33728273e-40 3.05182295e-40 5.44309581e-40 1.21992699e-08 1.60412799e-08 2.81872111e-08
6.20000000e+03 2.37646441e-40 3.08783861e-40 5.48461017e-40 2.37646441e-40 3.08783861e-40 5.48461017e-40 1.26318008e-08 1.63932175e-08 2.80243028e-08
6.30000000e+03 2.41577638e-40 3.12401213e-40 5.52624668e-40 2.41577638e-40 3.12401213e-40 5.52624668e-40 1.31499216e-08 1.71754362e-08 3.01298319e-08
6.40000000e+03 2.45521797e-40 3.16034235e-40 5.56800481e-40 2.45521797e-40 3.16034235e-40 5.56800481e-40 1.36104908e-08 1.67996943e-08 2.98975014e-08
6.50000000e+03 2.49478851e-40 3.19682812e-40 5.60988409e-40 2.49478851e-40 3.19682812e-40 5.60988409e-40 1.41176157e-08 1.82699430e-08 3.25109898e-08
6.60000000e+03 2.53448739e-40 3.23346830e-40 5.65188410e-40 2.53448739e-40 3.23346830e-40 5.65188410e-40 1.49494994e-08 1.91740427e-08 3.21043649e-08
6.70000000e+03 2.57431397e-40 3.27026182e-40 5.69400446e-40 2.57431397e-40 3.27026182e-40 5.69400446e-40 1.54454963e-08 1.97251999e-08 3.35925102e-08
6.80000000e+03 2.61426767e-40 3.30720760e-40 5.73624482e-40 2.61426767e-40 3.30720760e-40 5.73624482e-40 1.57173038e-08 1.95030818e-08 3.48979774e-08
6.90000000e+03 2.65434792e-40 3.34430460e-40 5.77860489e-40 2.65434792e-40 3.34430460e-40 5.77860489e-40 1.65235651e-08 2.02184118e-08 3.58702857e-08
7.00000000e+03 2.69455415e-40 3.38155181e-40 5.82108439e-40 2.69455415e-40 3.38155181e-40 5.82108439e-40 1.73285082e-08 2.14944500e-08 3.62442072e-08
7.10000000e+03 2.73488583e-40 3.41894824e-40 5.86368308e-40 2.73488583e-40 3.41894824e-40 5.86368308e-40 1.79315461e-08 2.22161427e-08 3.75785845e-08
7.20000000e+03 2.77534241e-40 3.45649293e-40 5.90640075e-40 2.77534241e-40 3.45649293e-40 5.90640075e-40 1.82859217e-08 2.25849072e-08 3.95693715e-08
7.30000000e+03 2.81592339e-40 3.49418495e-40 5.94923720e-40 2.81592339e-40 3.49418495e-40 5.94923720e-40 1.92787143e-08 2.38662407e-08 3.97277367e-08
7.40000000e+03 2.85662828e-40 3.53202339e-40 5.99219226e-40 2.85662828e-40 3.53202339e-40 5.99219226e-40 1.99575304e-08 2.40234531e-08 4.08402539e-08
7.50000000e+03 2.89745657e-40 3.57000736e-40 6.03526579e-40 2.89745657e-40 3.57000736e-40 6.03526579e-40 2.05812281e-08 2.56489001e-08 4.29511755e-08
7.60000000e+03 2.93840779e-40 3.60813601e-40 6.07845763e-40 2.93840779e-40 3.60813601e-40 6.07845763e-40 2.11312675e-08 2.62273016e-08 4.36941125e-08
7.70000000e+03 2.97948148e-40 3.64640850e-40 6.12176766e-40 2.97948148e-40 3.64640850e-40 6.12176766e-40 2.21903398e-08 2.67059432e-08 4.39768755e-08
7.80000000e+03 3.02067718e-40 3.68482401e-40 6.16519577e-40 3.02067718e-40 3.68482401e-40 6.16519577e-40 2.29745179e-08 2.63605736e-08 4.67111473e-08
7.90000000e+03 3.06199444e-40 3.72338176e-40 6.20874184e-40 3.06199444e-40 3.72338176e-40 6.20874184e-40 2.32586223e-08 2.89020412e-08 4.78332423e-08
8.00000000e+03 3.10343282e-40 3.76208097e-40 6.25240578e-40 3.10343282e-40 3.76208097e-40 6.25240578e-40 2.43137097e-08 2.95005444e-08 4.92855895e-08
8.10000000e+03 3.14499189e-40 3.80092090e-40 6.29618747e-40 3.14499189e-40 3.80092090e-40 6.29618747e-40 2.53011596e-08 2.91350420e-08 4.99884327e-08
8.20000000e+03 3.18667124e-40 3.83990083e-40 6.34008684e-40 3.18667124e-40 3.83990083e-40 6.34008684e-40 2.60155724e-08 3.08963521e-08 5.07491743e-08
8.30000000e+03 3.22847045e-40 3.87902003e-40 6.38410377e-40 3.22847045e-40 3.87902003e-40 6.38410377e-40 2.64522400e-08 3.07390464e-08 5.14574695e-08
8.40000000e+03 3.27038910e-40 3.91827783e-40 6.42823817e-40 3.27038910e-40 3.91827783e-40 6.42823817e-40 2.76398489e-08 3.26925397e-08 5.36363644e-08
8.50000000e+03 3.31242680e-40 3.95767354e-40 6.47248995e-40 3.31242680e-40 3.95767354e-40 6.47248995e-40 2.82999738e-08 3.24205708e-08 5.59692791e-08
8.60000000e+03 3.35458315e-40 3.99720652e-40 6.51685901e-40 3.35458315e-40 3.99720652e-40 6.51685901e-40 2.94773867e-08 3.44093471e-08 5.66858275e-08
8.70000000e+03 3.39685776e-40 4.03687612e-40 6.56134524e-40 3.39685776e-40 4.03687612e-40 6.56134524e-40 3.00409473e-08 3.58112557e-08 5.78016120e-08
8.80000000e+03 3.43925025e-40 4.07668173e-40 6.60594855e-40 3.43925025e-40 4.07668173e-40 6.60594855e-40 3.07499696e-08 3.55284995e-08 5.77227216e-08
8.90000000e+03 3.48176024e-40 4.11662273e-40 6.65066880e-40 3.48176024e-40 4.11662273e-40 6.65066880e-40 3.17937702e-08 3.74993541e-08 6.02170388e-08
9.00000000e+03 3.52438734e-40 4.15669853e-40 6.69550590e-40 3.52438734e-40 4.15669853e-40 6.69550590e-40 3.32155571e-08 3.76842754e-08 6.18679308e-08
9.10000000e+03 3.56713121e-40 4.19690854e-40 6.74045971e-40 3.56713121e-40 4.19690854e-40 6.74045971e-40 3.39116527e-08 3.84729589e-08 6.33028986e-08
9.20000000e+03 3.60999145e-40 4.23725220e-40 6.78553011e-40 3.60999145e-40 4.23725220e-40 6.78553011e-40 3.48395420e-08 3.98571508e-08 6.33552865e-08
9.30000000e+03 3.65296773e-40 4.27772896e-40 6.83071696e-40 3.65296773e-40 4.27772896e-40 6.83071696e-40 3.60746736e-08 4.09380952e-08 6.54111727e-08
9.40000000e+03 3.69605967e-40 4.31833826e-40 6.87602012e-40 3.69605967e-40 4.31833826e-40 6.87602012e-40 3.69371005e-08 4.25683764e-08 6.91483044e-08
9.50000000e+03 3.73926692e-40 4.35907958e-40 6.92143944e-40 3.73926692e-40 4.35907958e-40 6.92143944e-40 3.79486487e-08 4.23496681e-08 7.00612637e-08
9.60000000e+03 3.78258914e-40 4.39995239e-40 6.96697476e-40 3.78258914e-40 4.39995239e-40 6.96697476e-40 3.89349240e-08 4.45720537e-08 6.98395273e-08
9.70000000e+03 3.82602597e-40 4.44095617e-40 7.01262592e-40 3.82602597e-40 4.44095617e-40 7.01262592e-40 4.00517551e-08 4.45454244e-08 7.32420332e-08
9.80000000e+03 3.86957707e-40 4.48209042e-40 7.05839275e-40 3.86957707e-40 4.48209042e-40 7.05839275e-40 4.13188635e-08 4.69331991e-08 7.44198698e-08
9.90000000e+03 3.91324211e-40 4.52335465e-40 7.10427508e-40 3.91324211e-40 4.52335465e-40 7.10427508e-40 4.20041216e-08 4.81806532e-08 7.42523598e-08
1.00000000e+04 3.95702074e-40 4.56474837e-40 7.15027271e-40 3.95702074e-40 4.56474837e-40 7.15027271e-40 4.35346980e-08 4.93861236e-08 7.81783104e-08
1.01000000e+04 4.00091263e-40 4.60627109e-40 7.19638545e-40 4.00091263e-40 4.60627109e-40 7.19638545e-40 4.49481835e-08 5.16516107e-08 7.83098825e-08
1.02000000e+04 4.04491745e-40 4.64792235e-40 7.24261310e-40 4.04491745e-40 4.64792235e-40 7.24261310e-40 4.55480418e-08 5.26598230e-08 8.20039175e-08
1.03000000e+04 4.08903487e-40 4.68970168e-40 7.28895546e-40 4.08903487e-40 4.68970168e-40 7.28895546e-40 4.63178638e-08 5.39449594e-08 8.32504134e-08
1.04000000e+04 4.13326456e-40 4.73160861e-40 7.33541231e-40 4.13326456e-40 4.73160861e-40 7.33541231e-40 4.80184614e-08 5.34002350e-08 8.53824736e-08
1.05000000e+04 4.17760619e-40 4.77364270e-40 7.38198343e-40 4.17760619e-40 4.77364270e-40 7.38198343e-40 4.93803836e-08 5.61457933e-08 8.75076402e-08
1.06000000e+04 4.22205945e-40 4.81580350e-40 7.42866860e-40 4.22205945e-40 4.81580350e-40 7.42866860e-40 5.06601968e-08 5.50937402e-08 8.60122623e-08
1.07000000e+04 4.26662402e-40 4.85809057e-40 7.47546759e-40 4.26662402e-40 4.85809057e-40 7.47546759e-40 5.20755323e-08 5.93955021e-08 8.91068595e-08
1.08000000e+04 4.31129957e-40 4.90050346e-40 7.52238014e-40 4.31129957e-40 4.90050346e-40 7.52238014e-40 5.30157840e-08 6.05690797e-08 9.20060414e-08
1.09000000e+04 4.35608580e-40 4.94304175e-40 7.56940602e-40 4.35608580e-40 4.94304175e-40 7.56940602e-40 5.46651962e-08 6.02323909e-08 9.50811884e-08
1.10000000e+04 4.40098239e-40 4.98570500e-40 7.61654498e-40 4.40098239e-40 4.98570500e-40 7.61654498e-40 5.61612356e-08 6.22415824e-08 9.26331812e-08
1.11000000e+04 4.44598902e-40 5.02849280e-40 7.66379676e-40 4.44598902e-40 5.02849280e-40 7.66379676e-40 5.74703379e-08 6.47487245e-08 9.75156604e-08
1.12000000e+04 4.49110539e-40 5.07140473e-40 7.71116109e-40 4.49110539e-40 5.07140473e-40 7.71116109e-40 5.82631613e-08 6.62756649e-08 9.74461171e-08
1.13000000e+04 4.53633119e-40 5.11444037e-40 7.75863771e-40 4.53633119e-40 5.11444037e-40 7.75863771e-40 5.94234500e-08 6.55709536e-08 1.02986789e-07
1.14000000e+04 4.58166611e-40 5.15759930e-40 7.80622635e-40 4.58166611e-40 5.15759930e-40 7.80622635e-40 6.16028592e-08 6.63571516e-08 1.04087912e-07
1.15000000e+04 4.62710985e-40 5.20088112e-40 7.85392673e-40 4.62710985e-40 5.20088112e-40 7.85392673e-40 6.31481618e-08 6.83656029e-08 1.07052880e-07
1.16000000e+04 4.67266210e-40 5.24428542e-40 7.90173856e-40 4.67266210e-40 5.24428542e-40 7.90173856e-40 6.44344512e-08 7.11337740e-08 1.07172743e-07
1.17000000e+04 4.71832257e-40 5.28781180e-40 7.94966156e-40 4.71832257e-40 5.28781180e-40 7.94966156e-40 6.58822122e-08 7.33636700e-08 1.10872258e-07
1.18000000e+04 4.76409095e-40 5.33145986e-40 7.99769544e-40 4.76409095e-40 5.33145986e-40 7.99769544e-40 6.71826703e-08 7.25601725e-08 1.11392814e-07
1.19000000e+04 4.80996694e-40 5.37522919e-40 8.04583990e-40 4.80996694e-40 5.37522919e-40 8.04583990e-40 6.83759530e-08 7.49163279e-08 1.15301961e-07
1.20000000e+04 4.85595024e-40 5.41911942e-40 8.09409463e-40 4.85595024e-40 5.41911942e-40 8.09409463e-40 7.05731188e-08 7.76556987e-08 1.15380358e-07
1.21000000e+04 4.90204056e-40 5.46313013e-40 8.14245935e-40 4.90204056e-40 5.46313013e-40 8.14245935e-40 7.19281656e-08 7.99836387e-08 1.18357383e-07
1.22000000e+04 4.94823760e-40 5.50726094e-40 8.19093373e-40 4.94823760e-40 5.50726094e-40 8.19093373e-40 7.36602854e-08 7.83263287e-08 1.21874344e-07
1.23000000e+04 4.99454107e-40 5.55151147e-40 8.23951748e-40 4.99454107e-40 5.55151147e-40 8.23951748e-40 7.39899357e-08 8.28527415e-08 1.21411762e-07
1.24000000e+04 5.04095067e-40 5.59588131e-40 8.28821026e-40 5.04095067e-40 5.59588131e-40 8.28821026e-40 7.69253550e-08 8.39456779e-08 1.24887765e-07
1.25000000e+04 5.08746611e-40 5.64037009e-40 8.33701177e-40 5.08746611e-40 5.64037009e-40 8.33701177e-40 7.75259608e-08 8.54367339e-08 1.28656281e-07
1.26000000e+04 5.13408709e-40 5.68497743e-40 8.38592169e-40 5.13408709e-40 5.68497743e-40 8.38592169e-40 8.00452464e-08 8.88735241e-08 1.28415727e-07
1.27000000e+04 5.18081333e-40 5.72970293e-40 8.43493968e-40 5.18081333e-40 5.72970293e-40 8.43493968e-40 8.13567788e-08 8.89578700e-08 1.32253851e-07
1.28000000e+04 5.22764453e-40 5.77454622e-40 8.48406543e-40 5.22764453e-40 5.77454622e-40 8.48406543e-40 8.37161806e-08 9.20953738e-08 1.29978167e-07
1.29000000e+04 5.27458041e-40 5.81950692e-40 8.53329859e-40 5.27458041e-40 5.81950692e-40 8.53329859e-40 8.47233161e-08 9.17652433e-08 1.38174262e-07
1.30000000e+04 5.32162066e-40 5.86458465e-40 8.58263884e-40 5.32162066e-40 5.86458465e-40 8.58263884e-40 8.73055322e-08 9.45043346e-08 1.36807293e-07
1.31000000e+04 5.36876501e-40 5.90977902e-40 8.63208584e-40 5.36876501e-40 5.90977902e-40 8.63208584e-40 8.72562886e-08 9.49160003e-08 1.41614407e-07
1.32000000e+04 5.41601316e-40 5.95508967e-40 8.68163925e-40 5.41601316e-40 5.95508967e-40 8.68163925e-40 9.01664896e-08 9.84952630e-08 1.44850991e-07
1.33000000e+04 5.46336483e-40 6.00051621e-40 8.73129874e-40 5.46336483e-40 6.00051621e-40 8.73129874e-40 9.20548172e-08 1.01170433e-07 1.39685248e-07
1.34000000e+04 5.51081972e-40 6.04605828e-40 8.78106395e-40 5.51081972e-40 6.04605828e-40 8.78106395e-40 9.36588002e-08 1.01542855e-07 1.43388909e-07
1.35000000e+04 5.55837755e-40 6.09171548e-40 8.83093454e-40 5.55837755e-40 6.09171548e-40 8.83093454e-40 9.65002268e-08 1.05628945e-07 1.51421028e-07
1.36000000e+04 5.60603802e-40 6.13748746e-40 8.88091016e-40 5.60603802e-40 6.13748746e-40 8.88091016e-40 9.70208870e-08 1.04490528e-07 1.54920324e-07
1.37000000e+04 5.65380086e-40 6.18337383e-40 8.93099046e-40 5.65380086e-40 6.18337383e-40 8.93099046e-40 1.00181213e-07 1.09503078e-07 1.58221169e-07
1.38000000e+04 5.70166577e-40 6.22937422e-40 8.98117509e-40 5.70166577e-40 6.22937422e-40 8.98117509e-40 1.01000902e-07 1.11653135e-07 1.58076529e-07
1.39000000e+04 5.74963246e-40 6.27548827e-40 9.03146369e-40 5.74963246e-40 6.27548827e-40 9.03146369e-40 1.03751464e-07 1.13587167e-07 1.60953543e-07
1.40000000e+04 5.79770064e-40 6.32171559e-40 9.08185591e-40 5.79770064e-40 6.32171559e-40 9.08185591e-40 1.05265631e-07 1.10813166e-07 1.66160199e-07
1.41000000e+04 5.84587004e-40 6.36805581e-40 9.13235139e-40 5.84587004e-40 6.36805581e-40 9.13235139e-40 1.08251961e-07 1.15655951e-07 1.66379795e-07
1.42000000e+04 5.89414035e-40 6.41450857e-40 9.18294976e-40 5.89414035e-40 6.41450857e-40 9.18294976e-40 1.10193987e-07 1.14487030e-07 1.71900847e-07
1.43000000e+04 5.94251129e-40 6.46107349e-40 9.23365066e-40 5.94251129e-40 6.46107349e-40 9.23365066e-40 1.10350772e-07 1.19174675e-07 1.68552375e-07
1.44000000e+04 5.99098258e-40 6.50775019e-40 9.28445373e-40 5.99098258e-40 6.50775019e-40 9.28445373e-40 1.13121733e-07 1.22825374e-07 1.74346695e-07
1.45000000e+04 6.03955391e-40 6.55453832e-40 9.33535861e-40 6.03955391e-40 6.55453832e-40 9.33535861e-40 1.16663713e-07 1.26542009e-07 1.75866735e-07
1.46000000e+04 6.08822501e-40 6.60143748e-40 9.38636491e-40 6.08822501e-40 6.60143748e-40 9.38636491e-40 1.18198510e-07 1.23762518e-07 1.81111747e-07
1.47000000e+04 6.13699557e-40 6.64844733e-40 9.43747228e-40 6.13699557e-40 6.64844733e-40 9.43747228e-40 1.20156448e-07 1.29088856e-07 1.78719292e-07
1.48000000e+04 6.18586532e-40 6.69556747e-40 9.48868034e-40 6.18586532e-40 6.69556747e-40 9.48868034e-40 1.21348792e-07 1.28741540e-07 1.82994575e-07
1.49000000e+04 6.23483396e-40 6.74279755e-40 9.53998872e-40 6.23483396e-40 6.74279755e-40 9.53998872e-40 1.24092583e-07 1.30307407e-07 1.87430524e-07
1.50000000e+04 6.28390120e-40 6.79013718e-40 9.59139705e-40 6.28390120e-40 6.79013718e-40 9.59139705e-40 1.26935620e-07 1.34621672e-07 1.92034795e-07
1.51000000e+04 6.33306674e-40 6.83758600e-40 9.64290494e-40 6.33306674e-40 6.83758600e-40 9.64290494e-40 1.29704917e-07 1.36371870e-07 1.96815423e-07
1.52000000e+04 6.38233030e-40 6.88514364e-40 9.69451203e-40 6.38233030e-40 6.88514364e-40 9.69451203e-40 1.31864351e-07 1.40297807e-07 1.98129465e-07
1.53000000e+04 6.43169159e-40 6.93280972e-40 9.74621793e-40 6.43169159e-40 6.93280972e-40 9.74621793e-40 1.33151549e-07 1.40185154e-07 2.03268903e-07
1.54000000e+04 6.48115030e-40 6.98058388e-40 9.79802226e-40 6.48115030e-40 6.98058388e-40 9.79802226e-40 1.35853751e-07 1.45136962e-07 2.01733030e-07
1.55000000e+04 6.53070615e-40 7.02846573e-40 9.84992464e-40 6.53070615e-40 7.02846573e-40 9.84992464e-40 1.38862212e-07 1.43582413e-07 2.07399205e-07
1.56000000e+04 6.58035883e-40 7.07645491e-40 9.90192468e-40 6.58035883e-40 7.07645491e-40 9.90192468e-40 1.39734221e-07 1.50557147e-07 2.12578303e-07
1.57000000e+04 6.63010806e-40 7.12455104e-40 9.95402202e-40 6.63010806e-40 7.12455104e-40 9.95402202e-40 1.42879437e-07 1.54257129e-07 2.15218831e-07
1.58000000e+04 6.67995355e-40 7.17275376e-40 1.00062162e-39 6.67995355e-40 7.17275376e-40 1.00062162e-39 1.46135942e-07 1.54842450e-07 2.19612733e-07
1.59000000e+04 6.72989498e-40 7.22106268e-40 1.00585070e-39 6.72989498e-40 7.22106268e-40 1.00585070e-39 1.49100961e-07 1.58821885e-07 2.18406766e-07
1.60000000e+04 6.77993207e-40 7.26947743e-40 1.01108939e-39 6.77993207e-40 7.26947743e-40 1.01108939e-39 1.49899103e-07 1.58585559e-07 2.23959479e-07
1.61000000e+04 6.83006451e-40 7.31799765e-40 1.01633765e-39 6.83006451e-40 7.31799765e-40 1.01633765e-39 1.52418211e-07 1.60297773e-07 2.29723881e-07
1.62000000e+04 6.88029202e-40 7.36662294e-40 1.02159544e-39 6.88029202e-40 7.36662294e-40 1.02159544e-39 1.55222949e-07 1.63918538e-07 2.30524094e-07
1.63000000e+04 6.93061428e-40 7.41535296e-40 1.02686273e-39 6.93061428e-40 7.41535296e-40 1.02686273e-39 1.58643544e-07 1.69869367e-07 2.31803018e-07
1.64000000e+04 6.98103101e-40 7.46418730e-40 1.03213948e-39 6.98103101e-40 7.46418730e-40 1.03213948e-39 1.58883725e-07 1.68519263e-07 2.37373757e-07
1.65000000e+04 7.03154189e-40 7.51312561e-40 1.03742565e-39 7.03154189e-40 7.51312561e-40 1.03742565e-39 1.62416274e-07 1.71605854e-07 2.43186538e-07
1.66000000e+04 7.08214663e-40 7.56216750e-40 1.04272119e-39 7.08214663e-40 7.56216750e-40 1.04272119e-39 1.66893241e-07 1.73491088e-07 2.43701749e-07
1.67000000e+04 7.13284493e-40 7.61131261e-40 1.04802607e-39 7.13284493e-40 7.61131261e-40 1.04802607e-39 1.67708281e-07 1.78777641e-07 2.46698393e-07
1.68000000e+04 7.18363647e-40 7.66056054e-40 1.05334025e-39 7.18363647e-40 7.66056054e-40 1.05334025e-39 1.71009990e-07 1.82713014e-07 2.52610724e-07
1.69000000e+04 7.23452097e-40 7.70991093e-40 1.05866369e-39 7.23452097e-40 7.70991093e-40 1.05866369e-39 1.75109205e-07 1.86319969e-07 2.57247479e-07
1.70000000e+04 7.28549811e-40 7.75936341e-40 1.06399635e-39 7.28549811e-40 7.75936341e-40 1.06399635e-39 1.78427014e-07 1.85514610e-07 2.55708863e-07
1.71000000e+04 7.33656759e-40 7.80891758e-40 1.06933819e-39 7.33656759e-40 7.80891758e-40 1.06933819e-39 1.81030903e-07 1.89145749e-07 2.61812945e-07
1.72000000e+04 7.38772910e-40 7.85857309e-40 1.07468918e-39 7.38772910e-40 7.85857309e-40 1.07468918e-39 1.84399695e-07 1.92897842e-07 2.68118762e-07
1.73000000e+04 7.43898234e-40 7.90832954e-40 1.08004926e-39 7.43898234e-40 7.90832954e-40 1.08004926e-39 1.86884673e-07 1.96781499e-07 2.67998799e-07
1.74000000e+04 7.49032700e-40 7.95818656e-40 1.08541840e-39 7.49032700e-40 7.95818656e-40 1.08541840e-39 1.88506073e-07 2.00794974e-07 2.73798051e-07
1.75000000e+04 7.54176277e-40 8.00814377e-40 1.09079657e-39 7.54176277e-40 8.00814377e-40 1.09079657e-39 1.91149776e-07 2.04940895e-07 2.71073279e-07
1.76000000e+04 7.59328934e-40 8.05820080e-40 1.09618372e-39 7.59328934e-40 8.05820080e-40 1.09618372e-39 1.92922303e-07 2.03600317e-07 2.70177468e-07
1.77000000e+04 7.64490641e-40 8.10835726e-40 1.10157980e-39 7.64490641e-40 8.10835726e-40 1.10157980e-39 1.98229719e-07 2.07904463e-07 2.75306748e-07
1.78000000e+04 7.69661366e-40 8.15861277e-40 1.10698479e-39 7.69661366e-40 8.15861277e-40 1.10698479e-39 2.01005010e-07 2.12357828e-07 2.80576250e-07
1.79000000e+04 7.74841079e-40 8.20896697e-40 1.11239865e-39 7.74841079e-40 8.20896697e-40 1.11239865e-39 2.02576605e-07 2.16967343e-07 2.85992179e-07
1.80000000e+04 7.80029748e-40 8.25941946e-40 1.11782132e-39 7.80029748e-40 8.25941946e-40 1.11782132e-39 2.07945385e-07 2.16740293e-07 2.91561098e-07
1.81000000e+04 7.85227342e-40 8.30996986e-40 1.12325277e-39 7.85227342e-40 8.30996986e-40 1.12325277e-39 2.11154231e-07 2.21312750e-07 2.97290091e-07
1.82000000e+04 7.90433830e-40 8.36061781e-40 1.12869297e-39 7.90433830e-40 8.36061781e-40 1.12869297e-39 2.12013738e-07 2.25445727e-07 3.02648697e-07
1.83000000e+04 7.95649180e-40 8.41136291e-40 1.13414187e-39 7.95649180e-40 8.41136291e-40 1.13414187e-39 2.15414368e-07 2.29682545e-07 3.07445837e-07
1.84000000e+04 8.00873362e-40 8.46220479e-40 1.13959943e-39 8.00873362e-40 8.46220479e-40 1.13959943e-39 2.21008067e-07 2.21305083e-07 3.12331232e-07
1.85000000e+04 8.06106344e-40 8.51314307e-40 1.14506561e-39 8.06106344e-40 8.51314307e-40 1.14506561e-39 2.24164365e-07 2.24913031e-07 3.10635558e-07
1.86000000e+04 8.11348094e-40 8.56417736e-40 1.15054037e-39 8.11348094e-40 8.56417736e-40 1.15054037e-39 2.27392347e-07 2.28588277e-07 3.15540556e-07
1.87000000e+04 8.16598581e-40 8.61530729e-40 1.15602367e-39 8.16598581e-40 8.61530729e-40 1.15602367e-39 2.28512113e-07 2.32332308e-07 3.17327328e-07
1.88000000e+04 8.21857774e-40 8.66653248e-40 1.16151548e-39 8.21857774e-40 8.66653248e-40 1.16151548e-39 2.34279221e-07 2.38754250e-07 3.25044718e-07
1.89000000e+04 8.27125640e-40 8.71785254e-40 1.16701574e-39 8.27125640e-40 8.71785254e-40 1.16701574e-39 2.34655889e-07 2.42260614e-07 3.30560173e-07
1.90000000e+04 8.32402149e-40 8.76926710e-40 1.17252443e-39 8.32402149e-40 8.76926710e-40 1.17252443e-39 2.37295926e-07 2.53257493e-07 3.34679847e-07
1.91000000e+04 8.37687268e-40 8.82077578e-40 1.17804150e-39 8.37687268e-40 8.82077578e-40 1.17804150e-39 2.44664547e-07 2.57600723e-07 3.39889884e-07
1.92000000e+04 8.42980966e-40 8.87237818e-40 1.18356691e-39 8.42980966e-40 8.87237818e-40 1.18356691e-39 2.47028874e-07 2.47917872e-07 3.45238215e-07
1.93000000e+04 8.48283212e-40 8.92407395e-40 1.18910062e-39 8.48283212e-40 8.92407395e-40 1.18910062e-39 2.47466245e-07 2.60198936e-07 3.50733026e-07
1.94000000e+04 8.53593972e-40 8.97586268e-40 1.19464259e-39 8.53593972e-40 8.97586268e-40 1.19464259e-39 2.50165803e-07 2.64706829e-07 3.55866769e-07
1.95000000e+04 8.58913217e-40 9.02774401e-40 1.20019279e-39 8.58913217e-40 9.02774401e-40 1.20019279e-39 2.58767107e-07 2.69361705e-07 3.61074761e-07
1.96000000e+04 8.64240913e-40 9.07971755e-40 1.20575116e-39 8.64240913e-40 9.07971755e-40 1.20575116e-39 2.60467190e-07 2.74173585e-07 3.58063002e-07
1.97000000e+04 8.69577029e-40 9.13178293e-40 1.21131768e-39 8.69577029e-40 9.13178293e-40 1.21131768e-39 2.65753095e-07 2.79153288e-07 3.63355753e-07
1.98000000e+04 8.74921534e-40 9.18393976e-40 1.21689231e-39 8.74921534e-40 9.18393976e-40 1.21689231e-39 2.69197371e-07 2.74849640e-07 3.68854631e-07
1.99000000e+04 8.80274395e-40 9.23618767e-40 1.22247499e-39 8.80274395e-40 9.23618767e-40 1.22247499e-39 2.68349074e-07 2.79661419e-07 3.74596879e-07
2.00000000e+04 8.85635580e-40 9.28852627e-40 1.22806570e-39 8.85635580e-40 9.28852627e-40 1.22806570e-39 2.71724243e-07 2.84653889e-07 3.80356512e-07
2.01000000e+04 8.91005058e-40 9.34095519e-40 1.23366440e-39 8.91005058e-40 9.34095519e-40 1.23366440e-39 2.79066173e-07 2.89840687e-07 3.86314600e-07
2.02000000e+04 8.96382796e-40 9.39347405e-40 1.23927104e-39 8.96382796e-40 9.39347405e-40 1.23927104e-39 2.83221747e-07 2.95236588e-07 3.92509704e-07
2.03000000e+04 9.01768763e-40 9.44608247e-40 1.24488559e-39 9.01768763e-40 9.44608247e-40 1.24488559e-39 2.87484483e-07 2.99810301e-07 3.81377122e-07
2.04000000e+04 9.07162927e-40 9.49878007e-40 1.25050800e-39 9.07162927e-40 9.49878007e-40 1.25050800e-39 2.91716201e-07 3.03677402e-07 3.86051362e-07
2.05000000e+04 9.12565256e-40 9.55156647e-40 1.25613824e-39 9.12565256e-40 9.55156647e-40 1.25613824e-39 2.95891695e-07 3.07598197e-07 4.01083229e-07
2.06000000e+04 9.17975718e-40 9.60444130e-40 1.26177627e-39 9.17975718e-40 9.60444130e-40 1.26177627e-39 2.95339245e-07 3.11573827e-07 3.99861255e-07
2.07000000e+04 9.23394282e-40 9.65740419e-40 1.26742205e-39 9.23394282e-40 9.65740419e-40 1.26742205e-39 2.99642326e-07 3.15605836e-07 4.14647223e-07
2.08000000e+04 9.28820914e-40 9.71045475e-40 1.27307555e-39 9.28820914e-40 9.71045475e-40 1.27307555e-39 3.04027993e-07 3.19695548e-07 4.17678769e-07
2.09000000e+04 9.34255584e-40 9.76359261e-40 1.27873671e-39 9.34255584e-40 9.76359261e-40 1.27873671e-39 3.08498780e-07 3.23843882e-07 4.20789020e-07
2.10000000e+04 9.39698259e-40 9.81681740e-40 1.28440551e-39 9.39698259e-40 9.81681740e-40 1.28440551e-39 3.10952197e-07 3.28052251e-07 4.23980672e-07
2.11000000e+04 9.45148908e-40 9.87012873e-40 1.29008191e-39 9.45148908e-40 9.87012873e-40 1.29008191e-39 3.15421739e-07 3.32322224e-07 4.27256202e-07
2.12000000e+04 9.50607499e-40 9.92352625e-40 1.29576586e-39 9.50607499e-40 9.92352625e-40 1.29576586e-39 3.24680922e-07 3.36655930e-07 4.42419188e-07
2.13000000e+04 9.56074000e-40 9.97700956e-40 1.30145733e-39 9.56074000e-40 9.97700956e-40 1.30145733e-39 3.21985742e-07 3.41072720e-07 4.45865413e-07
2.14000000e+04 9.61548380e-40 1.00305783e-39 1.30715628e-39 9.61548380e-40 1.00305783e-39 1.30715628e-39 3.26331617e-07 3.41798440e-07 4.49399962e-07
2.15000000e+04 9.67030606e-40 1.00842321e-39 1.31286268e-39 9.67030606e-40 1.00842321e-39 1.31286268e-39 3.30734992e-07 3.46266431e-07 4.53024886e-07
2.16000000e+04 9.72520647e-40 1.01379706e-39 1.31857648e-39 9.72520647e-40 1.01379706e-39 1.31857648e-39 3.35196244e-07 3.50558180e-07 4.56742387e-07
2.17000000e+04 9.78018471e-40 1.01917934e-39 1.32429765e-39 9.78018471e-40 1.01917934e-39 1.32429765e-39 3.39716624e-07 3.54898760e-07 4.62775936e-07
2.18000000e+04 9.83524047e-40 1.02457002e-39 1.33002615e-39 9.83524047e-40 1.02457002e-39 1.33002615e-39 3.44297738e-07 3.59309891e-07 4.54419020e-07
2.19000000e+04 9.89037343e-40 1.02996905e-39 1.33576194e-39 9.89037343e-40 1.02996905e-39 1.33576194e-39 3.52455809e-07 3.62787060e-07 4.78756592e-07
2.20000000e+04 9.94558327e-40 1.03537641e-39 1.34150499e-39 9.94558327e-40 1.03537641e-39 1.34150499e-39 3.56979856e-07 3.67316712e-07 4.81779940e-07
2.21000000e+04 1.00008697e-39 1.04079205e-39 1.34725526e-39 1.00008697e-39 1.04079205e-39 1.34725526e-39 3.61468037e-07 3.74689361e-07 4.84874229e-07
2.22000000e+04 1.00562324e-39 1.04621594e-39 1.35301271e-39 1.00562324e-39 1.04621594e-39 1.35301271e-39 3.62854568e-07 3.79126623e-07 4.88041859e-07
2.23000000e+04 1.01116710e-39 1.05164804e-39 1.35877730e-39 1.01116710e-39 1.05164804e-39 1.35877730e-39 3.67361801e-07 3.83635755e-07 4.91285389e-07
2.24000000e+04 1.01671852e-39 1.05708831e-39 1.36454901e-39 1.01671852e-39 1.05708831e-39 1.36454901e-39 3.74578681e-07 3.88219404e-07 4.94607564e-07
2.25000000e+04 1.02227748e-39 1.06253672e-39 1.37032778e-39 1.02227748e-39 1.06253672e-39 1.37032778e-39 3.80885928e-07 3.92880402e-07 4.98011309e-07
2.26000000e+04 1.02784393e-39 1.06799324e-39 1.37611359e-39 1.02784393e-39 1.06799324e-39 1.37611359e-39 3.85605956e-07 3.97621788e-07 4.95739573e-07
2.27000000e+04 1.03341786e-39 1.07345782e-39 1.38190640e-39 1.03341786e-39 1.07345782e-39 1.38190640e-39 3.90411113e-07 4.05833847e-07 4.99081023e-07
2.28000000e+04 1.03899922e-39 1.07893043e-39 1.38770617e-39 1.03899922e-39 1.07893043e-39 1.38770617e-39 3.95316076e-07 4.10493145e-07 5.26883359e-07
2.29000000e+04 1.04458799e-39 1.08441103e-39 1.39351287e-39 1.04458799e-39 1.08441103e-39 1.39351287e-39 4.00330617e-07 4.15238837e-07 5.30640459e-07
2.30000000e+04 1.05018414e-39 1.08989960e-39 1.39932646e-39 1.05018414e-39 1.08989960e-39 1.39932646e-39 4.05442874e-07 4.20074924e-07 5.34489851e-07
2.31000000e+04 1.05578763e-39 1.09539609e-39 1.40514691e-39 1.05578763e-39 1.09539609e-39 1.40514691e-39 4.04700040e-07 4.12806330e-07 5.43881873e-07
2.32000000e+04 1.06139844e-39 1.10090046e-39 1.41097419e-39 1.06139844e-39 1.10090046e-39 1.41097419e-39 4.09119094e-07 4.17541462e-07 5.47982210e-07
2.33000000e+04 1.06701653e-39 1.10641268e-39 1.41680824e-39 1.06701653e-39 1.10641268e-39 1.41680824e-39 4.13724083e-07 4.30946734e-07 5.52189081e-07
2.34000000e+04 1.07264188e-39 1.11193273e-39 1.42264905e-39 1.07264188e-39 1.11193273e-39 1.42264905e-39 4.18248004e-07 4.35681122e-07 5.56508062e-07
2.35000000e+04 1.07827444e-39 1.11746055e-39 1.42849658e-39 1.07827444e-39 1.11746055e-39 1.42849658e-39 4.22877008e-07 4.40524104e-07 5.55286887e-07
2.36000000e+04 1.08391420e-39 1.12299612e-39 1.43435078e-39 1.08391420e-39 1.12299612e-39 1.43435078e-39 4.27617473e-07 4.45481914e-07 5.59794946e-07
2.37000000e+04 1.08956113e-39 1.12853940e-39 1.44021164e-39 1.08956113e-39 1.12853940e-39 1.44021164e-39 4.30468560e-07 4.50561544e-07 5.64433841e-07
2.38000000e+04 1.09521518e-39 1.13409035e-39 1.44607911e-39 1.09521518e-39 1.13409035e-39 1.44607911e-39 4.43792945e-07 4.55774783e-07 5.69210740e-07
2.39000000e+04 1.10087633e-39 1.13964895e-39 1.45195316e-39 1.10087633e-39 1.13964895e-39 1.45195316e-39 4.48781384e-07 4.61127137e-07 5.71124130e-07
2.40000000e+04 1.10654456e-39 1.14521515e-39 1.45783375e-39 1.10654456e-39 1.14521515e-39 1.45783375e-39 4.53907025e-07 4.66624306e-07 5.76096866e-07
2.41000000e+04 1.11221983e-39 1.15078893e-39 1.46372086e-39 1.11221983e-39 1.15078893e-39 1.46372086e-39 4.59189155e-07 4.72275165e-07 5.81272921e-07
2.42000000e+04 1.11790211e-39 1.15637025e-39 1.46961445e-39 1.11790211e-39 1.15637025e-39 1.46961445e-39 4.61655062e-07 4.78089363e-07 5.87069871e-07
2.43000000e+04 1.12359137e-39 1.16195906e-39 1.47551448e-39 1.12359137e-39 1.16195906e-39 1.47551448e-39 4.61347636e-07 4.86907376e-07 5.93274725e-07
2.44000000e+04 1.12928759e-39 1.16755535e-39 1.48142093e-39 1.12928759e-39 1.16755535e-39 1.48142093e-39 4.67807732e-07 4.92560683e-07 5.99672443e-07
2.45000000e+04 1.13499072e-39 1.17315908e-39 1.48733376e-39 1.13499072e-39 1.17315908e-39 1.48733376e-39 4.80102219e-07 4.73991566e-07 6.06262610e-07
2.46000000e+04 1.14070075e-39 1.17877020e-39 1.49325293e-39 1.14070075e-39 1.17877020e-39 1.49325293e-39 4.84874474e-07 4.79858300e-07 6.32219918e-07
2.47000000e+04 1.14641765e-39 1.18438870e-39 1.49917842e-39 1.14641765e-39 1.18438870e-39 1.49917842e-39 4.89737822e-07 4.85935608e-07 6.39040561e-07
2.48000000e+04 1.15214138e-39 1.19001453e-39 1.50511020e-39 1.15214138e-39 1.19001453e-39 1.50511020e-39 4.91551883e-07 4.92238509e-07 6.46087776e-07
2.49000000e+04 1.15787191e-39 1.19564766e-39 1.51104822e-39 1.15787191e-39 1.19564766e-39 1.51104822e-39 5.02905517e-07 4.98786028e-07 6.53377715e-07
2.50000000e+04 1.16360922e-39 1.20128806e-39 1.51699247e-39 1.16360922e-39 1.20128806e-39 1.51699247e-39 5.08619975e-07 5.05601238e-07 6.60927953e-07
2.51000000e+04 1.16935328e-39 1.20693570e-39 1.52294290e-39 1.16935328e-39 1.20693570e-39 1.52294290e-39 5.12716132e-07 5.12695366e-07 6.68757801e-07
2.52000000e+04 1.17510406e-39 1.21259054e-39 1.52889949e-39 1.17510406e-39 1.21259054e-39 1.52889949e-39 5.20126781e-07 5.22778907e-07 6.76889569e-07
2.53000000e+04 1.18086153e-39 1.21825255e-39 1.53486220e-39 1.18086153e-39 1.21825255e-39 1.53486220e-39 5.25575835e-07 5.28232319e-07 6.76299378e-07
2.54000000e+04 1.18662566e-39 1.22392170e-39 1.54083102e-39 1.18662566e-39 1.22392170e-39 1.54083102e-39 5.31239724e-07 5.33820577e-07 6.72497887e-07
2.55000000e+04 1.19239643e-39 1.22959795e-39 1.54680589e-39 1.19239643e-39 1.22959795e-39 1.54680589e-39 5.37079395e-07 5.39570141e-07 6.88273850e-07
2.56000000e+04 1.19817380e-39 1.23528127e-39 1.55278680e-39 1.19817380e-39 1.23528127e-39 1.55278680e-39 5.43127266e-07 5.45539643e-07 6.83382894e-07
2.57000000e+04 1.20395774e-39 1.24097164e-39 1.55877371e-39 1.20395774e-39 1.24097164e-39 1.55877371e-39 5.46805049e-07 5.51794502e-07 6.96765995e-07
2.58000000e+04 1.20974824e-39 1.24666901e-39 1.56476660e-39 1.20974824e-39 1.24666901e-39 1.56476660e-39 5.53328692e-07 5.56572744e-07 7.04305756e-07
2.59000000e+04 1.21554526e-39 1.25237337e-39 1.57076543e-39 1.21554526e-39 1.25237337e-39 1.57076543e-39 5.60035490e-07 5.55916152e-07 7.11171866e-07
2.60000000e+04 1.22134877e-39 1.25808466e-39 1.57677018e-39 1.22134877e-39 1.25808466e-39 1.57677018e-39 5.61833131e-07 5.61096725e-07 7.18196428e-07
2.61000000e+04 1.22715874e-39 1.26380288e-39 1.58278081e-39 1.22715874e-39 1.26380288e-39 1.58278081e-39 5.68832816e-07 5.73334231e-07 7.25425450e-07
2.62000000e+04 1.23297516e-39 1.26952797e-39 1.58879729e-39 1.23297516e-39 1.26952797e-39 1.58879729e-39 5.72117285e-07 5.86241321e-07 7.32939390e-07
2.63000000e+04 1.23879799e-39 1.27525992e-39 1.59481961e-39 1.23879799e-39 1.27525992e-39 1.59481961e-39 5.79316727e-07 5.93678911e-07 7.40760257e-07
2.64000000e+04 1.24462720e-39 1.28099869e-39 1.60084772e-39 1.24462720e-39 1.28099869e-39 1.60084772e-39 5.86684949e-07 6.01309266e-07 7.48826850e-07
2.65000000e+04 1.25046276e-39 1.28674425e-39 1.60688160e-39 1.25046276e-39 1.28674425e-39 1.60688160e-39 5.94229544e-07 6.09140561e-07 7.40982058e-07
2.66000000e+04 1.25630466e-39 1.29249657e-39 1.61292122e-39 1.25630466e-39 1.29249657e-39 1.61292122e-39 6.01958848e-07 6.17181804e-07 7.48383716e-07
2.67000000e+04 1.26215286e-39 1.29825562e-39 1.61896656e-39 1.26215286e-39 1.29825562e-39 1.61896656e-39 6.04651584e-07 6.25442868e-07 7.55960954e-07
2.68000000e+04 1.26800734e-39 1.30402136e-39 1.62501758e-39 1.26800734e-39 1.30402136e-39 1.62501758e-39 6.12755180e-07 6.11462365e-07 7.63720312e-07
2.69000000e+04 1.27386807e-39 1.30979378e-39 1.63107426e-39 1.27386807e-39 1.30979378e-39 1.63107426e-39 6.20632706e-07 6.19504701e-07 7.71670670e-07
2.70000000e+04 1.27973502e-39 1.31557284e-39 1.63713657e-39 1.27973502e-39 1.31557284e-39 1.63713657e-39 6.27978979e-07 6.26139700e-07 7.79822227e-07
2.71000000e+04 1.28560817e-39 1.32135850e-39 1.64320449e-39 1.28560817e-39 1.32135850e-39 1.64320449e-39 6.34703338e-07 6.50081616e-07 7.92728309e-07
2.72000000e+04 1.29148749e-39 1.32715075e-39 1.64927798e-39 1.29148749e-39 1.32715075e-39 1.64927798e-39 6.36368748e-07 6.48748815e-07 8.18511609e-07
2.73000000e+04 1.29737295e-39 1.33294955e-39 1.65535702e-39 1.29737295e-39 1.33294955e-39 1.65535702e-39 6.34611826e-07 6.51987470e-07 7.97726377e-07
2.74000000e+04 1.30326454e-39 1.33875486e-39 1.66144158e-39 1.30326454e-39 1.33875486e-39 1.66144158e-39 6.54070915e-07 6.50408022e-07 8.23180494e-07
2.75000000e+04 1.30916222e-39 1.34456667e-39 1.66753165e-39 1.30916222e-39 1.34456667e-39 1.66753165e-39 6.55846969e-07 6.46897359e-07 8.31695746e-07
2.76000000e+04 1.31506597e-39 1.35038495e-39 1.67362718e-39 1.31506597e-39 1.35038495e-39 1.67362718e-39 6.62968626e-07 6.73703733e-07 8.47970058e-07
2.77000000e+04 1.32097576e-39 1.35620966e-39 1.67972816e-39 1.32097576e-39 1.35620966e-39 1.67972816e-39 6.73843194e-07 6.73198078e-07 8.14232561e-07
2.78000000e+04 1.32689157e-39 1.36204078e-39 1.68583456e-39 1.32689157e-39 1.36204078e-39 1.68583456e-39 6.77920127e-07 6.97755829e-07 8.28768518e-07
2.79000000e+04 1.33281337e-39 1.36787827e-39 1.69194635e-39 1.33281337e-39 1.36787827e-39 1.69194635e-39 6.85045271e-07 6.94955667e-07 8.43851485e-07
2.80000000e+04 1.33874114e-39 1.37372212e-39 1.69806351e-39 1.33874114e-39 1.37372212e-39 1.69806351e-39 6.91246326e-07 7.00541726e-07 8.76563963e-07
2.81000000e+04 1.34467486e-39 1.37957229e-39 1.70418602e-39 1.34467486e-39 1.37957229e-39 1.70418602e-39 6.94135229e-07 7.02031588e-07 8.79261013e-07
2.82000000e+04 1.35061449e-39 1.38542875e-39 1.71031385e-39 1.35061449e-39 1.38542875e-39 1.71031385e-39 7.03742846e-07 7.09770107e-07 8.61766420e-07
2.83000000e+04 1.35656002e-39 1.39129148e-39 1.71644697e-39 1.35656002e-39 1.39129148e-39 1.71644697e-39 7.11074955e-07 7.32319922e-07 8.77585103e-07
2.84000000e+04 1.36251142e-39 1.39716045e-39 1.72258536e-39 1.36251142e-39 1.39716045e-39 1.72258536e-39 7.20111130e-07 7.36394394e-07 9.09860583e-07
2.85000000e+04 1.36846867e-39 1.40303564e-39 1.72872900e-39 1.36846867e-39 1.40303564e-39 1.72872900e-39 7.18720422e-07 7.46234897e-07 9.16495654e-07
2.86000000e+04 1.37443173e-39 1.40891701e-39 1.73487786e-39 1.37443173e-39 1.40891701e-39 1.73487786e-39 7.31861587e-07 7.20461921e-07 8.84172145e-07
2.87000000e+04 1.38040060e-39 1.41480453e-39 1.74103192e-39 1.38040060e-39 1.41480453e-39 1.74103192e-39 7.36878367e-07 7.41317359e-07 9.15191866e-07
2.88000000e+04 1.38637524e-39 1.42069819e-39 1.74719116e-39 1.38637524e-39 1.42069819e-39 1.74719116e-39 7.49358463e-07 7.33095894e-07 9.22071686e-07
2.89000000e+04 1.39235563e-39 1.42659796e-39 1.75335554e-39 1.39235563e-39 1.42659796e-39 1.75335554e-39 7.40157597e-07 7.46676825e-07 9.36114815e-07
2.90000000e+04 1.39834175e-39 1.43250381e-39 1.75952506e-39 1.39834175e-39 1.43250381e-39 1.75952506e-39 7.61778925e-07 7.68729654e-07 9.41162416e-07
2.91000000e+04 1.40433358e-39 1.43841571e-39 1.76569969e-39 1.40433358e-39 1.43841571e-39 1.76569969e-39 7.63867697e-07 7.68974548e-07 9.34736652e-07
2.92000000e+04 1.41033109e-39 1.44433363e-39 1.77187939e-39 1.41033109e-39 1.44433363e-39 1.77187939e-39 7.66524461e-07 7.87808148e-07 9.78348461e-07
2.93000000e+04 1.41633425e-39 1.45025756e-39 1.77806416e-39 1.41633425e-39 1.45025756e-39 1.77806416e-39 7.76162413e-07 8.01784815e-07 9.53886190e-07
2.94000000e+04 1.42234305e-39 1.45618747e-39 1.78425397e-39 1.42234305e-39 1.45618747e-39 1.78425397e-39 7.85302899e-07 8.12420387e-07 9.93423297e-07
2.95000000e+04 1.42835747e-39 1.46212332e-39 1.79044880e-39 1.42835747e-39 1.46212332e-39 1.79044880e-39 7.87474127e-07 7.87351430e-07 9.59692526e-07
2.96000000e+04 1.43437748e-39 1.46806511e-39 1.79664862e-39 1.43437748e-39 1.46806511e-39 1.79664862e-39 7.98111940e-07 8.16785948e-07 9.79999526e-07
2.97000000e+04 1.44040305e-39 1.47401279e-39 1.80285342e-39 1.44040305e-39 1.47401279e-39 1.80285342e-39 8.08171369e-07 8.15355330e-07 9.89016878e-07
2.98000000e+04 1.44643418e-39 1.47996635e-39 1.80906316e-39 1.44643418e-39 1.47996635e-39 1.80906316e-39 8.21172388e-07 8.39680141e-07 1.02537603e-06
2.99000000e+04 1.45247082e-39 1.48592576e-39 1.81527785e-39 1.45247082e-39 1.48592576e-39 1.81527785e-39 8.30204694e-07 8.49269858e-07 1.03749883e-06
3.00000000e+04 1.45851297e-39 1.49189100e-39 1.82149744e-39 1.45851297e-39 1.49189100e-39 1.82149744e-39 8.37966631e-07 8.55107330e-07 1.04381383e-06
3.01000000e+04 1.46456061e-39 1.49786204e-39 1.82772192e-39 1.46456061e-39 1.49786204e-39 1.82772192e-39 8.37083946e-07 8.63143832e-07 1.05304082e-06
3.02000000e+04 1.47061370e-39 1.50383886e-39 1.83395127e-39 1.47061370e-39 1.50383886e-39 1.83395127e-39 8.53588742e-07 8.42172272e-07 1.05156200e-06
3.03000000e+04 1.47667223e-39 1.50982143e-39 1.84018547e-39 1.47667223e-39 1.50982143e-39 1.84018547e-39 8.54294033e-07 8.70079821e-07 1.04611194e-06
3.04000000e+04 1.48273618e-39 1.51580973e-39 1.84642450e-39 1.48273618e-39 1.51580973e-39 1.84642450e-39 8.60843282e-07 8.81181238e-07 1.07397177e-06
3.05000000e+04 1.48880552e-39 1.52180374e-39 1.85266833e-39 1.48880552e-39 1.52180374e-39 1.85266833e-39 8.72458627e-07 8.88390658e-07 1.04508102e-06
3.06000000e+04 1.49488024e-39 1.52780344e-39 1.85891696e-39 1.49488024e-39 1.52780344e-39 1.85891696e-39 8.83020727e-07 8.96274197e-07 1.09091855e-06
3.07000000e+04 1.50096032e-39 1.53380880e-39 1.86517036e-39 1.50096032e-39 1.53380880e-39 1.86517036e-39 8.91657005e-07 9.03608317e-07 1.06029290e-06
3.08000000e+04 1.50704572e-39 1.53981979e-39 1.87142851e-39 1.50704572e-39 1.53981979e-39 1.87142851e-39 8.87349856e-07 9.11305730e-07 1.08611937e-06
3.09000000e+04 1.51313645e-39 1.54583640e-39 1.87769138e-39 1.51313645e-39 1.54583640e-39 1.87769138e-39 8.98022680e-07 9.10931064e-07 1.12342807e-06
3.10000000e+04 1.51923246e-39 1.55185860e-39 1.88395897e-39 1.51923246e-39 1.55185860e-39 1.88395897e-39 9.08774417e-07 9.33947882e-07 1.11549022e-06
3.11000000e+04 1.52533375e-39 1.55788637e-39 1.89023126e-39 1.52533375e-39 1.55788637e-39 1.89023126e-39 9.23435975e-07 9.14603168e-07 1.12380378e-06
3.12000000e+04 1.53144030e-39 1.56391969e-39 1.89650822e-39 1.53144030e-39 1.56391969e-39 1.89650822e-39 9.33028455e-07 9.09738300e-07 1.13826795e-06
3.13000000e+04 1.53755208e-39 1.56995854e-39 1.90278984e-39 1.53755208e-39 1.56995854e-39 1.90278984e-39 9.41728303e-07 9.32902022e-07 1.13162265e-06
3.14000000e+04 1.54366907e-39 1.57600288e-39 1.90907609e-39 1.54366907e-39 1.57600288e-39 1.90907609e-39 9.37063902e-07 9.33793866e-07 1.17311515e-06
3.15000000e+04 1.54979126e-39 1.58205271e-39 1.91536697e-39 1.54979126e-39 1.58205271e-39 1.91536697e-39 9.51108856e-07 9.54577877e-07 1.12721555e-06
3.16000000e+04 1.55591862e-39 1.58810800e-39 1.92166244e-39 1.55591862e-39 1.58810800e-39 1.92166244e-39 9.61943248e-07 9.81422132e-07 1.17225976e-06
3.17000000e+04 1.56205114e-39 1.59416873e-39 1.92796251e-39 1.56205114e-39 1.59416873e-39 1.92796251e-39 9.56783233e-07 9.90327579e-07 1.17944007e-06
3.18000000e+04 1.56818879e-39 1.60023487e-39 1.93426714e-39 1.56818879e-39 1.60023487e-39 1.93426714e-39 9.80544317e-07 9.98360176e-07 1.18386302e-06
3.19000000e+04 1.57433156e-39 1.60630642e-39 1.94057632e-39 1.57433156e-39 1.60630642e-39 1.94057632e-39 9.78758336e-07 9.67816498e-07 1.21631606e-06
3.20000000e+04 1.58047944e-39 1.61238333e-39 1.94689003e-39 1.58047944e-39 1.61238333e-39 1.94689003e-39 9.93994949e-07 1.01561163e-06 1.21056010e-06
3.21000000e+04 1.58663239e-39 1.61846560e-39 1.95320826e-39 1.58663239e-39 1.61846560e-39 1.95320826e-39 1.00909683e-06 1.02290430e-06 1.23304145e-06
3.22000000e+04 1.59279041e-39 1.62455321e-39 1.95953099e-39 1.59279041e-39 1.62455321e-39 1.95953099e-39 1.01522436e-06 9.99948069e-07 1.20239024e-06
3.23000000e+04 1.59895347e-39 1.63064613e-39 1.96585821e-39 1.59895347e-39 1.63064613e-39 1.96585821e-39 1.02332716e-06 1.02325251e-06 1.22268720e-06
3.24000000e+04 1.60512156e-39 1.63674434e-39 1.97218989e-39 1.60512156e-39 1.63674434e-39 1.97218989e-39 1.01401274e-06 1.03477200e-06 1.25890273e-06
3.25000000e+04 1.61129465e-39 1.64284783e-39 1.97852602e-39 1.61129465e-39 1.64284783e-39 1.97852602e-39 1.02407981e-06 1.03994058e-06 1.27402640e-06
3.26000000e+04 1.61747274e-39 1.64895656e-39 1.98486659e-39 1.61747274e-39 1.64895656e-39 1.98486659e-39 1.05107552e-06 1.01864301e-06 1.29037602e-06
3.27000000e+04 1.62365579e-39 1.65507054e-39 1.99121157e-39 1.62365579e-39 1.65507054e-39 1.99121157e-39 1.04401458e-06 1.07565070e-06 1.27600592e-06
3.28000000e+04 1.62984381e-39 1.66118972e-39 1.99756096e-39 1.62984381e-39 1.66118972e-39 1.99756096e-39 1.06343708e-06 1.07508551e-06 1.31199459e-06
3.29000000e+04 1.63603676e-39 1.66731411e-39 2.00391474e-39 1.63603676e-39 1.66731411e-39 2.00391474e-39 1.07656431e-06 1.09073575e-06 1.31584680e-06
3.30000000e+04 1.64223463e-39 1.67344366e-39 2.01027289e-39 1.64223463e-39 1.67344366e-39 2.01027289e-39 1.08860360e-06 1.09559462e-06 1.28604639e-06
3.31000000e+04 1.64843740e-39 1.67957838e-39 2.01663539e-39 1.64843740e-39 1.67957838e-39 2.01663539e-39 1.08861102e-06 1.10198659e-06 1.30007319e-06
3.32000000e+04 1.65464506e-39 1.68571823e-39 2.02300224e-39 1.65464506e-39 1.68571823e-39 2.02300224e-39 1.10514558e-06 1.12663651e-06 1.31059606e-06
3.33000000e+04 1.66085759e-39 1.69186320e-39 2.02937342e-39 1.66085759e-39 1.69186320e-39 2.02937342e-39 1.10012931e-06 1.13771235e-06 1.35052113e-06
3.34000000e+04 1.66707497e-39 1.69801327e-39 2.03574890e-39 1.66707497e-39 1.69801327e-39 2.03574890e-39 1.12206592e-06 1.11277981e-06 1.34768322e-06
3.35000000e+04 1.67329719e-39 1.70416842e-39 2.04212869e-39 1.67329719e-39 1.70416842e-39 2.04212869e-39 1.13214402e-06 1.10266998e-06 1.37638200e-06
3.36000000e+04 1.67952423e-39 1.71032863e-39 2.04851276e-39 1.67952423e-39 1.71032863e-39 2.04851276e-39 1.13781542e-06 1.15461515e-06 1.36818708e-06
3.37000000e+04 1.68575607e-39 1.71649389e-39 2.05490110e-39 1.68575607e-39 1.71649389e-39 2.05490110e-39 1.14582981e-06 1.15365633e-06 1.37955407e-06
3.38000000e+04 1.69199270e-39 1.72266418e-39 2.06129370e-39 1.69199270e-39 1.72266418e-39 2.06129370e-39 1.15471458e-06 1.13615362e-06 1.41363791e-06
3.39000000e+04 1.69823409e-39 1.72883948e-39 2.06769054e-39 1.69823409e-39 1.72883948e-39 2.06769054e-39 1.14659882e-06 1.19217182e-06 1.38657526e-06
3.40000000e+04 1.70448025e-39 1.73501977e-39 2.07409161e-39 1.70448025e-39 1.73501977e-39 2.07409161e-39 1.18086256e-06 1.19362941e-06 1.39521222e-06
3.41000000e+04 1.71073114e-39 1.74120503e-39 2.08049689e-39 1.71073114e-39 1.74120503e-39 2.08049689e-39 1.18603138e-06 1.17907230e-06 1.44423293e-06
3.42000000e+04 1.71698676e-39 1.74739525e-39 2.08690637e-39 1.71698676e-39 1.74739525e-39 2.08690637e-39 1.19363298e-06 1.19647169e-06 1.45199873e-06
3.43000000e+04 1.72324709e-39 1.75359041e-39 2.09332004e-39 1.72324709e-39 1.75359041e-39 2.09332004e-39 1.20982921e-06 1.17713079e-06 1.45331615e-06
3.44000000e+04 1.72951211e-39 1.75979050e-39 2.09973789e-39 1.72951211e-39 1.75979050e-39 2.09973789e-39 1.21645547e-06 1.20935637e-06 1.40942913e-06
3.45000000e+04 1.73578181e-39 1.76599549e-39 2.10615990e-39 1.73578181e-39 1.76599549e-39 2.10615990e-39 1.22180275e-06 1.21262185e-06 1.47338287e-06
3.46000000e+04 1.74205617e-39 1.77220537e-39 2.11258606e-39 1.74205617e-39 1.77220537e-39 2.11258606e-39 1.23290665e-06 1.21969195e-06 1.46163729e-06
3.47000000e+04 1.74833518e-39 1.77842012e-39 2.11901636e-39 1.74833518e-39 1.77842012e-39 2.11901636e-39 1.23463621e-06 1.22465802e-06 1.48579548e-06
3.48000000e+04 1.75461883e-39 1.78463973e-39 2.12545078e-39 1.75461883e-39 1.78463973e-39 2.12545078e-39 1.25043684e-06 1.24832872e-06 1.51997567e-06
3.49000000e+04 1.76090709e-39 1.79086418e-39 2.13188931e-39 1.76090709e-39 1.79086418e-39 2.13188931e-39 1.26016897e-06 1.28877459e-06 1.50361022e-06
3.50000000e+04 1.76719996e-39 1.79709345e-39 2.13833194e-39 1.76719996e-39 1.79709345e-39 2.13833194e-39 1.25567902e-06 1.26110818e-06 1.46338087e-06
3.51000000e+04 1.77349741e-39 1.80332753e-39 2.14477866e-39 1.77349741e-39 1.80332753e-39 2.14477866e-39 1.27127758e-06 1.26413057e-06 1.53054439e-06
3.52000000e+04 1.77979945e-39 1.80956640e-39 2.15122946e-39 1.77979945e-39 1.80956640e-39 2.15122946e-39 1.29329859e-06 1.31393028e-06 1.51335585e-06
3.53000000e+04 1.78610604e-39 1.81581005e-39 2.15768432e-39 1.78610604e-39 1.81581005e-39 2.15768432e-39 1.30354938e-06 1.31468036e-06 1.56486184e-06
3.54000000e+04 1.79241718e-39 1.82205846e-39 2.16414323e-39 1.79241718e-39 1.82205846e-39 2.16414323e-39 1.30326123e-06 1.31520521e-06 1.55151876e-06
3.55000000e+04 1.79873286e-39 1.82831162e-39 2.17060619e-39 1.79873286e-39 1.82831162e-39 2.17060619e-39 1.32380723e-06 1.33543528e-06 1.59485613e-06
3.56000000e+04 1.80505305e-39 1.83456950e-39 2.17707317e-39 1.80505305e-39 1.83456950e-39 2.17707317e-39 1.32061209e-06 1.31492521e-06 1.57238619e-06
3.57000000e+04 1.81137775e-39 1.84083211e-39 2.18354418e-39 1.81137775e-39 1.84083211e-39 2.18354418e-39 1.32614052e-06 1.33648634e-06 1.59081056e-06
3.58000000e+04 1.81770695e-39 1.84709941e-39 2.19001919e-39 1.81770695e-39 1.84709941e-39 2.19001919e-39 1.35512010e-06 1.37011074e-06 1.63564675e-06
3.59000000e+04 1.82404062e-39 1.85337140e-39 2.19649819e-39 1.82404062e-39 1.85337140e-39 2.19649819e-39 1.35650420e-06 1.38635444e-06 1.61343311e-06
3.60000000e+04 1.83037876e-39 1.85964805e-39 2.20298119e-39 1.83037876e-39 1.85964805e-39 2.20298119e-39 1.36426646e-06 1.38944160e-06 1.63347840e-06
3.61000000e+04 1.83672135e-39 1.86592937e-39 2.20946816e-39 1.83672135e-39 1.86592937e-39 2.20946816e-39 1.37787278e-06 1.36638485e-06 1.66156522e-06
3.62000000e+04 1.84306839e-39 1.87221532e-39 2.21595909e-39 1.84306839e-39 1.87221532e-39 2.21595909e-39 1.39376542e-06 1.40189138e-06 1.67935893e-06
3.63000000e+04 1.84941985e-39 1.87850591e-39 2.22245398e-39 1.84941985e-39 1.87850591e-39 2.22245398e-39 1.39819504e-06 1.43789707e-06 1.70059626e-06
3.64000000e+04 1.85577572e-39 1.88480110e-39 2.22895281e-39 1.85577572e-39 1.88480110e-39 2.22895281e-39 1.40551824e-06 1.43285069e-06 1.68510316e-06
3.65000000e+04 1.86213600e-39 1.89110090e-39 2.23545557e-39 1.86213600e-39 1.89110090e-39 2.23545557e-39 1.42467416e-06 1.45441730e-06 1.71403970e-06
3.66000000e+04 1.86850066e-39 1.89740528e-39 2.24196226e-39 1.86850066e-39 1.89740528e-39 2.24196226e-39 1.44654760e-06 1.46246661e-06 1.73757367e-06
3.67000000e+04 1.87486970e-39 1.90371423e-39 2.24847286e-39 1.87486970e-39 1.90371423e-39 2.24847286e-39 1.43584426e-06 1.43153728e-06 1.74179634e-06
3.68000000e+04 1.88124311e-39 1.91002774e-39 2.25498737e-39 1.88124311e-39 1.91002774e-39 2.25498737e-39 1.46343745e-06 1.47214168e-06 1.76028773e-06
3.69000000e+04 1.88762087e-39 1.91634580e-39 2.26150577e-39 1.88762087e-39 1.91634580e-39 2.26150577e-39 1.45922412e-06 1.48739334e-06 1.72135235e-06
3.70000000e+04 1.89400296e-39 1.92266838e-39 2.26802805e-39 1.89400296e-39 1.92266838e-39 2.26802805e-39 1.47866931e-06 1.50590791e-06 1.77253667e-06
3.71000000e+04 1.90038939e-39 1.92899549e-39 2.27455421e-39 1.90038939e-39 1.92899549e-39 2.27455421e-39 1.47037185e-06 1.51737598e-06 1.78600604e-06
3.72000000e+04 1.90678013e-39 1.93532709e-39 2.28108424e-39 1.90678013e-39 1.93532709e-39 2.28108424e-39 1.47863453e-06 1.50757840e-06 1.79924471e-06
3.73000000e+04 1.91317518e-39 1.94166319e-39 2.28761812e-39 1.91317518e-39 1.94166319e-39 2.28761812e-39 1.51384078e-06 1.51741354e-06 1.75273443e-06
3.74000000e+04 1.91957452e-39 1.94800377e-39 2.29415585e-39 1.91957452e-39 1.94800377e-39 2.29415585e-39 1.52065703e-06 1.54179527e-06 1.83205884e-06
3.75000000e+04 1.92597814e-39 1.95434882e-39 2.30069742e-39 1.92597814e-39 1.95434882e-39 2.30069742e-39 1.53913166e-06 1.51598169e-06 1.81234671e-06
3.76000000e+04 1.93238603e-39 1.96069832e-39 2.30724282e-39 1.93238603e-39 1.96069832e-39 2.30724282e-39 1.54143187e-06 1.56674662e-06 1.77152666e-06
3.77000000e+04 1.93879819e-39 1.96705226e-39 2.31379204e-39 1.93879819e-39 1.96705226e-39 2.31379204e-39 1.55321481e-06 1.52824759e-06 1.84584863e-06
3.78000000e+04 1.94521458e-39 1.97341062e-39 2.32034507e-39 1.94521458e-39 1.97341062e-39 2.32034507e-39 1.55155186e-06 1.54494424e-06 1.88123617e-06
3.79000000e+04 1.95163522e-39 1.97977341e-39 2.32690191e-39 1.95163522e-39 1.97977341e-39 2.32690191e-39 1.59025946e-06 1.57641446e-06 1.87903725e-06
3.80000000e+04 1.95806008e-39 1.98614060e-39 2.33346254e-39 1.95806008e-39 1.98614060e-39 2.33346254e-39 1.60325659e-06 1.62601443e-06 1.89776573e-06
3.81000000e+04 1.96448915e-39 1.99251218e-39 2.34002696e-39 1.96448915e-39 1.99251218e-39 2.34002696e-39 1.60682721e-06 1.60900741e-06 1.90494563e-06
3.82000000e+04 1.97092243e-39 1.99888814e-39 2.34659516e-39 1.97092243e-39 1.99888814e-39 2.34659516e-39 1.62392949e-06 1.64261080e-06 1.89509935e-06
3.83000000e+04 1.97735990e-39 2.00526847e-39 2.35316713e-39 1.97735990e-39 2.00526847e-39 2.35316713e-39 1.63897751e-06 1.64440837e-06 1.92551392e-06
3.84000000e+04 1.98380156e-39 2.01165315e-39 2.35974286e-39 1.98380156e-39 2.01165315e-39 2.35974286e-39 1.63199918e-06 1.66578301e-06 1.96060179e-06
3.85000000e+04 1.99024739e-39 2.01804218e-39 2.36632234e-39 1.99024739e-39 2.01804218e-39 2.36632234e-39 1.62497950e-06 1.64831445e-06 1.93562590e-06
3.86000000e+04 1.99669737e-39 2.02443555e-39 2.37290557e-39 1.99669737e-39 2.02443555e-39 2.37290557e-39 1.67355786e-06 1.67047329e-06 1.98206549e-06
3.87000000e+04 2.00315152e-39 2.03083324e-39 2.37949255e-39 2.00315152e-39 2.03083324e-39 2.37949255e-39 1.66224210e-06 1.69257166e-06 1.93508154e-06
3.88000000e+04 2.00960980e-39 2.03723523e-39 2.38608325e-39 2.00960980e-39 2.03723523e-39 2.38608325e-39 1.68715632e-06 1.69340723e-06 1.97876406e-06
3.89000000e+04 2.01607221e-39 2.04364153e-39 2.39267768e-39 2.01607221e-39 2.04364153e-39 2.39267768e-39 1.68327786e-06 1.72893967e-06 2.01762434e-06
3.90000000e+04 2.02253875e-39 2.05005212e-39 2.39927582e-39 2.02253875e-39 2.05005212e-39 2.39927582e-39 1.71768223e-06 1.73691183e-06 2.00401569e-06
3.91000000e+04 2.02900939e-39 2.05646698e-39 2.40587768e-39 2.02900939e-39 2.05646698e-39 2.40587768e-39 1.71040326e-06 1.75350861e-06 2.01538114e-06
3.92000000e+04 2.03548414e-39 2.06288612e-39 2.41248323e-39 2.03548414e-39 2.06288612e-39 2.41248323e-39 1.73080671e-06 1.71023565e-06 2.02103438e-06
3.93000000e+04 2.04196298e-39 2.06930951e-39 2.41909248e-39 2.04196298e-39 2.06930951e-39 2.41909248e-39 1.75489037e-06 1.78394452e-06 2.06640390e-06
3.94000000e+04 2.04844591e-39 2.07573714e-39 2.42570542e-39 2.04844591e-39 2.07573714e-39 2.42570542e-39 1.73904386e-06 1.79396099e-06 2.08075639e-06
3.95000000e+04 2.05493290e-39 2.08216901e-39 2.43232204e-39 2.05493290e-39 2.08216901e-39 2.43232204e-39 1.77153851e-06 1.78585266e-06 2.09145669e-06
3.96000000e+04 2.06142396e-39 2.08860511e-39 2.43894234e-39 2.06142396e-39 2.08860511e-39 2.43894234e-39 1.75812245e-06 1.76891067e-06 2.03569446e-06
3.97000000e+04 2.06791908e-39 2.09504542e-39 2.44556630e-39 2.06791908e-39 2.09504542e-39 2.44556630e-39 1.80343106e-06 1.80156096e-06 2.10449421e-06
3.98000000e+04 2.07441824e-39 2.10148994e-39 2.45219392e-39 2.07441824e-39 2.10148994e-39 2.45219392e-39 1.79167163e-06 1.78256984e-06 2.05352683e-06
3.99000000e+04 2.08092143e-39 2.10793865e-39 2.45882520e-39 2.08092143e-39 2.10793865e-39 2.45882520e-39 1.81126941e-06 1.85695476e-06 2.16681246e-06
4.00000000e+04 2.08742866e-39 2.11439154e-39 2.46546012e-39 2.08742866e-39 2.11439154e-39 2.46546012e-39 1.84628078e-06 1.86820027e-06 2.12922368e-06
4.01000000e+04 2.09393990e-39 2.12084861e-39 2.47209869e-39 2.09393990e-39 2.12084861e-39 2.47209869e-39 1.82489856e-06 1.85414933e-06 2.14023448e-06
4.02000000e+04 2.10045515e-39 2.12730985e-39 2.47874089e-39 2.10045515e-39 2.12730985e-39 2.47874089e-39 1.84676190e-06 1.86981257e-06 2.17532760e-06
4.03000000e+04 2.10697440e-39 2.13377524e-39 2.48538671e-39 2.10697440e-39 2.13377524e-39 2.48538671e-39 1.85186801e-06 1.84760007e-06 2.22518304e-06
4.04000000e+04 2.11349765e-39 2.14024478e-39 2.49203616e-39 2.11349765e-39 2.14024478e-39 2.49203616e-39 1.86196819e-06 1.91693303e-06 2.22521628e-06
4.05000000e+04 2.12002488e-39 2.14671845e-39 2.49868923e-39 2.12002488e-39 2.14671845e-39 2.49868923e-39 1.89502524e-06 1.89884117e-06 2.22709522e-06
4.06000000e+04 2.12655608e-39 2.15319625e-39 2.50534591e-39 2.12655608e-39 2.15319625e-39 2.50534591e-39 1.91028996e-06 1.94829029e-06 2.23781471e-06
4.07000000e+04 2.13309125e-39 2.15967817e-39 2.51200619e-39 2.13309125e-39 2.15967817e-39 2.51200619e-39 1.93377612e-06 1.94216129e-06 2.15650939e-06
4.08000000e+04 2.13963038e-39 2.16616420e-39 2.51867007e-39 2.13963038e-39 2.16616420e-39 2.51867007e-39 1.95026801e-06 1.92493387e-06 2.22402819e-06
4.09000000e+04 2.14617345e-39 2.17265432e-39 2.52533755e-39 2.14617345e-39 2.17265432e-39 2.52533755e-39 1.93941517e-06 1.94980682e-06 2.30920154e-06
4.10000000e+04 2.15272047e-39 2.17914854e-39 2.53200861e-39 2.15272047e-39 2.17914854e-39 2.53200861e-39 1.96227170e-06 1.94819968e-06 2.23146771e-06
4.11000000e+04 2.15927143e-39 2.18564684e-39 2.53868325e-39 2.15927143e-39 2.18564684e-39 2.53868325e-39 1.97569500e-06 2.00167398e-06 2.24154292e-06
4.12000000e+04 2.16582630e-39 2.19214921e-39 2.54536146e-39 2.16582630e-39 2.19214921e-39 2.54536146e-39 1.99567040e-06 2.02759008e-06 2.34242558e-06
4.13000000e+04 2.17238510e-39 2.19865564e-39 2.55204325e-39 2.17238510e-39 2.19865564e-39 2.55204325e-39 1.98535537e-06 2.03330570e-06 2.33487040e-06
4.14000000e+04 2.17894781e-39 2.20516613e-39 2.55872860e-39 2.17894781e-39 2.20516613e-39 2.55872860e-39 1.99362863e-06 2.01592853e-06 2.31689455e-06
4.15000000e+04 2.18551442e-39 2.21168067e-39 2.56541752e-39 2.18551442e-39 2.21168067e-39 2.56541752e-39 2.00875426e-06 1.99902969e-06 2.37530640e-06
4.16000000e+04 2.19208492e-39 2.21819924e-39 2.57210998e-39 2.19208492e-39 2.21819924e-39 2.57210998e-39 2.03600281e-06 2.04124061e-06 2.39774561e-06
4.17000000e+04 2.19865931e-39 2.22472185e-39 2.57880600e-39 2.19865931e-39 2.22472185e-39 2.57880600e-39 2.05247630e-06 2.06690152e-06 2.38198489e-06
4.18000000e+04 2.20523758e-39 2.23124847e-39 2.58550556e-39 2.20523758e-39 2.23124847e-39 2.58550556e-39 2.05741854e-06 2.10867326e-06 2.41251208e-06
4.19000000e+04 2.21181973e-39 2.23777911e-39 2.59220866e-39 2.21181973e-39 2.23777911e-39 2.59220866e-39 2.06678178e-06 2.09079375e-06 2.44735729e-06
4.20000000e+04 2.21840574e-39 2.24431376e-39 2.59891529e-39 2.21840574e-39 2.24431376e-39 2.59891529e-39 2.07393691e-06 2.10061180e-06 2.38647538e-06
4.21000000e+04 2.22499560e-39 2.25085240e-39 2.60562545e-39 2.22499560e-39 2.25085240e-39 2.60562545e-39 2.07492152e-06 2.14490313e-06 2.48734756e-06
4.22000000e+04 2.23158932e-39 2.25739503e-39 2.61233914e-39 2.23158932e-39 2.25739503e-39 2.61233914e-39 2.14085182e-06 2.09007758e-06 2.41508874e-06
4.23000000e+04 2.23818687e-39 2.26394164e-39 2.61905634e-39 2.23818687e-39 2.26394164e-39 2.61905634e-39 2.12394775e-06 2.17139235e-06 2.52131257e-06
4.24000000e+04 2.24478827e-39 2.27049223e-39 2.62577706e-39 2.24478827e-39 2.27049223e-39 2.62577706e-39 2.13801631e-06 2.16666103e-06 2.51243447e-06
4.25000000e+04 2.25139349e-39 2.27704678e-39 2.63250129e-39 2.25139349e-39 2.27704678e-39 2.63250129e-39 2.17937215e-06 2.11290335e-06 2.49605291e-06
4.26000000e+04 2.25800254e-39 2.28360529e-39 2.63922903e-39 2.25800254e-39 2.28360529e-39 2.63922903e-39 2.17813302e-06 2.21454045e-06 2.48561744e-06
4.27000000e+04 2.26461540e-39 2.29016775e-39 2.64596027e-39 2.26461540e-39 2.29016775e-39 2.64596027e-39 2.18403732e-06 2.23631617e-06 2.52099126e-06
4.28000000e+04 2.27123207e-39 2.29673415e-39 2.65269500e-39 2.27123207e-39 2.29673415e-39 2.65269500e-39 2.21958439e-06 2.24017462e-06 2.55201865e-06
4.29000000e+04 2.27785254e-39 2.30330449e-39 2.65943322e-39 2.27785254e-39 2.30330449e-39 2.65943322e-39 2.22407558e-06 2.25712505e-06 2.56510020e-06
4.30000000e+04 2.28447680e-39 2.30987875e-39 2.66617494e-39 2.28447680e-39 2.30987875e-39 2.66617494e-39 2.21289188e-06 2.27773977e-06 2.58013451e-06
4.31000000e+04 2.29110486e-39 2.31645694e-39 2.67292013e-39 2.29110486e-39 2.31645694e-39 2.67292013e-39 2.25451913e-06 2.28748124e-06 2.58136757e-06
4.32000000e+04 2.29773670e-39 2.32303904e-39 2.67966881e-39 2.29773670e-39 2.32303904e-39 2.67966881e-39 2.24394156e-06 2.20380447e-06 2.57732902e-06
4.33000000e+04 2.30437231e-39 2.32962504e-39 2.68642096e-39 2.30437231e-39 2.32962504e-39 2.68642096e-39 2.29736661e-06 2.28295331e-06 2.63957598e-06
4.34000000e+04 2.31101169e-39 2.33621495e-39 2.69317658e-39 2.31101169e-39 2.33621495e-39 2.69317658e-39 2.30608549e-06 2.33218336e-06 2.55224446e-06
4.35000000e+04 2.31765483e-39 2.34280875e-39 2.69993567e-39 2.31765483e-39 2.34280875e-39 2.69993567e-39 2.30708612e-06 2.34356265e-06 2.64899268e-06
4.36000000e+04 2.32430173e-39 2.34940643e-39 2.70669822e-39 2.32430173e-39 2.34940643e-39 2.70669822e-39 2.32116552e-06 2.35705177e-06 2.71713885e-06
4.37000000e+04 2.33095238e-39 2.35600799e-39 2.71346423e-39 2.33095238e-39 2.35600799e-39 2.71346423e-39 2.33489991e-06 2.34195938e-06 2.66619025e-06
4.38000000e+04 2.33760678e-39 2.36261343e-39 2.72023369e-39 2.33760678e-39 2.36261343e-39 2.72023369e-39 2.36580603e-06 2.34960239e-06 2.74703745e-06
4.39000000e+04 2.34426491e-39 2.36922273e-39 2.72700661e-39 2.34426491e-39 2.36922273e-39 2.72700661e-39 2.33409349e-06 2.38258266e-06 2.69600275e-06
4.40000000e+04 2.35092678e-39 2.37583589e-39 2.73378297e-39 2.35092678e-39 2.37583589e-39 2.73378297e-39 2.35747465e-06 2.36462992e-06 2.76873047e-06
4.41000000e+04 2.35759237e-39 2.38245290e-39 2.74056277e-39 2.35759237e-39 2.38245290e-39 2.74056277e-39 2.40989753e-06 2.37988359e-06 2.76337973e-06
4.42000000e+04 2.36426168e-39 2.38907375e-39 2.74734602e-39 2.36426168e-39 2.38907375e-39 2.74734602e-39 2.41057368e-06 2.42888328e-06 2.76226420e-06
4.43000000e+04 2.37093471e-39 2.39569845e-39 2.75413270e-39 2.37093471e-39 2.39569845e-39 2.75413270e-39 2.43272461e-06 2.45515624e-06 2.76245996e-06
4.44000000e+04 2.37761144e-39 2.40232698e-39 2.76092282e-39 2.37761144e-39 2.40232698e-39 2.76092282e-39 2.44195440e-06 2.45248092e-06 2.75581373e-06
4.45000000e+04 2.38429188e-39 2.40895933e-39 2.76771636e-39 2.38429188e-39 2.40895933e-39 2.76771636e-39 2.46621783e-06 2.46953949e-06 2.80230943e-06
4.46000000e+04 2.39097602e-39 2.41559550e-39 2.77451333e-39 2.39097602e-39 2.41559550e-39 2.77451333e-39 2.43232258e-06 2.49046035e-06 2.87915432e-06
4.47000000e+04 2.39766385e-39 2.42223549e-39 2.78131372e-39 2.39766385e-39 2.42223549e-39 2.78131372e-39 2.48862421e-06 2.46840540e-06 2.80846969e-06
4.48000000e+04 2.40435536e-39 2.42887929e-39 2.78811753e-39 2.40435536e-39 2.42887929e-39 2.78811753e-39 2.50363091e-06 2.43067400e-06 2.86905187e-06
4.49000000e+04 2.41105055e-39 2.43552688e-39 2.79492475e-39 2.41105055e-39 2.43552688e-39 2.79492475e-39 2.50703249e-06 2.54726973e-06 2.92508373e-06
4.50000000e+04 2.41774943e-39 2.44217828e-39 2.80173539e-39 2.41774943e-39 2.44217828e-39 2.80173539e-39 2.49264364e-06 2.55786681e-06 2.84549831e-06
4.51000000e+04 2.42445197e-39 2.44883346e-39 2.80854944e-39 2.42445197e-39 2.44883346e-39 2.80854944e-39 2.55128525e-06 2.58820560e-06 2.93257638e-06
4.52000000e+04 2.43115817e-39 2.45549242e-39 2.81536689e-39 2.43115817e-39 2.45549242e-39 2.81536689e-39 2.57358569e-06 2.57015212e-06 2.97946674e-06
4.53000000e+04 2.43786803e-39 2.46215517e-39 2.82218774e-39 2.43786803e-39 2.46215517e-39 2.82218774e-39 2.58445627e-06 2.61393050e-06 2.88393773e-06
4.54000000e+04 2.44458155e-39 2.46882169e-39 2.82901199e-39 2.44458155e-39 2.46882169e-39 2.82901199e-39 2.61173286e-06 2.56851133e-06 3.02501064e-06
4.55000000e+04 2.45129872e-39 2.47549197e-39 2.83583964e-39 2.45129872e-39 2.47549197e-39 2.83583964e-39 2.58154163e-06 2.63609859e-06 2.94203767e-06
4.56000000e+04 2.45801953e-39 2.48216601e-39 2.84267068e-39 2.45801953e-39 2.48216601e-39 2.84267068e-39 2.60686121e-06 2.67519688e-06 3.05887774e-06
4.57000000e+04 2.46474398e-39 2.48884381e-39 2.84950511e-39 2.46474398e-39 2.48884381e-39 2.84950511e-39 2.64109413e-06 2.61398361e-06 2.93413738e-06
4.58000000e+04 2.47147207e-39 2.49552536e-39 2.85634293e-39 2.47147207e-39 2.49552536e-39 2.85634293e-39 2.62233389e-06 2.61102366e-06 3.09208742e-06
4.59000000e+04 2.47820378e-39 2.50221066e-39 2.86318414e-39 2.47820378e-39 2.50221066e-39 2.86318414e-39 2.68531000e-06 2.66734716e-06 2.95090442e-06
4.60000000e+04 2.48493912e-39 2.50889969e-39 2.87002872e-39 2.48493912e-39 2.50889969e-39 2.87002872e-39 2.66545466e-06 2.70329036e-06 3.12705490e-06
4.61000000e+04 2.49167808e-39 2.51559246e-39 2.87687668e-39 2.49167808e-39 2.51559246e-39 2.87687668e-39 2.69521151e-06 2.70610470e-06 3.09095334e-06
4.62000000e+04 2.49842065e-39 2.52228895e-39 2.88372802e-39 2.49842065e-39 2.52228895e-39 2.88372802e-39 2.74250376e-06 2.73797002e-06 3.16686755e-06
4.63000000e+04 2.50516683e-39 2.52898917e-39 2.89058273e-39 2.50516683e-39 2.52898917e-39 2.89058273e-39 2.74456611e-06 2.68910428e-06 3.14777039e-06
4.64000000e+04 2.51191662e-39 2.53569311e-39 2.89744081e-39 2.51191662e-39 2.53569311e-39 2.89744081e-39 2.76707189e-06 2.78864254e-06 3.08579689e-06
4.65000000e+04 2.51867001e-39 2.54240075e-39 2.90430226e-39 2.51867001e-39 2.54240075e-39 2.90430226e-39 2.77408245e-06 2.70009391e-06 3.12771795e-06
4.66000000e+04 2.52542699e-39 2.54911211e-39 2.91116707e-39 2.52542699e-39 2.54911211e-39 2.91116707e-39 2.76907009e-06 2.80467224e-06 3.17580998e-06
4.67000000e+04 2.53218756e-39 2.55582717e-39 2.91803525e-39 2.53218756e-39 2.55582717e-39 2.91803525e-39 2.80001871e-06 2.80595623e-06 3.24308661e-06
4.68000000e+04 2.53895172e-39 2.56254592e-39 2.92490678e-39 2.53895172e-39 2.56254592e-39 2.92490678e-39 2.82691849e-06 2.77881201e-06 3.11417608e-06
4.69000000e+04 2.54571947e-39 2.56926837e-39 2.93178167e-39 2.54571947e-39 2.56926837e-39 2.93178167e-39 2.83436173e-06 2.86949304e-06 3.21755354e-06
4.70000000e+04 2.55249079e-39 2.57599451e-39 2.93865992e-39 2.55249079e-39 2.57599451e-39 2.93865992e-39 2.84870047e-06 2.82432826e-06 3.23371707e-06
4.71000000e+04 2.55926568e-39 2.58272433e-39 2.94554152e-39 2.55926568e-39 2.58272433e-39 2.94554152e-39 2.89343249e-06 2.87907085e-06 3.22930675e-06
4.72000000e+04 2.56604415e-39 2.58945783e-39 2.95242646e-39 2.56604415e-39 2.58945783e-39 2.95242646e-39 2.89615394e-06 2.92982653e-06 3.24626586e-06
4.73000000e+04 2.57282617e-39 2.59619500e-39 2.95931476e-39 2.57282617e-39 2.59619500e-39 2.95931476e-39 2.88231400e-06 2.94958356e-06 3.36475763e-06
4.74000000e+04 2.57961176e-39 2.60293583e-39 2.96620639e-39 2.57961176e-39 2.60293583e-39 2.96620639e-39 2.89536026e-06 2.93189548e-06 3.38586648e-06
4.75000000e+04 2.58640091e-39 2.60968034e-39 2.97310138e-39 2.58640091e-39 2.60968034e-39 2.97310138e-39 2.91710299e-06 2.92940886e-06 3.40517385e-06
4.76000000e+04 2.59319361e-39 2.61642850e-39 2.97999970e-39 2.59319361e-39 2.61642850e-39 2.97999970e-39 2.96748719e-06 2.94952772e-06 3.38388015e-06
4.77000000e+04 2.59998985e-39 2.62318032e-39 2.98690135e-39 2.59998985e-39 2.62318032e-39 2.98690135e-39 2.98462409e-06 2.91963924e-06 3.40014855e-06
4.78000000e+04 2.60678964e-39 2.62993578e-39 2.99380635e-39 2.60678964e-39 2.62993578e-39 2.99380635e-39 3.00729704e-06 2.95624392e-06 3.40692832e-06
4.79000000e+04 2.61359297e-39 2.63669489e-39 3.00071467e-39 2.61359297e-39 2.63669489e-39 3.00071467e-39 2.99708943e-06 3.05354850e-06 3.46266846e-06
4.80000000e+04 2.62039984e-39 2.64345765e-39 3.00762633e-39 2.62039984e-39 2.64345765e-39 3.00762633e-39 3.05001763e-06 3.05837483e-06 3.36014230e-06
4.81000000e+04 2.62721023e-39 2.65022404e-39 3.01454132e-39 2.62721023e-39 2.65022404e-39 3.01454132e-39 2.99059861e-06 2.98421000e-06 3.32498675e-06
4.82000000e+04 2.63402416e-39 2.65699406e-39 3.02145963e-39 2.63402416e-39 2.65699406e-39 3.02145963e-39 3.08028107e-06 3.05758045e-06 3.53568863e-06
4.83000000e+04 2.64084161e-39 2.66376771e-39 3.02838127e-39 2.64084161e-39 2.66376771e-39 3.02838127e-39 3.06720254e-06 2.98044172e-06 3.42934021e-06
4.84000000e+04 2.64766258e-39 2.67054499e-39 3.03530623e-39 2.64766258e-39 2.67054499e-39 3.03530623e-39 3.09542951e-06 3.12966282e-06 3.42248453e-06
4.85000000e+04 2.65448707e-39 2.67732588e-39 3.04223451e-39 2.65448707e-39 2.67732588e-39 3.04223451e-39 3.10885196e-06 3.11528375e-06 3.52821476e-06
4.86000000e+04 2.66131507e-39 2.68411039e-39 3.04916610e-39 2.66131507e-39 2.68411039e-39 3.04916610e-39 3.14934934e-06 3.16809636e-06 3.57245158e-06
4.87000000e+04 2.66814658e-39 2.69089851e-39 3.05610102e-39 2.66814658e-39 2.69089851e-39 3.05610102e-39 3.17255049e-06 3.12891037e-06 3.51505047e-06
4.88000000e+04 2.67498159e-39 2.69769024e-39 3.06303925e-39 2.67498159e-39 2.69769024e-39 3.06303925e-39 3.13925172e-06 3.15376348e-06 3.58543406e-06
4.89000000e+04 2.68182011e-39 2.70448557e-39 3.06998079e-39 2.68182011e-39 2.70448557e-39 3.06998079e-39 3.19742541e-06 3.23258192e-06 3.67276900e-06
4.90000000e+04 2.68866212e-39 2.71128450e-39 3.07692564e-39 2.68866212e-39 2.71128450e-39 3.07692564e-39 3.17438837e-06 3.20960462e-06 3.62850195e-06
4.91000000e+04 2.69550763e-39 2.71808703e-39 3.08387380e-39 2.69550763e-39 2.71808703e-39 3.08387380e-39 3.20475373e-06 3.23981106e-06 3.70055537e-06
4.92000000e+04 2.70235663e-39 2.72489314e-39 3.09082526e-39 2.70235663e-39 2.72489314e-39 3.09082526e-39 3.20250620e-06 3.28395755e-06 3.68281496e-06
4.93000000e+04 2.70920912e-39 2.73170285e-39 3.09778003e-39 2.70920912e-39 2.73170285e-39 3.09778003e-39 3.23983610e-06 3.22468880e-06 3.63109433e-06
4.94000000e+04 2.71606509e-39 2.73851614e-39 3.10473811e-39 2.71606509e-39 2.73851614e-39 3.10473811e-39 3.28285995e-06 3.25216822e-06 3.74635487e-06
4.95000000e+04 2.72292454e-39 2.74533300e-39 3.11169948e-39 2.72292454e-39 2.74533300e-39 3.11169948e-39 3.29464206e-06 3.31799690e-06 3.78209866e-06
4.96000000e+04 2.72978747e-39 2.75215345e-39 3.11866416e-39 2.72978747e-39 2.75215345e-39 3.11866416e-39 3.27972881e-06 3.21479165e-06 3.74989909e-06
4.97000000e+04 2.73665387e-39 2.75897746e-39 3.12563213e-39 2.73665387e-39 2.75897746e-39 3.12563213e-39 3.33140408e-06 3.30534577e-06 3.73450942e-06
4.98000000e+04 2.74352374e-39 2.76580504e-39 3.13260339e-39 2.74352374e-39 2.76580504e-39 3.13260339e-39 3.36417240e-06 3.39676538e-06 3.79552516e-06
4.99000000e+04 2.75039708e-39 2.77263619e-39 3.13957795e-39 2.75039708e-39 2.77263619e-39 3.13957795e-39 3.30992331e-06 3.37744586e-06 3.73542719e-06
5.00000000e+04 2.75727389e-39 2.77947090e-39 3.14655581e-39 2.75727389e-39 2.77947090e-39 3.14655581e-39 3.39055249e-06 3.32173201e-06 3.88606014e-06
