# Te [K]  der_Qff_DL [cm^5/K]  Qff_PL [cm^5/K]  Qff_KW [cm^5/K]
3.00000000e+02 7.84006236e-44 3.09717341e-44 1.77079736e-44
4.00000000e+02 7.19594245e-44 2.93543737e-44 1.67654255e-44
5.00000000e+02 6.74035189e-44 2.81530297e-44 1.63776268e-44
6.00000000e+02 6.40657879e-44 2.72117213e-44 1.63302585e-44
7.00000000e+02 6.14956206e-44 2.64548788e-44 1.64619331e-44
8.00000000e+02 5.94132683e-44 2.58322002e-44 1.66806557e-44
9.00000000e+02 5.76530242e-44 2.53075021e-44 1.69382328e-44
1.00000000e+03 5.61195534e-44 2.48551567e-44 1.72098747e-44
1.10000000e+03 5.47587121e-44 2.44575235e-44 1.74827772e-44
1.20000000e+03 5.35391576e-44 2.41026831e-44 1.77503874e-44
1.30000000e+03 5.24414372e-44 2.37825880e-44 1.80095826e-44
1.40000000e+03 5.14518346e-44 2.34917091e-44 1.82592137e-44
1.50000000e+03 5.05591612e-44 2.32261127e-44 1.84992979e-44
1.60000000e+03 4.97532553e-44 2.29828705e-44 1.87305302e-44
1.70000000e+03 4.90244133e-44 2.27596986e-44 1.89539633e-44
1.80000000e+03 4.83632823e-44 2.25547427e-44 1.91708248e-44
1.90000000e+03 4.77609463e-44 2.23664515e-44 1.93822459e-44
2.00000000e+03 4.72090641e-44 2.21935025e-44 1.95894438e-44
2.10000000e+03 4.66999915e-44 2.20347558e-44 1.97934072e-44
2.20000000e+03 4.62268625e-44 2.18892241e-44 1.99950083e-44
2.30000000e+03 4.57836245e-44 2.17560479e-44 2.01949713e-44
2.40000000e+03 4.53650346e-44 2.16344929e-44 2.03938809e-44
2.50000000e+03 4.49666252e-44 2.15238702e-44 2.05921953e-44
2.60000000e+03 4.45846501e-44 2.14236530e-44 2.07902625e-44
2.70000000e+03 4.42160172e-44 2.13333256e-44 2.09883387e-44
2.80000000e+03 4.38582168e-44 2.12524509e-44 2.11866049e-44
2.90000000e+03 4.35092486e-44 2.11806397e-44 2.13851833e-44
3.00000000e+03 4.31675508e-44 2.11175439e-44 2.15841500e-44
3.10000000e+03 4.28319352e-44 2.10628493e-44 2.17835467e-44
3.20000000e+03 4.25015267e-44 2.10162694e-44 2.19833915e-44
3.30000000e+03 4.21757101e-44 2.09775405e-44 2.21836862e-44
3.40000000e+03 4.18540827e-44 2.09464170e-44 2.23844222e-44
3.50000000e+03 4.15364138e-44 2.09226683e-44 2.25855885e-44
3.60000000e+03 4.12226092e-44 2.09060733e-44 2.27871618e-44
3.70000000e+03 4.09126818e-44 2.08964312e-44 2.29891354e-44
3.80000000e+03 4.06067257e-44 2.08935343e-44 2.31914951e-44
3.90000000e+03 4.03048959e-44 2.08971924e-44 2.33942318e-44
4.00000000e+03 4.00073933e-44 2.09072186e-44 2.35973419e-44
4.10000000e+03 3.97144367e-44 2.09234316e-44 2.38008258e-44
4.20000000e+03 3.94262673e-44 2.09456522e-44 2.40046882e-44
4.30000000e+03 3.91431697e-44 2.09737177e-44 2.42089383e-44
4.40000000e+03 3.88653623e-44 2.10074523e-44 2.44135871e-44
4.50000000e+03 3.85931047e-44 2.10466964e-44 2.46186520e-44
4.60000000e+03 3.83266354e-44 2.10912915e-44 2.48241506e-44
4.70000000e+03 3.80661800e-44 2.11410838e-44 2.50301033e-44
4.80000000e+03 3.78119489e-44 2.11959235e-44 2.52365318e-44
4.90000000e+03 3.75641355e-44 2.12556653e-44 2.54434589e-44
5.00000000e+03 3.73229152e-44 2.13201677e-44 2.56509081e-44
5.10000000e+03 3.70884450e-44 2.13892941e-44 2.58589027e-44
5.20000000e+03 3.68608630e-44 2.14629092e-44 2.60674655e-44
5.30000000e+03 3.66402894e-44 2.15408915e-44 2.62766190e-44
5.40000000e+03 3.64268246e-44 2.16231098e-44 2.64863845e-44
5.50000000e+03 3.62205537e-44 2.17094456e-44 2.66967821e-44
5.60000000e+03 3.60215429e-44 2.17997830e-44 2.69078303e-44
5.70000000e+03 3.58298449e-44 2.18940092e-44 2.71195460e-44
5.80000000e+03 3.56454939e-44 2.19920156e-44 2.73319445e-44
5.90000000e+03 3.54685107e-44 2.20936971e-44 2.75450391e-44
6.00000000e+03 3.52989071e-44 2.21989651e-44 2.77588411e-44
6.10000000e+03 3.51366751e-44 2.23076829e-44 2.79733599e-44
6.20000000e+03 3.49818000e-44 2.24197947e-44 2.81886018e-44
6.30000000e+03 3.48342554e-44 2.25351956e-44 2.84045752e-44
6.40000000e+03 3.46940048e-44 2.26537973e-44 2.86212783e-44
6.50000000e+03 3.45610028e-44 2.27755139e-44 2.88387200e-44
6.60000000e+03 3.44351953e-44 2.29002552e-44 2.90568931e-44
6.70000000e+03 3.43165235e-44 2.30279638e-44 2.92757975e-44
6.80000000e+03 3.42049176e-44 2.31585391e-44 2.94954289e-44
6.90000000e+03 3.41003047e-44 2.32919134e-44 2.97157813e-44
7.00000000e+03 3.40026057e-44 2.34280137e-44 2.99368471e-44
7.10000000e+03 3.39117368e-44 2.35667691e-44 3.01586171e-44
7.20000000e+03 3.38276099e-44 2.37081119e-44 3.03810805e-44
7.30000000e+03 3.37501331e-44 2.38519718e-44 3.06042253e-44
7.40000000e+03 3.36792114e-44 2.39982871e-44 3.08280371e-44
7.50000000e+03 3.36147525e-44 2.41469934e-44 3.10524945e-44
7.60000000e+03 3.35566394e-44 2.42980320e-44 3.12776062e-44
7.70000000e+03 3.35047863e-44 2.44513336e-44 3.15033292e-44
7.80000000e+03 3.34590838e-44 2.46068487e-44 3.17296543e-44
7.90000000e+03 3.34194266e-44 2.47645169e-44 3.19565625e-44
8.00000000e+03 3.33857082e-44 2.49242824e-44 3.21840342e-44
8.10000000e+03 3.33578213e-44 2.50860903e-44 3.24120487e-44
8.20000000e+03 3.33356600e-44 2.52498864e-44 3.26405847e-44
8.30000000e+03 3.33191110e-44 2.54156207e-44 3.28696203e-44
8.40000000e+03 3.33080712e-44 2.55832394e-44 3.30991331e-44
8.50000000e+03 3.33024307e-44 2.57526930e-44 3.33290995e-44
8.60000000e+03 3.33020816e-44 2.59239322e-44 3.35594979e-44
8.70000000e+03 3.33069164e-44 2.60969134e-44 3.37903025e-44
8.80000000e+03 3.33168279e-44 2.62715744e-44 3.40214945e-44
8.90000000e+03 3.33317100e-44 2.64478841e-44 3.42530359e-44
9.00000000e+03 3.33514563e-44 2.66257931e-44 3.44849156e-44
9.10000000e+03 3.33759630e-44 2.68052490e-44 3.47171043e-44
9.20000000e+03 3.34051249e-44 2.69862153e-44 3.49495770e-44
9.30000000e+03 3.34388422e-44 2.71686459e-44 3.51823088e-44
9.40000000e+03 3.34770066e-44 2.73524978e-44 3.54152747e-44
9.50000000e+03 3.35195234e-44 2.75377289e-44 3.56484494e-44
9.60000000e+03 3.35662912e-44 2.77242977e-44 3.58818080e-44
9.70000000e+03 3.36172116e-44 2.79121656e-44 3.61153256e-44
9.80000000e+03 3.36721877e-44 2.81012851e-44 3.63489825e-44
9.90000000e+03 3.37311237e-44 2.82916239e-44 3.65827379e-44
1.00000000e+04 3.37939252e-44 2.84831403e-44 3.68165833e-44
1.01000000e+04 3.38604992e-44 2.86757960e-44 3.70504882e-44
1.02000000e+04 3.39307540e-44 2.88695531e-44 3.72844303e-44
1.03000000e+04 3.40045994e-44 2.90643741e-44 3.75183836e-44
1.04000000e+04 3.40819466e-44 2.92602222e-44 3.77523250e-44
1.05000000e+04 3.41627068e-44 2.94570611e-44 3.79862308e-44
1.06000000e+04 3.42467975e-44 2.96548552e-44 3.82200779e-44
1.07000000e+04 3.43341307e-44 2.98535691e-44 3.84538431e-44
1.08000000e+04 3.44246219e-44 3.00531682e-44 3.86875026e-44
1.09000000e+04 3.45181964e-44 3.02536174e-44 3.89210376e-44
1.10000000e+04 3.46147666e-44 3.04548874e-44 3.91544233e-44
1.11000000e+04 3.47142561e-44 3.06569368e-44 3.93876365e-44
1.12000000e+04 3.48165876e-44 3.08597393e-44 3.96206585e-44
1.13000000e+04 3.49216830e-44 3.10632611e-44 3.98534600e-44
1.14000000e+04 3.50294704e-44 3.12674702e-44 4.00860422e-44
1.15000000e+04 3.51398746e-44 3.14723356e-44 4.03183628e-44
1.16000000e+04 3.52528233e-44 3.16778257e-44 4.05504076e-44
1.17000000e+04 3.53682463e-44 3.18839111e-44 4.07821619e-44
1.18000000e+04 3.54860741e-44 3.20905615e-44 4.10136016e-44
1.19000000e+04 3.56062392e-44 3.22977509e-44 4.12447094e-44
1.20000000e+04 3.57286720e-44 3.25054406e-44 4.14754669e-44
1.21000000e+04 3.58533103e-44 3.27136119e-44 4.17058559e-44
1.22000000e+04 3.59800893e-44 3.29222333e-44 4.19358602e-44
1.23000000e+04 3.61089424e-44 3.31312775e-44 4.21654584e-44
1.24000000e+04 3.62398120e-44 3.33407172e-44 4.23946398e-44
1.25000000e+04 3.63726356e-44 3.35505259e-44 4.26233787e-44
1.26000000e+04 3.65073540e-44 3.37606749e-44 4.28516689e-44
1.27000000e+04 3.66439089e-44 3.39711451e-44 4.30794892e-44
1.28000000e+04 3.67822431e-44 3.41819046e-44 4.33068283e-44
1.29000000e+04 3.69223008e-44 3.43929306e-44 4.35336642e-44
1.30000000e+04 3.70640272e-44 3.46041986e-44 4.37599846e-44
1.31000000e+04 3.72073683e-44 3.48156845e-44 4.39857791e-44
1.32000000e+04 3.73522717e-44 3.50273644e-44 4.42110318e-44
1.33000000e+04 3.74986857e-44 3.52392156e-44 4.44357281e-44
1.34000000e+04 3.76465604e-44 3.54512147e-44 4.46598556e-44
1.35000000e+04 3.77958446e-44 3.56633396e-44 4.48834020e-44
1.36000000e+04 3.79464914e-44 3.58755681e-44 4.51063540e-44
1.37000000e+04 3.80984529e-44 3.60878787e-44 4.53286997e-44
1.38000000e+04 3.82516826e-44 3.63002502e-44 4.55504274e-44
1.39000000e+04 3.84061349e-44 3.65126617e-44 4.57715257e-44
1.40000000e+04 3.85617653e-44 3.67250883e-44 4.59919835e-44
1.41000000e+04 3.87185302e-44 3.69375234e-44 4.62117901e-44
1.42000000e+04 3.88763867e-44 3.71499340e-44 4.64309351e-44
1.43000000e+04 3.90352931e-44 3.73623053e-44 4.66494084e-44
1.44000000e+04 3.91952085e-44 3.75746189e-44 4.68672002e-44
1.45000000e+04 3.93560928e-44 3.77868547e-44 4.70843011e-44
1.46000000e+04 3.95179068e-44 3.79989961e-44 4.73007021e-44
1.47000000e+04 3.96806120e-44 3.82110249e-44 4.75163943e-44
1.48000000e+04 3.98441724e-44 3.84229237e-44 4.77313691e-44
1.49000000e+04 4.00085470e-44 3.86346766e-44 4.79456184e-44
1.50000000e+04 4.01737040e-44 3.88462617e-44 4.81591343e-44
1.51000000e+04 4.03396070e-44 3.90576712e-44 4.83719092e-44
1.52000000e+04 4.05062214e-44 3.92688830e-44 4.85839358e-44
1.53000000e+04 4.06735140e-44 3.94798830e-44 4.87952068e-44
1.54000000e+04 4.08414507e-44 3.96906558e-44 4.90057157e-44
1.55000000e+04 4.10100006e-44 3.99011869e-44 4.92154559e-44
1.56000000e+04 4.11791316e-44 4.01114613e-44 4.94244216e-44
1.57000000e+04 4.13488131e-44 4.03214643e-44 4.96326056e-44
1.58000000e+04 4.15190154e-44 4.05311831e-44 4.98400033e-44
1.59000000e+04 4.16897075e-44 4.07406030e-44 5.00466088e-44
1.60000000e+04 4.18608625e-44 4.09497117e-44 5.02524171e-44
1.61000000e+04 4.20324511e-44 4.11584939e-44 5.04574230e-44
1.62000000e+04 4.22044463e-44 4.13669392e-44 5.06616219e-44
1.63000000e+04 4.23768211e-44 4.15750343e-44 5.08650091e-44
1.64000000e+04 4.25495492e-44 4.17827697e-44 5.10675805e-44
1.65000000e+04 4.27226050e-44 4.19901258e-44 5.12693372e-44
1.66000000e+04 4.28959634e-44 4.21970994e-44 5.14702597e-44
1.67000000e+04 4.30695999e-44 4.24036758e-44 5.16703600e-44
1.68000000e+04 4.32434904e-44 4.26098444e-44 5.18696295e-44
1.69000000e+04 4.34176117e-44 4.28155944e-44 5.20680651e-44
1.70000000e+04 4.35919409e-44 4.30209157e-44 5.22656636e-44
1.71000000e+04 4.37664556e-44 4.32257959e-44 5.24624222e-44
1.72000000e+04 4.39411342e-44 4.34302304e-44 5.26583384e-44
1.73000000e+04 4.41159553e-44 4.36342051e-44 5.28534097e-44
1.74000000e+04 4.42908995e-44 4.38377131e-44 5.30476339e-44
1.75000000e+04 4.44659424e-44 4.40407423e-44 5.32410089e-44
1.76000000e+04 4.46410683e-44 4.42432863e-44 5.34335335e-44
1.77000000e+04 4.48162566e-44 4.44453359e-44 5.36252048e-44
1.78000000e+04 4.49914883e-44 4.46468845e-44 5.38160208e-44
1.79000000e+04 4.51667451e-44 4.48479188e-44 5.40059819e-44
1.80000000e+04 4.53420091e-44 4.50484363e-44 5.41950861e-44
1.81000000e+04 4.55172626e-44 4.52484270e-44 5.43833322e-44
1.82000000e+04 4.56924887e-44 4.54478842e-44 5.45707195e-44
1.83000000e+04 4.58676707e-44 4.56468004e-44 5.47572467e-44
1.84000000e+04 4.60427925e-44 4.58451685e-44 5.49429145e-44
1.85000000e+04 4.62178366e-44 4.60429799e-44 5.51277211e-44
1.86000000e+04 4.63927912e-44 4.62402344e-44 5.53116667e-44
1.87000000e+04 4.65676421e-44 4.64369192e-44 5.54947511e-44
1.88000000e+04 4.67423635e-44 4.66330306e-44 5.56769747e-44
1.89000000e+04 4.69169535e-44 4.68285619e-44 5.58583359e-44
1.90000000e+04 4.70913933e-44 4.70235100e-44 5.60388367e-44
1.91000000e+04 4.72656704e-44 4.72178637e-44 5.62184768e-44
1.92000000e+04 4.74397705e-44 4.74116231e-44 5.63972567e-44
1.93000000e+04 4.76136816e-44 4.76047812e-44 5.65751795e-44
1.94000000e+04 4.77873907e-44 4.77973331e-44 5.67522379e-44
1.95000000e+04 4.79608858e-44 4.79892744e-44 5.69284399e-44
1.96000000e+04 4.81341552e-44 4.81805995e-44 5.71037863e-44
1.97000000e+04 4.83071867e-44 4.83713054e-44 5.72782755e-44
1.98000000e+04 4.84799692e-44 4.85613861e-44 5.74519094e-44
1.99000000e+04 4.86524917e-44 4.87508390e-44 5.76246893e-44
2.00000000e+04 4.88247450e-44 4.89396598e-44 5.77966164e-44
2.01000000e+04 4.89967174e-44 4.91278453e-44 5.79676908e-44
2.02000000e+04 4.91683973e-44 4.93153901e-44 5.81379181e-44
2.03000000e+04 4.93397788e-44 4.95022862e-44 5.83072955e-44
2.04000000e+04 4.95108504e-44 4.96885489e-44 5.84758267e-44
2.05000000e+04 4.96816005e-44 4.98741560e-44 5.86435128e-44
2.06000000e+04 4.98520236e-44 5.00591096e-44 5.88103556e-44
2.07000000e+04 5.00221096e-44 5.02434092e-44 5.89763569e-44
2.08000000e+04 5.01918502e-44 5.04270527e-44 5.91415204e-44
2.09000000e+04 5.03612368e-44 5.06100318e-44 5.93058460e-44
2.10000000e+04 5.05302626e-44 5.07923536e-44 5.94693366e-44
2.11000000e+04 5.06989176e-44 5.09740079e-44 5.96319945e-44
2.12000000e+04 5.08671980e-44 5.11549950e-44 5.97938218e-44
2.13000000e+04 5.10350933e-44 5.13353131e-44 5.99548210e-44
2.14000000e+04 5.12025976e-44 5.15149603e-44 6.01149944e-44
2.15000000e+04 5.13697039e-44 5.16939343e-44 6.02743447e-44
2.16000000e+04 5.15364058e-44 5.18722351e-44 6.04328737e-44
2.17000000e+04 5.17026969e-44 5.20498624e-44 6.05905826e-44
2.18000000e+04 5.18685709e-44 5.22268067e-44 6.07474787e-44
2.19000000e+04 5.20340217e-44 5.24030754e-44 6.09035629e-44
2.20000000e+04 5.21990443e-44 5.25786645e-44 6.10588354e-44
2.21000000e+04 5.23636323e-44 5.27535735e-44 6.12133005e-44
2.22000000e+04 5.25277806e-44 5.29277995e-44 6.13669612e-44
2.23000000e+04 5.26914829e-44 5.31013433e-44 6.15198202e-44
2.24000000e+04 5.28547375e-44 5.32742047e-44 6.16718806e-44
2.25000000e+04 5.30175362e-44 5.34463826e-44 6.18231448e-44
2.26000000e+04 5.31798753e-44 5.36178743e-44 6.19736173e-44
2.27000000e+04 5.33417508e-44 5.37886820e-44 6.21232996e-44
2.28000000e+04 5.35031573e-44 5.39588044e-44 6.22721949e-44
2.29000000e+04 5.36640919e-44 5.41282415e-44 6.24203105e-44
2.30000000e+04 5.38245503e-44 5.42969928e-44 6.25676404e-44
2.31000000e+04 5.39845272e-44 5.44650583e-44 6.27141957e-44
2.32000000e+04 5.41440216e-44 5.46324381e-44 6.28599759e-44
2.33000000e+04 5.43030280e-44 5.47991352e-44 6.30049884e-44
2.34000000e+04 5.44615405e-44 5.49651407e-44 6.31492325e-44
2.35000000e+04 5.46195647e-44 5.51304640e-44 6.32927126e-44
2.36000000e+04 5.47770895e-44 5.52951023e-44 6.34354323e-44
2.37000000e+04 5.49341124e-44 5.54590555e-44 6.35773950e-44
2.38000000e+04 5.50906329e-44 5.56223256e-44 6.37186040e-44
2.39000000e+04 5.52466477e-44 5.57849127e-44 6.38590629e-44
2.40000000e+04 5.54021542e-44 5.59468145e-44 6.39987749e-44
2.41000000e+04 5.55571497e-44 5.61080359e-44 6.41377438e-44
2.42000000e+04 5.57116321e-44 5.62685753e-44 6.42759732e-44
2.43000000e+04 5.58655982e-44 5.64284335e-44 6.44134657e-44
2.44000000e+04 5.60190479e-44 5.65876131e-44 6.45502259e-44
2.45000000e+04 5.61719786e-44 5.67461132e-44 6.46862569e-44
2.46000000e+04 5.63243877e-44 5.69039386e-44 6.48215621e-44
2.47000000e+04 5.64762723e-44 5.70610809e-44 6.49561460e-44
2.48000000e+04 5.66276345e-44 5.72175510e-44 6.50900113e-44
2.49000000e+04 5.67784694e-44 5.73733461e-44 6.52231618e-44
2.50000000e+04 5.69287764e-44 5.75284682e-44 6.53556013e-44
2.51000000e+04 5.70785543e-44 5.76829190e-44 6.54873334e-44
2.52000000e+04 5.72278032e-44 5.78366978e-44 6.56183615e-44
2.53000000e+04 5.73765189e-44 5.79898079e-44 6.57486898e-44
2.54000000e+04 5.75247021e-44 5.81422506e-44 6.58783241e-44
2.55000000e+04 5.76723524e-44 5.82940267e-44 6.60072612e-44
2.56000000e+04 5.78194685e-44 5.84451381e-44 6.61355106e-44
2.57000000e+04 5.79660493e-44 5.85955862e-44 6.62630762e-44
2.58000000e+04 5.81120944e-44 5.87453728e-44 6.63899583e-44
2.59000000e+04 5.82576031e-44 5.88944994e-44 6.65161636e-44
2.60000000e+04 5.84025748e-44 5.90429678e-44 6.66416931e-44
2.61000000e+04 5.85470090e-44 5.91907798e-44 6.67665547e-44
2.62000000e+04 5.86909042e-44 5.93379371e-44 6.68907484e-44
2.63000000e+04 5.88342632e-44 5.94844415e-44 6.70142790e-44
2.64000000e+04 5.89770833e-44 5.96302949e-44 6.71371504e-44
2.65000000e+04 5.91193652e-44 5.97754992e-44 6.72593661e-44
2.66000000e+04 5.92611081e-44 5.99200561e-44 6.73809300e-44
2.67000000e+04 5.94023115e-44 6.00639682e-44 6.75018458e-44
2.68000000e+04 5.95429779e-44 6.02072369e-44 6.76221172e-44
2.69000000e+04 5.96831065e-44 6.03498644e-44 6.77417480e-44
2.70000000e+04 5.98226939e-44 6.04918530e-44 6.78607418e-44
2.71000000e+04 5.99617448e-44 6.06332046e-44 6.79791024e-44
2.72000000e+04 6.01002583e-44 6.07739204e-44 6.80968336e-44
2.73000000e+04 6.02382334e-44 6.09140040e-44 6.82139389e-44
2.74000000e+04 6.03756708e-44 6.10534570e-44 6.83304224e-44
2.75000000e+04 6.05125752e-44 6.11922816e-44 6.84462872e-44
2.76000000e+04 6.06489401e-44 6.13304800e-44 6.85615366e-44
2.77000000e+04 6.07847706e-44 6.14680543e-44 6.86761758e-44
2.78000000e+04 6.09200664e-44 6.16050072e-44 6.87902091e-44
2.79000000e+04 6.10548280e-44 6.17413405e-44 6.89036381e-44
2.80000000e+04 6.11890561e-44 6.18770568e-44 6.90164665e-44
2.81000000e+04 6.13227518e-44 6.20121583e-44 6.91286991e-44
2.82000000e+04 6.14559153e-44 6.21466479e-44 6.92403392e-44
2.83000000e+04 6.15885480e-44 6.22805247e-44 6.93513903e-44
2.84000000e+04 6.17206506e-44 6.24138004e-44 6.94618563e-44
2.85000000e+04 6.18522241e-44 6.25464643e-44 6.95717415e-44
2.86000000e+04 6.19832693e-44 6.26785277e-44 6.96810472e-44
2.87000000e+04 6.21137880e-44 6.28099912e-44 6.97897794e-44
2.88000000e+04 6.22437793e-44 6.29408551e-44 6.98979409e-44
2.89000000e+04 6.23732474e-44 6.30711256e-44 7.00055348e-44
2.90000000e+04 6.25021912e-44 6.32008024e-44 7.01125663e-44
2.91000000e+04 6.26306116e-44 6.33298887e-44 7.02190376e-44
2.92000000e+04 6.27585111e-44 6.34583870e-44 7.03249522e-44
2.93000000e+04 6.28858905e-44 6.35862999e-44 7.04303142e-44
2.94000000e+04 6.30127509e-44 6.37136300e-44 7.05351281e-44
2.95000000e+04 6.31390940e-44 6.38403796e-44 7.06393910e-44
2.96000000e+04 6.32649209e-44 6.39665515e-44 7.07431193e-44
2.97000000e+04 6.33902328e-44 6.40921482e-44 7.08463063e-44
2.98000000e+04 6.35150316e-44 6.42171722e-44 7.09489573e-44
2.99000000e+04 6.36393180e-44 6.43416261e-44 7.10510773e-44
3.00000000e+04 6.37630939e-44 6.44655108e-44 7.11526687e-44
3.01000000e+04 6.38863614e-44 6.45888326e-44 7.12537358e-44
3.02000000e+04 6.40091224e-44 6.47115932e-44 7.13542817e-44
3.03000000e+04 6.41313744e-44 6.48337930e-44 7.14543099e-44
3.04000000e+04 6.42531233e-44 6.49554357e-44 7.15538238e-44
3.05000000e+04 6.43743695e-44 6.50765238e-44 7.16528268e-44
3.06000000e+04 6.44951146e-44 6.51970602e-44 7.17513224e-44
3.07000000e+04 6.46153598e-44 6.53170474e-44 7.18493138e-44
3.08000000e+04 6.47351075e-44 6.54364883e-44 7.19468036e-44
3.09000000e+04 6.48543588e-44 6.55553849e-44 7.20437980e-44
3.10000000e+04 6.49731153e-44 6.56737404e-44 7.21402974e-44
3.11000000e+04 6.50913789e-44 6.57915574e-44 7.22363063e-44
3.12000000e+04 6.52091528e-44 6.59088384e-44 7.23318276e-44
3.13000000e+04 6.53264337e-44 6.60255861e-44 7.24268651e-44
3.14000000e+04 6.54432305e-44 6.61418032e-44 7.25214215e-44
3.15000000e+04 6.55595400e-44 6.62574924e-44 7.26155009e-44
3.16000000e+04 6.56753654e-44 6.63726562e-44 7.27091065e-44
3.17000000e+04 6.57907088e-44 6.64872973e-44 7.28022399e-44
3.18000000e+04 6.59055717e-44 6.66014184e-44 7.28949052e-44
3.19000000e+04 6.60199559e-44 6.67150222e-44 7.29871080e-44
3.20000000e+04 6.61338634e-44 6.68281113e-44 7.30788485e-44
3.21000000e+04 6.62472962e-44 6.69406879e-44 7.31701309e-44
3.22000000e+04 6.63602559e-44 6.70527560e-44 7.32609583e-44
3.23000000e+04 6.64727440e-44 6.71643166e-44 7.33513339e-44
3.24000000e+04 6.65847632e-44 6.72753738e-44 7.34412608e-44
3.25000000e+04 6.66963153e-44 6.73859292e-44 7.35307440e-44
3.26000000e+04 6.68074015e-44 6.74959846e-44 7.36197808e-44
3.27000000e+04 6.69180244e-44 6.76055456e-44 7.37083807e-44
3.28000000e+04 6.70281858e-44 6.77146134e-44 7.37965441e-44
3.29000000e+04 6.71378876e-44 6.78231887e-44 7.38842742e-44
3.30000000e+04 6.72471318e-44 6.79312774e-44 7.39715741e-44
3.31000000e+04 6.73559203e-44 6.80388797e-44 7.40584474e-44
3.32000000e+04 6.74642551e-44 6.81459991e-44 7.41448956e-44
3.33000000e+04 6.75721381e-44 6.82526381e-44 7.42309237e-44
3.34000000e+04 6.76795714e-44 6.83587995e-44 7.43165321e-44
3.35000000e+04 6.77865562e-44 6.84644856e-44 7.44017267e-44
3.36000000e+04 6.78930965e-44 6.85696993e-44 7.44865072e-44
3.37000000e+04 6.79991931e-44 6.86744432e-44 7.45708812e-44
3.38000000e+04 6.81048468e-44 6.87787210e-44 7.46548474e-44
3.39000000e+04 6.82100613e-44 6.88825316e-44 7.47384101e-44
3.40000000e+04 6.83148380e-44 6.89858813e-44 7.48215721e-44
3.41000000e+04 6.84191789e-44 6.90887716e-44 7.49043364e-44
3.42000000e+04 6.85230861e-44 6.91912048e-44 7.49867058e-44
3.43000000e+04 6.86265618e-44 6.92931838e-44 7.50686831e-44
3.44000000e+04 6.87296076e-44 6.93947109e-44 7.51502711e-44
3.45000000e+04 6.88322267e-44 6.94957891e-44 7.52314727e-44
3.46000000e+04 6.89344186e-44 6.95964201e-44 7.53122906e-44
3.47000000e+04 6.90361880e-44 6.96966069e-44 7.53927276e-44
3.48000000e+04 6.91375357e-44 6.97963524e-44 7.54727864e-44
3.49000000e+04 6.92384639e-44 6.98956586e-44 7.55524699e-44
3.50000000e+04 6.93389746e-44 6.99945287e-44 7.56317793e-44
3.51000000e+04 6.94390699e-44 7.00929642e-44 7.57107224e-44
3.52000000e+04 6.95387518e-44 7.01909684e-44 7.57892947e-44
3.53000000e+04 6.96380225e-44 7.02885436e-44 7.58675034e-44
3.54000000e+04 6.97368845e-44 7.03856922e-44 7.59453505e-44
3.55000000e+04 6.98353380e-44 7.04824168e-44 7.60228376e-44
3.56000000e+04 6.99333867e-44 7.05787197e-44 7.60999683e-44
3.57000000e+04 7.00310332e-44 7.06746036e-44 7.61767450e-44
3.58000000e+04 7.01282771e-44 7.07700709e-44 7.62531699e-44
3.59000000e+04 7.02251232e-44 7.08651239e-44 7.63292460e-44
3.60000000e+04 7.03215712e-44 7.09597653e-44 7.64049756e-44
3.61000000e+04 7.04176245e-44 7.10539971e-44 7.64803616e-44
3.62000000e+04 7.05132847e-44 7.11478222e-44 7.65554060e-44
3.63000000e+04 7.06085543e-44 7.12412428e-44 7.66301110e-44
3.64000000e+04 7.07034347e-44 7.13342615e-44 7.67044811e-44
3.65000000e+04 7.07979284e-44 7.14268802e-44 7.67785166e-44
3.66000000e+04 7.08920371e-44 7.15191018e-44 7.68522208e-44
3.67000000e+04 7.09857628e-44 7.16109283e-44 7.69255961e-44
3.68000000e+04 7.10791079e-44 7.17023627e-44 7.69986437e-44
3.69000000e+04 7.11720738e-44 7.17934063e-44 7.70713705e-44
3.70000000e+04 7.12646630e-44 7.18840629e-44 7.71437725e-44
3.71000000e+04 7.13568774e-44 7.19743336e-44 7.72158562e-44
3.72000000e+04 7.14487189e-44 7.20642212e-44 7.72876226e-44
3.73000000e+04 7.15401896e-44 7.21537283e-44 7.73590750e-44
3.74000000e+04 7.16312917e-44 7.22428568e-44 7.74302154e-44
3.75000000e+04 7.17220264e-44 7.23316085e-44 7.75010441e-44
3.76000000e+04 7.18123965e-44 7.24199867e-44 7.75715680e-44
3.77000000e+04 7.19024039e-44 7.25079933e-44 7.76417852e-44
3.78000000e+04 7.19920497e-44 7.25956307e-44 7.77116991e-44
3.79000000e+04 7.20813376e-44 7.26829009e-44 7.77813130e-44
3.80000000e+04 7.21702680e-44 7.27698060e-44 7.78506280e-44
3.81000000e+04 7.22588433e-44 7.28563492e-44 7.79196467e-44
3.82000000e+04 7.23470658e-44 7.29425318e-44 7.79883714e-44
3.83000000e+04 7.24349375e-44 7.30283564e-44 7.80568042e-44
3.84000000e+04 7.25224590e-44 7.31138248e-44 7.81249474e-44
3.85000000e+04 7.26096340e-44 7.31989389e-44 7.81928033e-44
3.86000000e+04 7.26964639e-44 7.32837031e-44 7.82603735e-44
3.87000000e+04 7.27829499e-44 7.33681173e-44 7.83276613e-44
3.88000000e+04 7.28690948e-44 7.34521839e-44 7.83946670e-44
3.89000000e+04 7.29549000e-44 7.35359063e-44 7.84613948e-44
3.90000000e+04 7.30403678e-44 7.36192855e-44 7.85278448e-44
3.91000000e+04 7.31254996e-44 7.37023241e-44 7.85940205e-44
3.92000000e+04 7.32102975e-44 7.37850242e-44 7.86599236e-44
3.93000000e+04 7.32947644e-44 7.38673878e-44 7.87255561e-44
3.94000000e+04 7.33789007e-44 7.39494172e-44 7.87909200e-44
3.95000000e+04 7.34627090e-44 7.40311144e-44 7.88560175e-44
3.96000000e+04 7.35461909e-44 7.41124815e-44 7.89208504e-44
3.97000000e+04 7.36293491e-44 7.41935199e-44 7.89854214e-44
3.98000000e+04 7.37121844e-44 7.42742337e-44 7.90497308e-44
3.99000000e+04 7.37946973e-44 7.43546230e-44 7.91137825e-44
4.00000000e+04 7.38768935e-44 7.44346904e-44 7.91775767e-44
4.01000000e+04 7.39587721e-44 7.45144381e-44 7.92411172e-44
4.02000000e+04 7.40403358e-44 7.45938680e-44 7.93044047e-44
4.03000000e+04 7.41215857e-44 7.46729821e-44 7.93674416e-44
4.04000000e+04 7.42025244e-44 7.47517826e-44 7.94302294e-44
4.05000000e+04 7.42831534e-44 7.48302712e-44 7.94927698e-44
4.06000000e+04 7.43634745e-44 7.49084511e-44 7.95550662e-44
4.07000000e+04 7.44434895e-44 7.49863214e-44 7.96171189e-44
4.08000000e+04 7.45232003e-44 7.50638868e-44 7.96789302e-44
4.09000000e+04 7.46026084e-44 7.51411478e-44 7.97405020e-44
4.10000000e+04 7.46817161e-44 7.52181084e-44 7.98018373e-44
4.11000000e+04 7.47605244e-44 7.52947676e-44 7.98629343e-44
4.12000000e+04 7.48390359e-44 7.53711292e-44 7.99237984e-44
4.13000000e+04 7.49172519e-44 7.54471948e-44 7.99844303e-44
4.14000000e+04 7.49951744e-44 7.55229661e-44 8.00448317e-44
4.15000000e+04 7.50728048e-44 7.55984450e-44 8.01050043e-44
4.16000000e+04 7.51501461e-44 7.56736336e-44 8.01649499e-44
4.17000000e+04 7.52271966e-44 7.57485335e-44 8.02246703e-44
4.18000000e+04 7.53039618e-44 7.58231468e-44 8.02841671e-44
4.19000000e+04 7.53804414e-44 7.58974749e-44 8.03434430e-44
4.20000000e+04 7.54566380e-44 7.59715206e-44 8.04024975e-44
4.21000000e+04 7.55325531e-44 7.60452839e-44 8.04613337e-44
4.22000000e+04 7.56081878e-44 7.61187697e-44 8.05199533e-44
4.23000000e+04 7.56835442e-44 7.61919771e-44 8.05783594e-44
4.24000000e+04 7.57586244e-44 7.62649087e-44 8.06365494e-44
4.25000000e+04 7.58334296e-44 7.63375663e-44 8.06945289e-44
4.26000000e+04 7.59079614e-44 7.64099518e-44 8.07522982e-44
4.27000000e+04 7.59822215e-44 7.64820668e-44 8.08098589e-44
4.28000000e+04 7.60562117e-44 7.65539133e-44 8.08672128e-44
4.29000000e+04 7.61299334e-44 7.66254927e-44 8.09243612e-44
4.30000000e+04 7.62033887e-44 7.66968072e-44 8.09813054e-44
4.31000000e+04 7.62765785e-44 7.67678580e-44 8.10380485e-44
4.32000000e+04 7.63495049e-44 7.68386474e-44 8.10945904e-44
4.33000000e+04 7.64221695e-44 7.69091759e-44 8.11509350e-44
4.34000000e+04 7.64945738e-44 7.69794471e-44 8.12070790e-44
4.35000000e+04 7.65667192e-44 7.70494620e-44 8.12630276e-44
4.36000000e+04 7.66386075e-44 7.71192215e-44 8.13187822e-44
4.37000000e+04 7.67102402e-44 7.71887277e-44 8.13743439e-44
4.38000000e+04 7.67816190e-44 7.72579823e-44 8.14297134e-44
4.39000000e+04 7.68527453e-44 7.73269870e-44 8.14848941e-44
4.40000000e+04 7.69236204e-44 7.73957434e-44 8.15398855e-44
4.41000000e+04 7.69942468e-44 7.74642531e-44 8.15946899e-44
4.42000000e+04 7.70646248e-44 7.75325177e-44 8.16493086e-44
4.43000000e+04 7.71347566e-44 7.76005394e-44 8.17037430e-44
4.44000000e+04 7.72046436e-44 7.76683183e-44 8.17579946e-44
4.45000000e+04 7.72742874e-44 7.77358574e-44 8.18120647e-44
4.46000000e+04 7.73436890e-44 7.78031579e-44 8.18659546e-44
4.47000000e+04 7.74128510e-44 7.78702213e-44 8.19196664e-44
4.48000000e+04 7.74817733e-44 7.79370492e-44 8.19732006e-44
4.49000000e+04 7.75504589e-44 7.80036426e-44 8.20265592e-44
4.50000000e+04 7.76189084e-44 7.80700044e-44 8.20797430e-44
4.51000000e+04 7.76871238e-44 7.81361349e-44 8.21327538e-44
4.52000000e+04 7.77551060e-44 7.82020361e-44 8.21855928e-44
4.53000000e+04 7.78228567e-44 7.82677094e-44 8.22382613e-44
4.54000000e+04 7.78903772e-44 7.83331564e-44 8.22907606e-44
4.55000000e+04 7.79576688e-44 7.83983784e-44 8.23430920e-44
4.56000000e+04 7.80247338e-44 7.84633772e-44 8.23952569e-44
4.57000000e+04 7.80915721e-44 7.85281540e-44 8.24472565e-44
4.58000000e+04 7.81581871e-44 7.85927114e-44 8.24990921e-44
4.59000000e+04 7.82245780e-44 7.86570469e-44 8.25507650e-44
4.60000000e+04 7.82907481e-44 7.87211677e-44 8.26022765e-44
4.61000000e+04 7.83566979e-44 7.87850716e-44 8.26536276e-44
4.62000000e+04 7.84224285e-44 7.88487608e-44 8.27048204e-44
4.63000000e+04 7.84879423e-44 7.89122367e-44 8.27558545e-44
4.64000000e+04 7.85532387e-44 7.89755012e-44 8.28067325e-44
4.65000000e+04 7.86183207e-44 7.90385547e-44 8.28574552e-44
4.66000000e+04 7.86831896e-44 7.91013994e-44 8.29080238e-44
4.67000000e+04 7.87478463e-44 7.91640365e-44 8.29584395e-44
4.68000000e+04 7.88122922e-44 7.92264674e-44 8.30087035e-44
4.69000000e+04 7.88765284e-44 7.92886942e-44 8.30588169e-44
4.70000000e+04 7.89405566e-44 7.93507160e-44 8.31087809e-44
4.71000000e+04 7.90043780e-44 7.94125360e-44 8.31585967e-44
4.72000000e+04 7.90679938e-44 7.94741558e-44 8.32082655e-44
4.73000000e+04 7.91314053e-44 7.95355759e-44 8.32577883e-44
4.74000000e+04 7.91946138e-44 7.95967977e-44 8.33071662e-44
4.75000000e+04 7.92576210e-44 7.96578228e-44 8.33564005e-44
4.76000000e+04 7.93204269e-44 7.97186523e-44 8.34054922e-44
4.77000000e+04 7.93830340e-44 7.97792878e-44 8.34544425e-44
4.78000000e+04 7.94454436e-44 7.98397297e-44 8.35032523e-44
4.79000000e+04 7.95076562e-44 7.98999805e-44 8.35519229e-44
4.80000000e+04 7.95696736e-44 7.99600408e-44 8.36004552e-44
4.81000000e+04 7.96314966e-44 8.00199119e-44 8.36488504e-44
4.82000000e+04 7.96931264e-44 8.00795952e-44 8.36971095e-44
4.83000000e+04 7.97545644e-44 8.01390918e-44 8.37452336e-44
4.84000000e+04 7.98158120e-44 8.01984031e-44 8.37932236e-44
4.85000000e+04 7.98768702e-44 8.02575303e-44 8.38410807e-44
4.86000000e+04 7.99377392e-44 8.03164745e-44 8.38888065e-44
4.87000000e+04 7.99984235e-44 8.03752370e-44 8.39364002e-44
4.88000000e+04 8.00589205e-44 8.04338190e-44 8.39838646e-44
4.89000000e+04 8.01192333e-44 8.04922219e-44 8.40311996e-44
4.90000000e+04 8.01793629e-44 8.05504464e-44 8.40784076e-44
4.91000000e+04 8.02393094e-44 8.06084941e-44 8.41254883e-44
4.92000000e+04 8.02990752e-44 8.06663668e-44 8.41724430e-44
4.93000000e+04 8.03586607e-44 8.07240634e-44 8.42192727e-44
4.94000000e+04 8.04180673e-44 8.07815874e-44 8.42659785e-44
4.95000000e+04 8.04772968e-44 8.08389392e-44 8.43125612e-44
4.96000000e+04 8.05363491e-44 8.08961198e-44 8.43590218e-44
4.97000000e+04 8.05952258e-44 8.09531304e-44 8.44053612e-44
4.98000000e+04 8.06539283e-44 8.10099724e-44 8.44515798e-44
4.99000000e+04 8.07124575e-44 8.10666462e-44 8.44976804e-44
5.00000000e+04 8.07708150e-44 8.11231536e-44 8.45436619e-44
