# Percentage of O2 Contained in Each Group
9.9944320611e-01
5.5644295474e-04
3.5068879488e-07
2.4973726154e-10
2.0057913853e-13
1.8133986070e-16
1.8419509579e-19
2.0981862816e-22
2.6757828055e-25
3.8144787723e-28
6.0705923217e-31
1.0774241954e-33
2.1309876617e-36
4.6950024696e-39
1.1522017037e-41
3.1506611952e-44
9.6066505588e-47
3.2699618797e-49
1.2445359245e-51
5.3072007770e-54
2.5423486184e-56
1.3723468888e-58
8.3782419253e-61
5.8100647336e-63
4.5997403237e-65
4.1816235447e-67
4.3949182591e-69
5.3822322547e-71
7.7509595740e-73
1.3267935312e-74
2.7343682521e-76
6.8898197546e-78
2.1631143756e-79
8.6667128837e-81
4.5722414412e-82
3.3167269889e-83
3.5296315509e-84
6.1239458356e-85
2.0568260918e-85
1.1122498844e-85
6.3469857779e-86
3.6787218252e-86
1.7399076336e-86
5.6056883058e-87
3.4934638354e-88
