1
0.2685011774E+03
0.2727801295E+03
0.2779832426E+03
0.2839991197E+03
0.2906866093E+03
0.2978940976E+03
0.3054734236E+03
0.3132886767E+03
0.3212208785E+03
0.3291697004E+03
0.3370532412E+03
0.3448066588E+03
0.3523802239E+03
0.3597371711E+03
0.3668515796E+03
0.3737064135E+03
0.3802917833E+03
0.3866034496E+03
0.3926415616E+03
0.3984096129E+03
0.4039135891E+03
0.4091612796E+03
0.4141617286E+03
0.4189248013E+03
0.4234608451E+03
0.4277804269E+03
0.4318941331E+03
0.4358124184E+03
0.4395454938E+03
0.4431032462E+03
0.4464951810E+03
0.4497303839E+03
0.4528174975E+03
0.4557647084E+03
0.4585797421E+03
0.4612698655E+03
0.4638418922E+03
0.4663021925E+03
0.4686567050E+03
0.4709109500E+03
0.4730700442E+03
0.4751387156E+03
0.4771213195E+03
0.4790218539E+03
0.4808439761E+03
0.4825910181E+03
0.4842660030E+03
0.4858716604E+03
0.4874104424E+03
0.4888845388E+03
0.4902958930E+03
0.4916462168E+03
0.4929370055E+03
0.4941695529E+03
0.4953449655E+03
0.4964641773E+03
0.4975279634E+03
0.4985369540E+03
0.4994916476E+03
0.5003924243E+03
0.5012395581E+03
0.5020332294E+03
0.5027735368E+03
0.5034605079E+03
0.5040941109E+03
0.5046742642E+03
0.5052008464E+03
0.5056737058E+03
0.5060926688E+03
0.5064575479E+03
0.5067681495E+03
0.5070242810E+03
0.5072257568E+03
0.5073724047E+03
0.5074640709E+03
0.5075006249E+03
0.5074819640E+03
0.5074080168E+03
0.5072787465E+03
0.5070941542E+03
0.5068542807E+03
0.5065592090E+03
0.5062090655E+03
0.5058040213E+03
0.5053442931E+03
0.5048301438E+03
0.5042618824E+03
0.5036398642E+03
0.5029644901E+03
0.5022362064E+03
0.5014555039E+03
0.5006229166E+03
0.4997390207E+03
0.4988044335E+03
0.4978198114E+03
0.4967858488E+03
0.4957032760E+03
0.4945728577E+03
0.4933953910E+03
0.4921717037E+03
0.4909026519E+03
0.4895891185E+03
0.4882320109E+03
0.4868322591E+03
0.4853908138E+03
0.4839086443E+03
0.4823867363E+03
0.4808260905E+03
0.4792277204E+03
0.4775926502E+03
0.4759219135E+03
0.4742165511E+03
0.4724776094E+03
0.4707061390E+03
0.4689031928E+03
0.4670698244E+03
0.4652070871E+03
0.4633160318E+03
0.4613977065E+03
0.4594531541E+03
0.4574834122E+03
0.4554895108E+03
0.4534724725E+03
0.4514333104E+03
0.4493730277E+03
0.4472926168E+03
0.4451930584E+03
0.4430753207E+03
0.4409403587E+03
0.4387891138E+03
0.4366225127E+03
0.4344414674E+03
0.4322468745E+03
0.4300396148E+03
0.4278205527E+03
0.4255905363E+03
0.4233503968E+03
0.4211009483E+03
0.4188429875E+03
0.4165772938E+03
0.4143046290E+03
0.4120257372E+03
0.4097413446E+03
0.4074521599E+03
0.4051588737E+03
0.4028621591E+03
0.4005626713E+03
0.3982610478E+03
0.3959579086E+03
0.3936538565E+03
0.3913494765E+03
0.3890453368E+03
0.3867419885E+03
0.3844399659E+03
0.3821397866E+03
0.3798419518E+03
0.3775469465E+03
0.3752552400E+03
0.3729672854E+03
0.3706835207E+03
0.3684043686E+03
0.3661302368E+03
0.3638615182E+03
0.3615985914E+03
0.3593418210E+03
0.3570915574E+03
0.3548481378E+03
0.3526118857E+03
0.3503831119E+03
0.3481621143E+03
0.3459491785E+03
0.3437445778E+03
0.3415485737E+03
0.3393614162E+03
0.3371833438E+03
0.3350145842E+03
0.3328553541E+03
0.3307058601E+03
0.3285662982E+03
0.3264368547E+03
0.3243177064E+03
0.3222090205E+03
0.3201109550E+03
0.3180236592E+03
0.3159472739E+03
0.3138819313E+03
0.3118277555E+03
0.3097848630E+03
0.3077533623E+03
0.3057333548E+03
0.3037249345E+03
0.3017281886E+03
0.2997431975E+03
0.2977700352E+03
0.2958087692E+03
0.2938594611E+03
0.2919221665E+03
0.2899969353E+03
0.2880838119E+03
0.2861828355E+03
0.2842940401E+03
0.2824174546E+03
0.2805531033E+03
0.2787010059E+03
0.2768611776E+03
0.2750336292E+03
0.2732183678E+03
0.2714153960E+03
0.2696247129E+03
0.2678463139E+03
0.2660801909E+03
0.2643263323E+03
0.2625847232E+03
0.2608553459E+03
0.2591381793E+03
0.2574331997E+03
0.2557403806E+03
0.2540596926E+03
0.2523911043E+03
0.2507345813E+03
0.2490900874E+03
0.2474575838E+03
0.2458370298E+03
0.2442283826E+03
0.2426315976E+03
0.2410466283E+03
0.2394734264E+03
0.2379119420E+03
0.2363621238E+03
0.2348239186E+03
0.2332972722E+03
0.2317821289E+03
0.2302784316E+03
0.2287861223E+03
0.2273051415E+03
0.2258354290E+03
0.2243769234E+03
0.2229295623E+03
0.2214932827E+03
0.2200680204E+03
0.2186537107E+03
0.2172502881E+03
0.2158576864E+03
0.2144758389E+03
0.2131046781E+03
0.2117441363E+03
0.2103941450E+03
0.2090546355E+03
0.2077255386E+03
0.2064067847E+03
0.2050983040E+03
0.2038000263E+03
0.2025118811E+03
0.2012337980E+03
0.1999657061E+03
0.1987075345E+03
0.1974592121E+03
0.1962206677E+03
0.1949918302E+03
0.1937726282E+03
0.1925629905E+03
0.1913628459E+03
0.1901721231E+03
0.1889907509E+03
0.1878186583E+03
0.1866557743E+03
0.1855020281E+03
0.1843573488E+03
0.1832216659E+03
0.1820949091E+03
0.1809770080E+03
0.1798678928E+03
0.1787674936E+03
0.1776757409E+03
0.1765925654E+03
0.1755178980E+03
0.1744516700E+03
0.1733938129E+03
0.1723442584E+03
0.1713029388E+03
0.1702697865E+03
0.1692447342E+03
0.1682277150E+03
0.1672186623E+03
0.1662175100E+03
0.1652241921E+03
0.1642386433E+03
0.1632607984E+03
0.1622905926E+03
0.1613279616E+03
0.1603728414E+03
0.1594251684E+03
0.1584848796E+03
0.1575519120E+03
0.1566262035E+03
0.1557076919E+03
0.1547963157E+03
0.1538920139E+03
0.1529947258E+03
0.1521043910E+03
0.1512209497E+03
0.1503443425E+03
0.1494745104E+03
0.1486113948E+03
0.1477549376E+03
0.1469050811E+03
0.1460617681E+03
0.1452249416E+03
0.1443945453E+03
0.1435705233E+03
0.1427528199E+03
0.1419413802E+03
0.1411361495E+03
0.1403370735E+03
0.1395440985E+03
0.1387571710E+03
0.1379762383E+03
0.1372012479E+03
0.1364321476E+03
0.1356688858E+03
0.1349114114E+03
0.1341596737E+03
0.1334136222E+03
0.1326732071E+03
0.1319383789E+03
0.1312090885E+03
0.1304852873E+03
0.1297669271E+03
0.1290539601E+03
0.1283463388E+03
0.1276440164E+03
0.1269469463E+03
0.1262550823E+03
0.1255683786E+03
0.1248867900E+03
0.1242102715E+03
0.1235387786E+03
0.1228722671E+03
0.1222106933E+03
0.1215540138E+03
0.1209021857E+03
0.1202551665E+03
0.1196129139E+03
0.1189753861E+03
0.1183425418E+03
0.1177143398E+03
0.1170907396E+03
0.1164717008E+03
0.1158571835E+03
0.1152471482E+03
0.1146415556E+03
0.1140403670E+03
0.1134435439E+03
0.1128510481E+03
0.1122628419E+03
0.1116788880E+03
0.1110991492E+03
0.1105235888E+03
0.1099521705E+03
0.1093848583E+03
0.1088216164E+03
0.1082624094E+03
0.1077072025E+03
0.1071559608E+03
0.1066086500E+03
0.1060652361E+03
0.1055256854E+03
0.1049899643E+03
0.1044580399E+03
0.1039298793E+03
0.1034054502E+03
0.1028847202E+03
0.1023676576E+03
0.1018542308E+03
0.1013444086E+03
0.1008381600E+03
0.1003354543E+03
0.9983626110E+02
0.9934055040E+02
0.9884829236E+02
0.9835945745E+02
0.9787401644E+02
0.9739194038E+02
0.9691320056E+02
0.9643776859E+02
0.9596561632E+02
0.9549671587E+02
0.9503103964E+02
0.9456856027E+02
0.9410925069E+02
0.9365308406E+02
0.9320003381E+02
0.9275007361E+02
0.9230317741E+02
0.9185931937E+02
0.9141847392E+02
0.9098061573E+02
0.9054571970E+02
0.9011376098E+02
0.8968471495E+02
0.8925855724E+02
0.8883526368E+02
0.8841481035E+02
0.8799717357E+02
0.8758232985E+02
0.8717025596E+02
0.8676092886E+02
0.8635432575E+02
0.8595042404E+02
0.8554920134E+02
0.8515063550E+02
0.8475470455E+02
0.8436138675E+02
0.8397066055E+02
0.8358250462E+02
0.8319689783E+02
0.8281381922E+02
0.8243324807E+02
0.8205516382E+02
0.8167954614E+02
0.8130637485E+02
0.8093563000E+02
0.8056729181E+02
0.8020134067E+02
0.7983775718E+02
0.7947652211E+02
0.7911761642E+02
0.7876102124E+02
0.7840671787E+02
0.7805468781E+02
0.7770491270E+02
0.7735737438E+02
0.7701205484E+02
0.7666893627E+02
0.7632800098E+02
0.7598923148E+02
0.7565261042E+02
0.7531812065E+02
0.7498574513E+02
0.7465546701E+02
0.7432726959E+02
0.7400113632E+02
0.7367705081E+02
0.7335499682E+02
0.7303495826E+02
0.7271691919E+02
0.7240086381E+02
0.7208677648E+02
0.7177464169E+02
0.7146444408E+02
0.7115616844E+02
0.7084979969E+02
0.7054532288E+02
0.7024272322E+02
0.6994198603E+02
0.6964309679E+02
0.6934604109E+02
0.6905080468E+02
0.6875737341E+02
0.6846573327E+02
0.6817587039E+02
0.6788777102E+02
0.6760142152E+02
0.6731680840E+02
0.6703391827E+02
0.6675273787E+02
0.6647325407E+02
0.6619545384E+02
0.6591932429E+02
0.6564485263E+02
0.6537202620E+02
0.6510083242E+02
0.6483125888E+02
0.6456329322E+02
0.6429692325E+02
0.6403213684E+02
0.6376892201E+02
0.6350726685E+02
0.6324715958E+02
0.6298858852E+02
0.6273154210E+02
0.6247600885E+02
0.6222197738E+02
0.6196943645E+02
0.6171837487E+02
0.6146878159E+02
0.6122064562E+02
0.6097395611E+02
0.6072870226E+02
0.6048487340E+02
0.6024245895E+02
0.6000144841E+02
0.5976183138E+02
0.5952359755E+02
0.5928673671E+02
0.5905123872E+02
0.5881709355E+02
0.5858429125E+02
0.5835282195E+02
0.5812267588E+02
0.5789384334E+02
0.5766631473E+02
0.5744008053E+02
0.5721513129E+02
0.5699145766E+02
0.5676905036E+02
0.5654790019E+02
0.5632799805E+02
0.5610933488E+02
0.5589190174E+02
0.5567568974E+02
0.5546069008E+02
0.5524689402E+02
0.5503429292E+02
0.5482287819E+02
0.5461264134E+02
0.5440357392E+02
0.5419566758E+02
0.5398891402E+02
0.5378330504E+02
0.5357883248E+02
0.5337548827E+02
0.5317326440E+02
0.5297215292E+02
0.5277214597E+02
0.5257323573E+02
0.5237541447E+02
0.5217867451E+02
0.5198300824E+02
0.5178840812E+02
0.5159486666E+02
0.5140237645E+02
0.5121093013E+02
0.5102052041E+02
0.5083114005E+02
0.5064278188E+02
0.5045543879E+02
0.5026910372E+02
0.5008376969E+02
0.4989942975E+02
0.4971607703E+02
0.4953370471E+02
0.4935230602E+02
0.4917187426E+02
0.4899240278E+02
0.4881388497E+02
0.4863631431E+02
0.4845968429E+02
0.4828398849E+02
0.4810922052E+02
0.4793537405E+02
0.4776244282E+02
0.4759042058E+02
0.4741930118E+02
0.4724907848E+02
0.4707974641E+02
0.4691129896E+02
0.4674373013E+02
0.4657703402E+02
0.4641120473E+02
0.4624623645E+02
0.4608212338E+02
0.4591885980E+02
0.4575644001E+02
0.4559485838E+02
0.4543410929E+02
0.4527418721E+02
0.4511508662E+02
0.4495680207E+02
0.4479932813E+02
0.4464265942E+02
0.4448679062E+02
0.4433171643E+02
0.4417743161E+02
0.4402393095E+02
0.4387120929E+02
0.4371926151E+02
0.4356808252E+02
0.4341766728E+02
0.4326801079E+02
0.4311910809E+02
0.4297095425E+02
0.4282354440E+02
0.4267687369E+02
0.4253093731E+02
0.4238573049E+02
0.4224124850E+02
0.4209748664E+02
0.4195444027E+02
0.4181210476E+02
0.4167047552E+02
0.4152954801E+02
0.4138931771E+02
0.4124978014E+02
0.4111093087E+02
0.4097276548E+02
0.4083527961E+02
0.4069846890E+02
0.4056232906E+02
0.4042685580E+02
0.4029204490E+02
0.4015789214E+02
0.4002439335E+02
0.3989154438E+02
0.3975934113E+02
0.3962777951E+02
0.3949685548E+02
0.3936656503E+02
0.3923690416E+02
0.3910786891E+02
0.3897945538E+02
0.3885165965E+02
0.3872447786E+02
0.3859790619E+02
0.3847194081E+02
0.3834657795E+02
0.3822181387E+02
0.3809764484E+02
0.3797406716E+02
0.3785107718E+02
0.3772867125E+02
0.3760684577E+02
0.3748559715E+02
0.3736492184E+02
0.3724481631E+02
0.3712527705E+02
0.3700630059E+02
0.3688788347E+02
0.3677002228E+02
0.3665271362E+02
0.3653595410E+02
0.3641974038E+02
0.3630406914E+02
0.3618893708E+02
0.3607434091E+02
0.3596027741E+02
0.3584674332E+02
0.3573373546E+02
0.3562125065E+02
0.3550928572E+02
0.3539783755E+02
0.3528690303E+02
0.3517647906E+02
0.3506656259E+02
0.3495715058E+02
0.3484824000E+02
0.3473982786E+02
0.3463191118E+02
0.3452448701E+02
0.3441755242E+02
0.3431110450E+02
0.3420514035E+02
0.3409965711E+02
0.3399465192E+02
0.3389012197E+02
0.3378606445E+02
0.3368247657E+02
0.3357935555E+02
0.3347669866E+02
0.3337450317E+02
0.3327276637E+02
0.3317148558E+02
0.3307065812E+02
0.3297028134E+02
0.3287035261E+02
0.3277086933E+02
0.3267182890E+02
0.3257322874E+02
0.3247506629E+02
0.3237733903E+02
0.3228004442E+02
0.3218317997E+02
0.3208674318E+02
0.3199073160E+02
0.3189514278E+02
0.3179997427E+02
0.3170522368E+02
0.3161088858E+02
0.3151696661E+02
0.3142345541E+02
0.3133035261E+02
0.3123765589E+02
0.3114536294E+02
0.3105347145E+02
0.3096197914E+02
0.3087088375E+02
0.3078018301E+02
0.3068987470E+02
0.3059995660E+02
0.3051042650E+02
0.3042128220E+02
0.3033252154E+02
0.3024414235E+02
0.3015614250E+02
0.3006851984E+02
0.2998127226E+02
0.2989439767E+02
0.2980789398E+02
0.2972175911E+02
0.2963599100E+02
0.2955058762E+02
0.2946554692E+02
0.2938086691E+02
0.2929654557E+02
0.2921258091E+02
0.2912897096E+02
0.2904571375E+02
0.2896280735E+02
0.2888024981E+02
0.2879803921E+02
0.2871617364E+02
0.2863465120E+02
0.2855347002E+02
0.2847262821E+02
0.2839212393E+02
0.2831195532E+02
0.2823212056E+02
0.2815261782E+02
0.2807344529E+02
0.2799460117E+02
0.2791608369E+02
0.2783789106E+02
0.2776002153E+02
0.2768247334E+02
0.2760524476E+02
0.2752833407E+02
0.2745173954E+02
0.2737545947E+02
0.2729949218E+02
0.2722383597E+02
0.2714848919E+02
0.2707345017E+02
0.2699871726E+02
0.2692428882E+02
0.2685016324E+02
0.2677633889E+02
0.2670281416E+02
0.2662958747E+02
0.2655665723E+02
0.2648402186E+02
0.2641167981E+02
0.2633962951E+02
0.2626786943E+02
0.2619639803E+02
0.2612521378E+02
0.2605431518E+02
0.2598370072E+02
0.2591336891E+02
0.2584331826E+02
0.2577354730E+02
0.2570405455E+02
0.2563483858E+02
0.2556589792E+02
0.2549723115E+02
0.2542883683E+02
0.2536071354E+02
0.2529285988E+02
0.2522527445E+02
0.2515795585E+02
0.2509090270E+02
0.2502411363E+02
0.2495758726E+02
0.2489132226E+02
0.2482531725E+02
0.2475957092E+02
0.2469408192E+02
0.2462884894E+02
0.2456387065E+02
0.2449914576E+02
0.2443467296E+02
0.2437045097E+02
0.2430647850E+02
0.2424275428E+02
0.2417927706E+02
0.2411604555E+02
0.2405305853E+02
0.2399031475E+02
0.2392781297E+02
0.2386555196E+02
0.2380353052E+02
0.2374174742E+02
0.2368020147E+02
0.2361889146E+02
0.2355781621E+02
0.2349697455E+02
0.2343636528E+02
0.2337598726E+02
0.2331583931E+02
0.2325592029E+02
0.2319622905E+02
0.2313676445E+02
0.2307752537E+02
0.2301851067E+02
0.2295971925E+02
0.2290114998E+02
0.2284280177E+02
0.2278467352E+02
0.2272676414E+02
0.2266907255E+02
0.2261159766E+02
0.2255433841E+02
0.2249729374E+02
0.2244046259E+02
0.2238384390E+02
0.2232743664E+02
0.2227123976E+02
0.2221525223E+02
0.2215947303E+02
0.2210390114E+02
0.2204853554E+02
0.2199337522E+02
0.2193841919E+02
0.2188366646E+02
0.2182911602E+02
0.2177476690E+02
0.2172061812E+02
0.2166666871E+02
0.2161291770E+02
0.2155936413E+02
0.2150600705E+02
0.2145284552E+02
0.2139987858E+02
0.2134710530E+02
0.2129452475E+02
0.2124213600E+02
0.2118993813E+02
0.2113793023E+02
0.2108611138E+02
0.2103448069E+02
0.2098303725E+02
0.2093178017E+02
0.2088070855E+02
0.2082982153E+02
0.2077911821E+02
0.2072859773E+02
0.2067825922E+02
0.2062810181E+02
0.2057812465E+02
0.2052832688E+02
0.2047870766E+02
0.2042926615E+02
0.2038000150E+02
0.2033091288E+02
0.2028199947E+02
0.2023326044E+02
0.2018469497E+02
0.2013630225E+02
0.2008808147E+02
0.2004003182E+02
0.1999215251E+02
0.1994444274E+02
0.1989690172E+02
0.1984952866E+02
0.1980232278E+02
0.1975528331E+02
0.1970840947E+02
0.1966170049E+02
0.1961515562E+02
0.1956877408E+02
0.1952255513E+02
0.1947649801E+02
0.1943060198E+02
0.1938486630E+02
0.1933929022E+02
0.1929387302E+02
0.1924861396E+02
0.1920351232E+02
0.1915856737E+02
0.1911377841E+02
0.1906914471E+02
0.1902466557E+02
0.1898034028E+02
0.1893616814E+02
0.1889214846E+02
0.1884828053E+02
0.1880456368E+02
0.1876099721E+02
0.1871758044E+02
0.1867431270E+02
0.1863119330E+02
0.1858822159E+02
0.1854539689E+02
0.1850271854E+02
0.1846018588E+02
0.1841779826E+02
0.1837555502E+02
0.1833345552E+02
0.1829149910E+02
0.1824968514E+02
0.1820801298E+02
0.1816648201E+02
0.1812509158E+02
0.1808384107E+02
0.1804272985E+02
0.1800175732E+02
0.1796092284E+02
0.1792022580E+02
0.1787966560E+02
0.1783924163E+02
0.1779895329E+02
0.1775879997E+02
0.1771878108E+02
0.1767889602E+02
0.1763914421E+02
0.1759952506E+02
0.1756003798E+02
0.1752068239E+02
0.1748145772E+02
0.1744236339E+02
0.1740339882E+02
0.1736456346E+02
0.1732585674E+02
0.1728727809E+02
0.1724882695E+02
0.1721050278E+02
0.1717230501E+02
0.1713423309E+02
0.1709628649E+02
0.1705846465E+02
0.1702076703E+02
0.1698319310E+02
0.1694574232E+02
0.1690841415E+02
0.1687120808E+02
0.1683412356E+02
0.1679716008E+02
0.1676031711E+02
0.1672359415E+02
0.1668699066E+02
0.1665050614E+02
0.1661414008E+02
0.1657789196E+02
0.1654176130E+02
0.1650574757E+02
0.1646985029E+02
0.1643406896E+02
0.1639840307E+02
0.1636285215E+02
0.1632741570E+02
0.1629209324E+02
0.1625688427E+02
0.1622178832E+02
0.1618680492E+02
0.1615193358E+02
0.1611717383E+02
0.1608252520E+02
0.1604798721E+02
0.1601355941E+02
0.1597924133E+02
0.1594503251E+02
0.1591093249E+02
0.1587694081E+02
0.1584305701E+02
0.1580928065E+02
0.1577561128E+02
0.1574204844E+02
0.1570859169E+02
0.1567524060E+02
0.1564199471E+02
0.1560885360E+02
0.1557581682E+02
0.1554288394E+02
0.1551005453E+02
0.1547732816E+02
0.1544470440E+02
0.1541218283E+02
0.1537976303E+02
0.1534744457E+02
0.1531522704E+02
0.1528311002E+02
0.1525109309E+02
0.1521917585E+02
0.1518735789E+02
0.1515563878E+02
0.1512401814E+02
0.1509249556E+02
0.1506107063E+02
0.1502974296E+02
0.1499851214E+02
0.1496737779E+02
0.1493633950E+02
0.1490539689E+02
0.1487454957E+02
0.1484379715E+02
0.1481313924E+02
0.1478257546E+02
0.1475210543E+02
0.1472172877E+02
0.1469144510E+02
0.1466125405E+02
0.1463115523E+02
0.1460114828E+02
0.1457123283E+02
0.1454140850E+02
0.1451167494E+02
0.1448203178E+02
0.1445247864E+02
0.1442301518E+02
0.1439364104E+02
0.1436435584E+02
0.1433515925E+02
0.1430605090E+02
0.1427703044E+02
0.1424809753E+02
0.1421925180E+02
0.1419049292E+02
0.1416182054E+02
0.1413323432E+02
0.1410473391E+02
0.1407631897E+02
0.1404798916E+02
0.1401974416E+02
0.1399158361E+02
0.1396350719E+02
0.1393551457E+02
0.1390760541E+02
0.1387977939E+02
0.1385203617E+02
0.1382437544E+02
0.1379679687E+02
0.1376930013E+02
0.1374188491E+02
0.1371455088E+02
0.1368729773E+02
0.1366012514E+02
0.1363303280E+02
0.1360602039E+02
0.1357908760E+02
0.1355223412E+02
0.1352545965E+02
0.1349876386E+02
0.1347214647E+02
0.1344560716E+02
0.1341914563E+02
0.1339276159E+02
0.1336645472E+02
0.1334022473E+02
0.1331407133E+02
0.1328799422E+02
0.1326199310E+02
0.1323606769E+02
0.1321021768E+02
0.1318444279E+02
0.1315874274E+02
0.1313311723E+02
0.1310756597E+02
0.1308208869E+02
0.1305668510E+02
0.1303135492E+02
0.1300609787E+02
0.1298091366E+02
0.1295580203E+02
0.1293076269E+02
0.1290579537E+02
0.1288089979E+02
0.1285607569E+02
0.1283132278E+02
0.1280664081E+02
0.1278202950E+02
0.1275748858E+02
0.1273301779E+02
0.1270861686E+02
0.1268428553E+02
0.1266002354E+02
0.1263583062E+02
0.1261170651E+02
0.1258765097E+02
0.1256366371E+02
0.1253974451E+02
0.1251589308E+02
0.1249210919E+02
0.1246839258E+02
0.1244474299E+02
0.1242116018E+02
0.1239764390E+02
0.1237419390E+02
0.1235080993E+02
0.1232749174E+02
0.1230423909E+02
0.1228105174E+02
0.1225792945E+02
0.1223487197E+02
0.1221187906E+02
0.1218895048E+02
0.1216608600E+02
0.1214328537E+02
0.1212054837E+02
0.1209787475E+02
0.1207526429E+02
0.1205271675E+02
0.1203023189E+02
0.1200780950E+02
0.1198544933E+02
0.1196315116E+02
0.1194091476E+02
0.1191873991E+02
0.1189662638E+02
0.1187457394E+02
0.1185258238E+02
0.1183065146E+02
0.1180878098E+02
0.1178697070E+02
0.1176522041E+02
0.1174352990E+02
0.1172189893E+02
0.1170032730E+02
0.1167881479E+02
0.1165736119E+02
0.1163596629E+02
0.1161462986E+02
0.1159335170E+02
0.1157213160E+02
0.1155096935E+02
0.1152986474E+02
0.1150881756E+02
0.1148782760E+02
0.1146689467E+02
0.1144601855E+02
0.1142519903E+02
0.1140443593E+02
0.1138372903E+02
0.1136307813E+02
0.1134248303E+02
0.1132194354E+02
0.1130145945E+02
0.1128103057E+02
0.1126065670E+02
0.1124033764E+02
0.1122007319E+02
0.1119986317E+02
0.1117970739E+02
0.1115960563E+02
0.1113955773E+02
0.1111956347E+02
0.1109962268E+02
0.1107973517E+02
0.1105990074E+02
0.1104011922E+02
0.1102039040E+02
0.1100071411E+02
0.1098109016E+02
0.1096151837E+02
0.1094199855E+02
0.1092253052E+02
0.1090311409E+02
0.1088374910E+02
0.1086443535E+02
0.1084517267E+02
0.1082596088E+02
0.1080679979E+02
0.1078768924E+02
0.1076862905E+02
0.1074961903E+02
0.1073065903E+02
0.1071174885E+02
0.1069288833E+02
0.1067407730E+02
0.1065531558E+02
0.1063660300E+02
0.1061793939E+02
0.1059932459E+02
0.1058075841E+02
0.1056224071E+02
0.1054377130E+02
0.1052535001E+02
0.1050697670E+02
0.1048865118E+02
0.1047037329E+02
0.1045214288E+02
0.1043395977E+02
0.1041582381E+02
0.1039773482E+02
0.1037969266E+02
0.1036169716E+02
0.1034374816E+02
0.1032584550E+02
0.1030798902E+02
0.1029017857E+02
0.1027241398E+02
0.1025469511E+02
0.1023702179E+02
0.1021939387E+02
0.1020181119E+02
0.1018427361E+02
0.1016678097E+02
0.1014933311E+02
0.1013192989E+02
0.1011457115E+02
0.1009725674E+02
2
0.4580822938E+03
0.4624303103E+03
0.4652461088E+03
0.4668742159E+03
0.4676270748E+03
0.4677649461E+03
0.4674925778E+03
0.4669642128E+03
0.4662918187E+03
0.4655537798E+03
0.4648027576E+03
0.4640722545E+03
0.4633818392E+03
0.4627411763E+03
0.4621530682E+03
0.4616157121E+03
0.4611243540E+03
0.4606724855E+03
0.4602526984E+03
0.4598572868E+03
0.4594786611E+03
0.4591096253E+03
0.4587435537E+03
0.4583744941E+03
0.4579972188E+03
0.4576072372E+03
0.4572007824E+03
0.4567747790E+03
0.4563267991E+03
0.4558550114E+03
0.4553581252E+03
0.4548353340E+03
0.4542862586E+03
0.4537108928E+03
0.4531095502E+03
0.4524828159E+03
0.4518315002E+03
0.4511565970E+03
0.4504592454E+03
0.4497406954E+03
0.4490022771E+03
0.4482453734E+03
0.4474713960E+03
0.4466817646E+03
0.4458778889E+03
0.4450611532E+03
0.4442329035E+03
0.4433944370E+03
0.4425469932E+03
0.4416917472E+03
0.4408298043E+03
0.4399621964E+03
0.4390898790E+03
0.4382137304E+03
0.4373345505E+03
0.4364530617E+03
0.4355699095E+03
0.4346856645E+03
0.4338008246E+03
0.4329158169E+03
0.4320310017E+03
0.4311466747E+03
0.4302630708E+03
0.4293803677E+03
0.4284986892E+03
0.4276181091E+03
0.4267386550E+03
0.4258603114E+03
0.4249830239E+03
0.4241067025E+03
0.4232312252E+03
0.4223564408E+03
0.4214821730E+03
0.4206082228E+03
0.4197343717E+03
0.4188603846E+03
0.4179860123E+03
0.4171109942E+03
0.4162350605E+03
0.4153579344E+03
0.4144793346E+03
0.4135989766E+03
0.4127165749E+03
0.4118318444E+03
0.4109445022E+03
0.4100542686E+03
0.4091608689E+03
0.4082640338E+03
0.4073635010E+03
0.4064590160E+03
0.4055503326E+03
0.4046372140E+03
0.4037194331E+03
0.4027967733E+03
0.4018690287E+03
0.4009360046E+03
0.3999975178E+03
0.3990533966E+03
0.3981034814E+03
0.3971476245E+03
0.3961856901E+03
0.3952175545E+03
0.3942431061E+03
0.3932622451E+03
0.3922748835E+03
0.3912809450E+03
0.3902803648E+03
0.3892730893E+03
0.3882590760E+03
0.3872382933E+03
0.3862107199E+03
0.3851763449E+03
0.3841351676E+03
0.3830871965E+03
0.3820324497E+03
0.3809709544E+03
0.3799027462E+03
0.3788278693E+03
0.3777463759E+03
0.3766583257E+03
0.3755637858E+03
0.3744628304E+03
0.3733555403E+03
0.3722420026E+03
0.3711223103E+03
0.3699965622E+03
0.3688648624E+03
0.3677273199E+03
0.3665840486E+03
0.3654351667E+03
0.3642807964E+03
0.3631210638E+03
0.3619560985E+03
0.3607860335E+03
0.3596110044E+03
0.3584311498E+03
0.3572466107E+03
0.3560575303E+03
0.3548640536E+03
0.3536663276E+03
0.3524645006E+03
0.3512587224E+03
0.3500491436E+03
0.3488359160E+03
0.3476191920E+03
0.3463991243E+03
0.3451758664E+03
0.3439495715E+03
0.3427203931E+03
0.3414884846E+03
0.3402539990E+03
0.3390170889E+03
0.3377779063E+03
0.3365366028E+03
0.3352933289E+03
0.3340482343E+03
0.3328014678E+03
0.3315531770E+03
0.3303035084E+03
0.3290526072E+03
0.3278006170E+03
0.3265476803E+03
0.3252939379E+03
0.3240395292E+03
0.3227845917E+03
0.3215292614E+03
0.3202736725E+03
0.3190179575E+03
0.3177622468E+03
0.3165066691E+03
0.3152513514E+03
0.3139964183E+03
0.3127419928E+03
0.3114881957E+03
0.3102351458E+03
0.3089829599E+03
0.3077317527E+03
0.3064816370E+03
0.3052327232E+03
0.3039851199E+03
0.3027389334E+03
0.3014942679E+03
0.3002512257E+03
0.2990099068E+03
0.2977704091E+03
0.2965328285E+03
0.2952972588E+03
0.2940637916E+03
0.2928325166E+03
0.2916035211E+03
0.2903768908E+03
0.2891527090E+03
0.2879310571E+03
0.2867120145E+03
0.2854956586E+03
0.2842820648E+03
0.2830713065E+03
0.2818634552E+03
0.2806585806E+03
0.2794567501E+03
0.2782580298E+03
0.2770624834E+03
0.2758701730E+03
0.2746811590E+03
0.2734954998E+03
0.2723132521E+03
0.2711344710E+03
0.2699592096E+03
0.2687875194E+03
0.2676194505E+03
0.2664550510E+03
0.2652943675E+03
0.2641374451E+03
0.2629843272E+03
0.2618350557E+03
0.2606896710E+03
0.2595482120E+03
0.2584107162E+03
0.2572772194E+03
0.2561477564E+03
0.2550223602E+03
0.2539010627E+03
0.2527838944E+03
0.2516708844E+03
0.2505620605E+03
0.2494574495E+03
0.2483570766E+03
0.2472609660E+03
0.2461691406E+03
0.2450816223E+03
0.2439984317E+03
0.2429195882E+03
0.2418451104E+03
0.2407750155E+03
0.2397093199E+03
0.2386480389E+03
0.2375911866E+03
0.2365387765E+03
0.2354908207E+03
0.2344473308E+03
0.2334083170E+03
0.2323737891E+03
0.2313437557E+03
0.2303182246E+03
0.2292972028E+03
0.2282806965E+03
0.2272687110E+03
0.2262612510E+03
0.2252583204E+03
0.2242599221E+03
0.2232660586E+03
0.2222767316E+03
0.2212919420E+03
0.2203116902E+03
0.2193359758E+03
0.2183647979E+03
0.2173981549E+03
0.2164360446E+03
0.2154784642E+03
0.2145254104E+03
0.2135768794E+03
0.2126328666E+03
0.2116933671E+03
0.2107583755E+03
0.2098278858E+03
0.2089018915E+03
0.2079803858E+03
0.2070633612E+03
0.2061508101E+03
0.2052427241E+03
0.2043390946E+03
0.2034399125E+03
0.2025451685E+03
0.2016548528E+03
0.2007689550E+03
0.1998874648E+03
0.1990103712E+03
0.1981376630E+03
0.1972693287E+03
0.1964053565E+03
0.1955457342E+03
0.1946904494E+03
0.1938394894E+03
0.1929928411E+03
0.1921504914E+03
0.1913124268E+03
0.1904786335E+03
0.1896490976E+03
0.1888238048E+03
0.1880027408E+03
0.1871858910E+03
0.1863732404E+03
0.1855647742E+03
0.1847604771E+03
0.1839603337E+03
0.1831643285E+03
0.1823724458E+03
0.1815846697E+03
0.1808009843E+03
0.1800213733E+03
0.1792458205E+03
0.1784743095E+03
0.1777068237E+03
0.1769433466E+03
0.1761838612E+03
0.1754283508E+03
0.1746767984E+03
0.1739291869E+03
0.1731854992E+03
0.1724457180E+03
0.1717098260E+03
0.1709778059E+03
0.1702496402E+03
0.1695253114E+03
0.1688048019E+03
0.1680880941E+03
0.1673751703E+03
0.1666660127E+03
0.1659606037E+03
0.1652589254E+03
0.1645609599E+03
0.1638666895E+03
0.1631760961E+03
0.1624891620E+03
0.1618058691E+03
0.1611261996E+03
0.1604501354E+03
0.1597776585E+03
0.1591087511E+03
0.1584433951E+03
0.1577815725E+03
0.1571232654E+03
0.1564684558E+03
0.1558171257E+03
0.1551692572E+03
0.1545248324E+03
0.1538838332E+03
0.1532462418E+03
0.1526120404E+03
0.1519812110E+03
0.1513537359E+03
0.1507295971E+03
0.1501087770E+03
0.1494912578E+03
0.1488770218E+03
0.1482660512E+03
0.1476583285E+03
0.1470538361E+03
0.1464525563E+03
0.1458544717E+03
0.1452595648E+03
0.1446678181E+03
0.1440792144E+03
0.1434937361E+03
0.1429113660E+03
0.1423320870E+03
0.1417558818E+03
0.1411827332E+03
0.1406126243E+03
0.1400455379E+03
0.1394814572E+03
0.1389203651E+03
0.1383622449E+03
0.1378070798E+03
0.1372548530E+03
0.1367055478E+03
0.1361591477E+03
0.1356156362E+03
0.1350749966E+03
0.1345372127E+03
0.1340022680E+03
0.1334701464E+03
0.1329408315E+03
0.1324143072E+03
0.1318905575E+03
0.1313695663E+03
0.1308513177E+03
0.1303357958E+03
0.1298229848E+03
0.1293128690E+03
0.1288054327E+03
0.1283006604E+03
0.1277985365E+03
0.1272990455E+03
0.1268021722E+03
0.1263079011E+03
0.1258162171E+03
0.1253271050E+03
0.1248405497E+03
0.1243565363E+03
0.1238750498E+03
0.1233960753E+03
0.1229195981E+03
0.1224456034E+03
0.1219740766E+03
0.1215050032E+03
0.1210383687E+03
0.1205741586E+03
0.1201123586E+03
0.1196529545E+03
0.1191959322E+03
0.1187412774E+03
0.1182889761E+03
0.1178390144E+03
0.1173913785E+03
0.1169460545E+03
0.1165030286E+03
0.1160622873E+03
0.1156238169E+03
0.1151876039E+03
0.1147536349E+03
0.1143218966E+03
0.1138923757E+03
0.1134650589E+03
0.1130399332E+03
0.1126169854E+03
0.1121962026E+03
0.1117775720E+03
0.1113610805E+03
0.1109467156E+03
0.1105344645E+03
0.1101243146E+03
0.1097162533E+03
0.1093102682E+03
0.1089063470E+03
0.1085044772E+03
0.1081046466E+03
0.1077068431E+03
0.1073110545E+03
0.1069172689E+03
0.1065254743E+03
0.1061356587E+03
0.1057478103E+03
0.1053619175E+03
0.1049779686E+03
0.1045959518E+03
0.1042158558E+03
0.1038376690E+03
0.1034613800E+03
0.1030869775E+03
0.1027144504E+03
0.1023437872E+03
0.1019749771E+03
0.1016080088E+03
0.1012428715E+03
0.1008795541E+03
0.1005180459E+03
0.1001583361E+03
0.9980041397E+02
0.9944426884E+02
0.9908989013E+02
0.9873726735E+02
0.9838639003E+02
0.9803724780E+02
0.9768983033E+02
0.9734412737E+02
0.9700012872E+02
0.9665782427E+02
0.9631720394E+02
0.9597825775E+02
0.9564097574E+02
0.9530534805E+02
0.9497136486E+02
0.9463901643E+02
0.9430829307E+02
0.9397918515E+02
0.9365168310E+02
0.9332577742E+02
0.9300145867E+02
0.9267871746E+02
0.9235754447E+02
0.9203793043E+02
0.9171986614E+02
0.9140334244E+02
0.9108835026E+02
0.9077488056E+02
0.9046292436E+02
0.9015247276E+02
0.8984351688E+02
0.8953604795E+02
0.8923005719E+02
0.8892553594E+02
0.8862247555E+02
0.8832086745E+02
0.8802070312E+02
0.8772197408E+02
0.8742467193E+02
0.8712878831E+02
0.8683431491E+02
0.8654124348E+02
0.8624956582E+02
0.8595927379E+02
0.8567035930E+02
0.8538281430E+02
0.8509663081E+02
0.8481180089E+02
0.8452831666E+02
0.8424617027E+02
0.8396535395E+02
0.8368585997E+02
0.8340768063E+02
0.8313080832E+02
0.8285523543E+02
0.8258095445E+02
0.8230795788E+02
0.8203623828E+02
0.8176578826E+02
0.8149660049E+02
0.8122866767E+02
0.8096198256E+02
0.8069653794E+02
0.8043232668E+02
0.8016934166E+02
0.7990757583E+02
0.7964702216E+02
0.7938767369E+02
0.7912952350E+02
0.7887256470E+02
0.7861679047E+02
0.7836219401E+02
0.7810876857E+02
0.7785650746E+02
0.7760540401E+02
0.7735545160E+02
0.7710664368E+02
0.7685897370E+02
0.7661243517E+02
0.7636702166E+02
0.7612272675E+02
0.7587954409E+02
0.7563746735E+02
0.7539649026E+02
0.7515660656E+02
0.7491781007E+02
0.7468009462E+02
0.7444345410E+02
0.7420788242E+02
0.7397337354E+02
0.7373992147E+02
0.7350752023E+02
0.7327616391E+02
0.7304584662E+02
0.7281656252E+02
0.7258830578E+02
0.7236107064E+02
0.7213485137E+02
0.7190964226E+02
0.7168543766E+02
0.7146223194E+02
0.7124001950E+02
0.7101879481E+02
0.7079855233E+02
0.7057928659E+02
0.7036099215E+02
0.7014366359E+02
0.6992729553E+02
0.6971188264E+02
0.6949741961E+02
0.6928390115E+02
0.6907132205E+02
0.6885967708E+02
0.6864896107E+02
0.6843916890E+02
0.6823029544E+02
0.6802233563E+02
0.6781528443E+02
0.6760913682E+02
0.6740388784E+02
0.6719953253E+02
0.6699606598E+02
0.6679348332E+02
0.6659177968E+02
0.6639095026E+02
0.6619099025E+02
0.6599189492E+02
0.6579365951E+02
0.6559627935E+02
0.6539974975E+02
0.6520406609E+02
0.6500922374E+02
0.6481521815E+02
0.6462204474E+02
0.6442969901E+02
0.6423817645E+02
0.6404747261E+02
0.6385758305E+02
0.6366850337E+02
0.6348022917E+02
0.6329275611E+02
0.6310607987E+02
0.6292019615E+02
0.6273510067E+02
0.6255078920E+02
0.6236725752E+02
0.6218450143E+02
0.6200251678E+02
0.6182129943E+02
0.6164084527E+02
0.6146115021E+02
0.6128221020E+02
0.6110402119E+02
0.6092657918E+02
0.6074988019E+02
0.6057392026E+02
0.6039869546E+02
0.6022420187E+02
0.6005043562E+02
0.5987739283E+02
0.5970506969E+02
0.5953346236E+02
0.5936256708E+02
0.5919238006E+02
0.5902289757E+02
0.5885411590E+02
0.5868603135E+02
0.5851864024E+02
0.5835193893E+02
0.5818592379E+02
0.5802059122E+02
0.5785593764E+02
0.5769195948E+02
0.5752865322E+02
0.5736601533E+02
0.5720404233E+02
0.5704273073E+02
0.5688207710E+02
0.5672207800E+02
0.5656273003E+02
0.5640402980E+02
0.5624597393E+02
0.5608855910E+02
0.5593178197E+02
0.5577563924E+02
0.5562012762E+02
0.5546524386E+02
0.5531098470E+02
0.5515734693E+02
0.5500432735E+02
0.5485192276E+02
0.5470013000E+02
0.5454894593E+02
0.5439836742E+02
0.5424839137E+02
0.5409901468E+02
0.5395023429E+02
0.5380204714E+02
0.5365445022E+02
0.5350744049E+02
0.5336101497E+02
0.5321517067E+02
0.5306990465E+02
0.5292521396E+02
0.5278109567E+02
0.5263754688E+02
0.5249456471E+02
0.5235214628E+02
0.5221028874E+02
0.5206898925E+02
0.5192824499E+02
0.5178805317E+02
0.5164841100E+02
0.5150931571E+02
0.5137076455E+02
0.5123275478E+02
0.5109528368E+02
0.5095834856E+02
0.5082194673E+02
0.5068607552E+02
0.5055073227E+02
0.5041591434E+02
0.5028161912E+02
0.5014784399E+02
0.5001458637E+02
0.4988184368E+02
0.4974961336E+02
0.4961789286E+02
0.4948667966E+02
0.4935597124E+02
0.4922576510E+02
0.4909605876E+02
0.4896684974E+02
0.4883813559E+02
0.4870991386E+02
0.4858218214E+02
0.4845493801E+02
0.4832817907E+02
0.4820190293E+02
0.4807610723E+02
0.4795078961E+02
0.4782594773E+02
0.4770157926E+02
0.4757768189E+02
0.4745425331E+02
0.4733129123E+02
0.4720879339E+02
0.4708675752E+02
0.4696518138E+02
0.4684406272E+02
0.4672339934E+02
0.4660318901E+02
0.4648342955E+02
0.4636411876E+02
0.4624525449E+02
0.4612683458E+02
0.4600885687E+02
0.4589131924E+02
0.4577421956E+02
0.4565755573E+02
0.4554132566E+02
0.4542552726E+02
0.4531015845E+02
0.4519521718E+02
0.4508070140E+02
0.4496660908E+02
0.4485293819E+02
0.4473968672E+02
0.4462685266E+02
0.4451443403E+02
0.4440242886E+02
0.4429083517E+02
0.4417965101E+02
0.4406887443E+02
0.4395850351E+02
0.4384853631E+02
0.4373897094E+02
0.4362980548E+02
0.4352103806E+02
0.4341266679E+02
0.4330468980E+02
0.4319710524E+02
0.4308991126E+02
0.4298310603E+02
0.4287668771E+02
0.4277065450E+02
0.4266500459E+02
0.4255973619E+02
0.4245484750E+02
0.4235033676E+02
0.4224620221E+02
0.4214244208E+02
0.4203905463E+02
0.4193603813E+02
0.4183339085E+02
0.4173111108E+02
0.4162919711E+02
0.4152764725E+02
0.4142645981E+02
0.4132563311E+02
0.4122516548E+02
0.4112505527E+02
0.4102530083E+02
0.4092590051E+02
0.4082685269E+02
0.4072815575E+02
0.4062980807E+02
0.4053180804E+02
0.4043415408E+02
0.4033684460E+02
0.4023987801E+02
0.4014325276E+02
0.4004696729E+02
0.3995102003E+02
0.3985540945E+02
0.3976013402E+02
0.3966519221E+02
0.3957058250E+02
0.3947630339E+02
0.3938235337E+02
0.3928873095E+02
0.3919543465E+02
0.3910246300E+02
0.3900981451E+02
0.3891748774E+02
0.3882548124E+02
0.3873379356E+02
0.3864242326E+02
0.3855136891E+02
0.3846062911E+02
0.3837020242E+02
0.3828008746E+02
0.3819028281E+02
0.3810078711E+02
0.3801159895E+02
0.3792271697E+02
0.3783413979E+02
0.3774586607E+02
0.3765789445E+02
0.3757022358E+02
0.3748285212E+02
0.3739577876E+02
0.3730900215E+02
0.3722252099E+02
0.3713633397E+02
0.3705043978E+02
0.3696483714E+02
0.3687952475E+02
0.3679450133E+02
0.3670976561E+02
0.3662531632E+02
0.3654115220E+02
0.3645727200E+02
0.3637367447E+02
0.3629035837E+02
0.3620732246E+02
0.3612456552E+02
0.3604208633E+02
0.3595988368E+02
0.3587795635E+02
0.3579630314E+02
0.3571492287E+02
0.3563381434E+02
0.3555297637E+02
0.3547240778E+02
0.3539210740E+02
0.3531207408E+02
0.3523230665E+02
0.3515280396E+02
0.3507356487E+02
0.3499458823E+02
0.3491587293E+02
0.3483741781E+02
0.3475922178E+02
0.3468128370E+02
0.3460360247E+02
0.3452617700E+02
0.3444900617E+02
0.3437208890E+02
0.3429542410E+02
0.3421901068E+02
0.3414284759E+02
0.3406693374E+02
0.3399126807E+02
0.3391584952E+02
0.3384067704E+02
0.3376574959E+02
0.3369106611E+02
0.3361662558E+02
0.3354242696E+02
0.3346846922E+02
0.3339475136E+02
0.3332127234E+02
0.3324803116E+02
0.3317502682E+02
0.3310225832E+02
0.3302972465E+02
0.3295742484E+02
0.3288535790E+02
0.3281352284E+02
0.3274191870E+02
0.3267054450E+02
0.3259939928E+02
0.3252848208E+02
0.3245779195E+02
0.3238732794E+02
0.3231708910E+02
0.3224707449E+02
0.3217728318E+02
0.3210771424E+02
0.3203836673E+02
0.3196923975E+02
0.3190033237E+02
0.3183164369E+02
0.3176317279E+02
0.3169491877E+02
0.3162688074E+02
0.3155905781E+02
0.3149144907E+02
0.3142405366E+02
0.3135687068E+02
0.3128989927E+02
0.3122313856E+02
0.3115658767E+02
0.3109024574E+02
0.3102411192E+02
0.3095818536E+02
0.3089246520E+02
0.3082695060E+02
0.3076164071E+02
0.3069653471E+02
0.3063163176E+02
0.3056693103E+02
0.3050243170E+02
0.3043813294E+02
0.3037403395E+02
0.3031013390E+02
0.3024643200E+02
0.3018292743E+02
0.3011961940E+02
0.3005650712E+02
0.2999358978E+02
0.2993086661E+02
0.2986833681E+02
0.2980599961E+02
0.2974385424E+02
0.2968189991E+02
0.2962013587E+02
0.2955856134E+02
0.2949717556E+02
0.2943597778E+02
0.2937496725E+02
0.2931414321E+02
0.2925350491E+02
0.2919305162E+02
0.2913278260E+02
0.2907269710E+02
0.2901279441E+02
0.2895307378E+02
0.2889353450E+02
0.2883417585E+02
0.2877499710E+02
0.2871599754E+02
0.2865717647E+02
0.2859853317E+02
0.2854006694E+02
0.2848177708E+02
0.2842366290E+02
0.2836572369E+02
0.2830795878E+02
0.2825036747E+02
0.2819294907E+02
0.2813570292E+02
0.2807862833E+02
0.2802172463E+02
0.2796499115E+02
0.2790842721E+02
0.2785203217E+02
0.2779580535E+02
0.2773974610E+02
0.2768385376E+02
0.2762812768E+02
0.2757256722E+02
0.2751717173E+02
0.2746194056E+02
0.2740687308E+02
0.2735196866E+02
0.2729722665E+02
0.2724264643E+02
0.2718822738E+02
0.2713396886E+02
0.2707987026E+02
0.2702593096E+02
0.2697215034E+02
0.2691852779E+02
0.2686506271E+02
0.2681175448E+02
0.2675860251E+02
0.2670560618E+02
0.2665276492E+02
0.2660007811E+02
0.2654754516E+02
0.2649516550E+02
0.2644293852E+02
0.2639086365E+02
0.2633894031E+02
0.2628716792E+02
0.2623554589E+02
0.2618407367E+02
0.2613275067E+02
0.2608157633E+02
0.2603055009E+02
0.2597967138E+02
0.2592893964E+02
0.2587835432E+02
0.2582791487E+02
0.2577762072E+02
0.2572747133E+02
0.2567746615E+02
0.2562760464E+02
0.2557788626E+02
0.2552831047E+02
0.2547887673E+02
0.2542958450E+02
0.2538043326E+02
0.2533142248E+02
0.2528255162E+02
0.2523382017E+02
0.2518522760E+02
0.2513677339E+02
0.2508845702E+02
0.2504027799E+02
0.2499223577E+02
0.2494432986E+02
0.2489655975E+02
0.2484892493E+02
0.2480142490E+02
0.2475405917E+02
0.2470682722E+02
0.2465972857E+02
0.2461276272E+02
0.2456592917E+02
0.2451922745E+02
0.2447265705E+02
0.2442621751E+02
0.2437990832E+02
0.2433372902E+02
0.2428767913E+02
0.2424175816E+02
0.2419596564E+02
0.2415030111E+02
0.2410476409E+02
0.2405935411E+02
0.2401407070E+02
0.2396891342E+02
0.2392388178E+02
0.2387897534E+02
0.2383419363E+02
0.2378953621E+02
0.2374500261E+02
0.2370059238E+02
0.2365630509E+02
0.2361214027E+02
0.2356809748E+02
0.2352417629E+02
0.2348037625E+02
0.2343669691E+02
0.2339313785E+02
0.2334969863E+02
0.2330637881E+02
0.2326317796E+02
0.2322009566E+02
0.2317713147E+02
0.2313428497E+02
0.2309155574E+02
0.2304894335E+02
0.2300644738E+02
0.2296406742E+02
0.2292180305E+02
0.2287965385E+02
0.2283761942E+02
0.2279569933E+02
0.2275389319E+02
0.2271220058E+02
0.2267062109E+02
0.2262915434E+02
0.2258779990E+02
0.2254655739E+02
0.2250542640E+02
0.2246440654E+02
0.2242349742E+02
0.2238269863E+02
0.2234200979E+02
0.2230143051E+02
0.2226096039E+02
0.2222059907E+02
0.2218034614E+02
0.2214020122E+02
0.2210016394E+02
0.2206023392E+02
0.2202041077E+02
0.2198069412E+02
0.2194108360E+02
0.2190157883E+02
0.2186217944E+02
0.2182288506E+02
0.2178369532E+02
0.2174460986E+02
0.2170562831E+02
0.2166675031E+02
0.2162797549E+02
0.2158930350E+02
0.2155073397E+02
0.2151226655E+02
0.2147390088E+02
0.2143563661E+02
0.2139747339E+02
0.2135941086E+02
0.2132144867E+02
0.2128358648E+02
0.2124582394E+02
0.2120816071E+02
0.2117059643E+02
0.2113313078E+02
0.2109576339E+02
0.2105849395E+02
0.2102132211E+02
0.2098424753E+02
0.2094726988E+02
0.2091038882E+02
0.2087360402E+02
0.2083691516E+02
0.2080032189E+02
0.2076382390E+02
0.2072742086E+02
0.2069111244E+02
0.2065489832E+02
0.2061877817E+02
0.2058275168E+02
0.2054681852E+02
0.2051097837E+02
0.2047523093E+02
0.2043957587E+02
0.2040401287E+02
0.2036854163E+02
0.2033316184E+02
0.2029787317E+02
0.2026267533E+02
0.2022756801E+02
0.2019255089E+02
0.2015762368E+02
0.2012278607E+02
0.2008803776E+02
0.2005337844E+02
0.2001880781E+02
0.1998432558E+02
0.1994993145E+02
0.1991562512E+02
0.1988140629E+02
0.1984727468E+02
0.1981322998E+02
0.1977927192E+02
0.1974540019E+02
0.1971161450E+02
0.1967791458E+02
0.1964430013E+02
0.1961077086E+02
0.1957732650E+02
0.1954396676E+02
0.1951069135E+02
0.1947750000E+02
0.1944439243E+02
0.1941136835E+02
0.1937842750E+02
0.1934556958E+02
0.1931279433E+02
0.1928010148E+02
0.1924749075E+02
0.1921496187E+02
0.1918251456E+02
0.1915014856E+02
0.1911786361E+02
0.1908565942E+02
0.1905353574E+02
0.1902149230E+02
0.1898952884E+02
0.1895764509E+02
0.1892584079E+02
0.1889411568E+02
0.1886246950E+02
0.1883090199E+02
0.1879941290E+02
0.1876800196E+02
0.1873666892E+02
0.1870541353E+02
0.1867423552E+02
0.1864313466E+02
0.1861211069E+02
0.1858116335E+02
0.1855029240E+02
0.1851949758E+02
0.1848877866E+02
0.1845813538E+02
0.1842756750E+02
0.1839707478E+02
0.1836665696E+02
0.1833631381E+02
0.1830604509E+02
0.1827585055E+02
0.1824572996E+02
0.1821568307E+02
0.1818570966E+02
0.1815580947E+02
0.1812598228E+02
0.1809622784E+02
0.1806654594E+02
0.1803693632E+02
0.1800739877E+02
0.1797793305E+02
0.1794853892E+02
0.1791921616E+02
0.1788996455E+02
0.1786078384E+02
0.1783167383E+02
0.1780263427E+02
0.1777366494E+02
0.1774476563E+02
0.1771593611E+02
0.1768717615E+02
0.1765848553E+02
0.1762986404E+02
0.1760131145E+02
0.1757282755E+02
0.1754441211E+02
0.1751606492E+02
0.1748778576E+02
0.1745957442E+02
0.1743143069E+02
0.1740335434E+02
0.1737534517E+02
0.1734740296E+02
3
0.4354273919E+03
0.4318668536E+03
0.4295918266E+03
0.4283558315E+03
0.4279344450E+03
0.4281390325E+03
0.4288176254E+03
0.4298506800E+03
0.4311453998E+03
0.4326302384E+03
0.4342501805E+03
0.4359629307E+03
0.4377359359E+03
0.4395441046E+03
0.4413680772E+03
0.4431929196E+03
0.4450071359E+03
0.4468019194E+03
0.4485705811E+03
0.4503081098E+03
0.4520108311E+03
0.4536761394E+03
0.4553022870E+03
0.4568882151E+03
0.4584334185E+03
0.4599378355E+03
0.4614017587E+03
0.4628257611E+03
0.4642106361E+03
0.4655573471E+03
0.4668669860E+03
0.4681407382E+03
0.4693798539E+03
0.4705856229E+03
0.4717593544E+03
0.4729023592E+03
0.4740159347E+03
0.4751013523E+03
0.4761598465E+03
0.4771926056E+03
0.4782007640E+03
0.4791853958E+03
0.4801475089E+03
0.4810880406E+03
0.4820078545E+03
0.4829077373E+03
0.4837883969E+03
0.4846504615E+03
0.4854944786E+03
0.4863209156E+03
0.4871301600E+03
0.4879225209E+03
0.4886982308E+03
0.4894574475E+03
0.4902002572E+03
0.4909266768E+03
0.4916366578E+03
0.4923300896E+03
0.4930068037E+03
0.4936665771E+03
0.4943091370E+03
0.4949341650E+03
0.4955413016E+03
0.4961301501E+03
0.4967002816E+03
0.4972512394E+03
0.4977825430E+03
0.4982936923E+03
0.4987841724E+03
0.4992534571E+03
0.4997010127E+03
0.5001263022E+03
0.5005287885E+03
0.5009079380E+03
0.5012632234E+03
0.5015941270E+03
0.5019001435E+03
0.5021807823E+03
0.5024355700E+03
0.5026640524E+03
0.5028657966E+03
0.5030403928E+03
0.5031874554E+03
0.5033066247E+03
0.5033975681E+03
0.5034599806E+03
0.5034935861E+03
0.5034981377E+03
0.5034734183E+03
0.5034192409E+03
0.5033354485E+03
0.5032219147E+03
0.5030785431E+03
0.5029052674E+03
0.5027020508E+03
0.5024688860E+03
0.5022057945E+03
0.5019128259E+03
0.5015900574E+03
0.5012375933E+03
0.5008555640E+03
0.5004441249E+03
0.5000034563E+03
0.4995337619E+03
0.4990352682E+03
0.4985082231E+03
0.4979528957E+03
0.4973695746E+03
0.4967585673E+03
0.4961201991E+03
0.4954548121E+03
0.4947627643E+03
0.4940444283E+03
0.4933001908E+03
0.4925304513E+03
0.4917356212E+03
0.4909161229E+03
0.4900723889E+03
0.4892048610E+03
0.4883139889E+03
0.4874002302E+03
0.4864640488E+03
0.4855059145E+03
0.4845263022E+03
0.4835256910E+03
0.4825045634E+03
0.4814634049E+03
0.4804027032E+03
0.4793229474E+03
0.4782246276E+03
0.4771082341E+03
0.4759742570E+03
0.4748231856E+03
0.4736555080E+03
0.4724717104E+03
0.4712722768E+03
0.4700576886E+03
0.4688284241E+03
0.4675849579E+03
0.4663277613E+03
0.4650573010E+03
0.4637740393E+03
0.4624784341E+03
0.4611709379E+03
0.4598519981E+03
0.4585220565E+03
0.4571815494E+03
0.4558309070E+03
0.4544705535E+03
0.4531009068E+03
0.4517223787E+03
0.4503353741E+03
0.4489402916E+03
0.4475375230E+03
0.4461274533E+03
0.4447104607E+03
0.4432869163E+03
0.4418571846E+03
0.4404216228E+03
0.4389805811E+03
0.4375344029E+03
0.4360834243E+03
0.4346279746E+03
0.4331683757E+03
0.4317049430E+03
0.4302379846E+03
0.4287678016E+03
0.4272946884E+03
0.4258189325E+03
0.4243408145E+03
0.4228606084E+03
0.4213785812E+03
0.4198949937E+03
0.4184100998E+03
0.4169241470E+03
0.4154373766E+03
0.4139500233E+03
0.4124623156E+03
0.4109744761E+03
0.4094867210E+03
0.4079992606E+03
0.4065122995E+03
0.4050260362E+03
0.4035406638E+03
0.4020563695E+03
0.4005733351E+03
0.3990917370E+03
0.3976117464E+03
0.3961335289E+03
0.3946572454E+03
0.3931830514E+03
0.3917110978E+03
0.3902415303E+03
0.3887744902E+03
0.3873101139E+03
0.3858485335E+03
0.3843898763E+03
0.3829342655E+03
0.3814818201E+03
0.3800326547E+03
0.3785868800E+03
0.3771446025E+03
0.3757059250E+03
0.3742709466E+03
0.3728397623E+03
0.3714124639E+03
0.3699891393E+03
0.3685698731E+03
0.3671547466E+03
0.3657438378E+03
0.3643372213E+03
0.3629349688E+03
0.3615371487E+03
0.3601438268E+03
0.3587550656E+03
0.3573709250E+03
0.3559914623E+03
0.3546167317E+03
0.3532467853E+03
0.3518816722E+03
0.3505214394E+03
0.3491661313E+03
0.3478157901E+03
0.3464704555E+03
0.3451301654E+03
0.3437949551E+03
0.3424648583E+03
0.3411399061E+03
0.3398201283E+03
0.3385055522E+03
0.3371962036E+03
0.3358921064E+03
0.3345932829E+03
0.3332997534E+03
0.3320115368E+03
0.3307286503E+03
0.3294511097E+03
0.3281789292E+03
0.3269121215E+03
0.3256506981E+03
0.3243946688E+03
0.3231440424E+03
0.3218988263E+03
0.3206590267E+03
0.3194246485E+03
0.3181956956E+03
0.3169721707E+03
0.3157540754E+03
0.3145414103E+03
0.3133341750E+03
0.3121323680E+03
0.3109359870E+03
0.3097450288E+03
0.3085594892E+03
0.3073793632E+03
0.3062046450E+03
0.3050353281E+03
0.3038714050E+03
0.3027128678E+03
0.3015597075E+03
0.3004119147E+03
0.2992694793E+03
0.2981323905E+03
0.2970006370E+03
0.2958742067E+03
0.2947530872E+03
0.2936372654E+03
0.2925267277E+03
0.2914214601E+03
0.2903214479E+03
0.2892266763E+03
0.2881371297E+03
0.2870527923E+03
0.2859736478E+03
0.2848996795E+03
0.2838308704E+03
0.2827672032E+03
0.2817086601E+03
0.2806552231E+03
0.2796068738E+03
0.2785635937E+03
0.2775253638E+03
0.2764921649E+03
0.2754639777E+03
0.2744407824E+03
0.2734225592E+03
0.2724092880E+03
0.2714009484E+03
0.2703975201E+03
0.2693989823E+03
0.2684053142E+03
0.2674164948E+03
0.2664325029E+03
0.2654533174E+03
0.2644789167E+03
0.2635092794E+03
0.2625443837E+03
0.2615842081E+03
0.2606287305E+03
0.2596779292E+03
0.2587317821E+03
0.2577902671E+03
0.2568533621E+03
0.2559210449E+03
0.2549932933E+03
0.2540700849E+03
0.2531513975E+03
0.2522372086E+03
0.2513274959E+03
0.2504222370E+03
0.2495214094E+03
0.2486249908E+03
0.2477329586E+03
0.2468452905E+03
0.2459619640E+03
0.2450829567E+03
0.2442082461E+03
0.2433378100E+03
0.2424716258E+03
0.2416096714E+03
0.2407519242E+03
0.2398983622E+03
0.2390489629E+03
0.2382037043E+03
0.2373625642E+03
0.2365255203E+03
0.2356925507E+03
0.2348636334E+03
0.2340387464E+03
0.2332178677E+03
0.2324009756E+03
0.2315880482E+03
0.2307790638E+03
0.2299740008E+03
0.2291728377E+03
0.2283755528E+03
0.2275821247E+03
0.2267925321E+03
0.2260067538E+03
0.2252247683E+03
0.2244465548E+03
0.2236720920E+03
0.2229013591E+03
0.2221343351E+03
0.2213709992E+03
0.2206113308E+03
0.2198553092E+03
0.2191029138E+03
0.2183541243E+03
0.2176089202E+03
0.2168672814E+03
0.2161291876E+03
0.2153946187E+03
0.2146635548E+03
0.2139359760E+03
0.2132118624E+03
0.2124911945E+03
0.2117739525E+03
0.2110601171E+03
0.2103496687E+03
0.2096425881E+03
0.2089388560E+03
0.2082384534E+03
0.2075413613E+03
0.2068475606E+03
0.2061570327E+03
0.2054697589E+03
0.2047857204E+03
0.2041048988E+03
0.2034272757E+03
0.2027528328E+03
0.2020815518E+03
0.2014134147E+03
0.2007484035E+03
0.2000865002E+03
0.1994276871E+03
0.1987719465E+03
0.1981192607E+03
0.1974696122E+03
0.1968229837E+03
0.1961793579E+03
0.1955387175E+03
0.1949010455E+03
0.1942663248E+03
0.1936345387E+03
0.1930056702E+03
0.1923797026E+03
0.1917566195E+03
0.1911364042E+03
0.1905190404E+03
0.1899045118E+03
0.1892928022E+03
0.1886838954E+03
0.1880777755E+03
0.1874744266E+03
0.1868738328E+03
0.1862759784E+03
0.1856808478E+03
0.1850884255E+03
0.1844986961E+03
0.1839116442E+03
0.1833272546E+03
0.1827455121E+03
0.1821664018E+03
0.1815899086E+03
0.1810160176E+03
0.1804447142E+03
0.1798759836E+03
0.1793098112E+03
0.1787461826E+03
0.1781850834E+03
0.1776264992E+03
0.1770704159E+03
0.1765168192E+03
0.1759656952E+03
0.1754170299E+03
0.1748708094E+03
0.1743270200E+03
0.1737856480E+03
0.1732466798E+03
0.1727101018E+03
0.1721759006E+03
0.1716440629E+03
0.1711145755E+03
0.1705874251E+03
0.1700625987E+03
0.1695400832E+03
0.1690198658E+03
0.1685019336E+03
0.1679862738E+03
0.1674728738E+03
0.1669617210E+03
0.1664528029E+03
0.1659461069E+03
0.1654416209E+03
0.1649393324E+03
0.1644392294E+03
0.1639412997E+03
0.1634455312E+03
0.1629519120E+03
0.1624604302E+03
0.1619710740E+03
0.1614838317E+03
0.1609986916E+03
0.1605156422E+03
0.1600346719E+03
0.1595557692E+03
0.1590789230E+03
0.1586041217E+03
0.1581313543E+03
0.1576606096E+03
0.1571918765E+03
0.1567251441E+03
0.1562604013E+03
0.1557976374E+03
0.1553368416E+03
0.1548780031E+03
0.1544211112E+03
0.1539661555E+03
0.1535131254E+03
0.1530620105E+03
0.1526128003E+03
0.1521654845E+03
0.1517200530E+03
0.1512764956E+03
0.1508348020E+03
0.1503949623E+03
0.1499569665E+03
0.1495208047E+03
0.1490864670E+03
0.1486539435E+03
0.1482232247E+03
0.1477943008E+03
0.1473671622E+03
0.1469417993E+03
0.1465182027E+03
0.1460963629E+03
0.1456762706E+03
0.1452579165E+03
0.1448412913E+03
0.1444263859E+03
0.1440131910E+03
0.1436016977E+03
0.1431918969E+03
0.1427837797E+03
0.1423773372E+03
0.1419725604E+03
0.1415694407E+03
0.1411679694E+03
0.1407681376E+03
0.1403699368E+03
0.1399733585E+03
0.1395783941E+03
0.1391850352E+03
0.1387932734E+03
0.1384031002E+03
0.1380145075E+03
0.1376274869E+03
0.1372420303E+03
0.1368581295E+03
0.1364757764E+03
0.1360949630E+03
0.1357156813E+03
0.1353379234E+03
0.1349616813E+03
0.1345869472E+03
0.1342137134E+03
0.1338419720E+03
0.1334717154E+03
0.1331029359E+03
0.1327356259E+03
0.1323697779E+03
0.1320053844E+03
0.1316424378E+03
0.1312809309E+03
0.1309208561E+03
0.1305622063E+03
0.1302049741E+03
0.1298491522E+03
0.1294947336E+03
0.1291417110E+03
0.1287900774E+03
0.1284398256E+03
0.1280909488E+03
0.1277434398E+03
0.1273972919E+03
0.1270524980E+03
0.1267090514E+03
0.1263669453E+03
0.1260261729E+03
0.1256867275E+03
0.1253486024E+03
0.1250117909E+03
0.1246762866E+03
0.1243420828E+03
0.1240091730E+03
0.1236775507E+03
0.1233472096E+03
0.1230181431E+03
0.1226903450E+03
0.1223638090E+03
0.1220385287E+03
0.1217144979E+03
0.1213917104E+03
0.1210701600E+03
0.1207498407E+03
0.1204307463E+03
0.1201128707E+03
0.1197962080E+03
0.1194807521E+03
0.1191664971E+03
0.1188534371E+03
0.1185415663E+03
0.1182308787E+03
0.1179213686E+03
0.1176130302E+03
0.1173058577E+03
0.1169998455E+03
0.1166949879E+03
0.1163912792E+03
0.1160887139E+03
0.1157872864E+03
0.1154869911E+03
0.1151878226E+03
0.1148897753E+03
0.1145928438E+03
0.1142970228E+03
0.1140023069E+03
0.1137086906E+03
0.1134161688E+03
0.1131247360E+03
0.1128343872E+03
0.1125451170E+03
0.1122569202E+03
0.1119697918E+03
0.1116837265E+03
0.1113987194E+03
0.1111147652E+03
0.1108318591E+03
0.1105499959E+03
0.1102691707E+03
0.1099893786E+03
0.1097106146E+03
0.1094328738E+03
0.1091561514E+03
0.1088804426E+03
0.1086057425E+03
0.1083320463E+03
0.1080593493E+03
0.1077876468E+03
0.1075169341E+03
0.1072472064E+03
0.1069784593E+03
0.1067106880E+03
0.1064438879E+03
0.1061780545E+03
0.1059131833E+03
0.1056492698E+03
0.1053863094E+03
0.1051242977E+03
0.1048632302E+03
0.1046031026E+03
0.1043439105E+03
0.1040856495E+03
0.1038283153E+03
0.1035719035E+03
0.1033164099E+03
0.1030618303E+03
0.1028081603E+03
0.1025553958E+03
0.1023035326E+03
0.1020525665E+03
0.1018024934E+03
0.1015533091E+03
0.1013050096E+03
0.1010575908E+03
0.1008110487E+03
0.1005653791E+03
0.1003205782E+03
0.1000766419E+03
0.9983356624E+02
0.9959134735E+02
0.9934998127E+02
0.9910946412E+02
0.9886979203E+02
0.9863096115E+02
0.9839296764E+02
0.9815580770E+02
0.9791947755E+02
0.9768397342E+02
0.9744929156E+02
0.9721542826E+02
0.9698237981E+02
0.9675014252E+02
0.9651871274E+02
0.9628808683E+02
0.9605826116E+02
0.9582923213E+02
0.9560099617E+02
0.9537354970E+02
0.9514688918E+02
0.9492101110E+02
0.9469591194E+02
0.9447158823E+02
0.9424803650E+02
0.9402525330E+02
0.9380323521E+02
0.9358197881E+02
0.9336148071E+02
0.9314173754E+02
0.9292274596E+02
0.9270450262E+02
0.9248700420E+02
0.9227024741E+02
0.9205422896E+02
0.9183894559E+02
0.9162439406E+02
0.9141057114E+02
0.9119747361E+02
0.9098509828E+02
0.9077344197E+02
0.9056250153E+02
0.9035227381E+02
0.9014275569E+02
0.8993394405E+02
0.8972583581E+02
0.8951842789E+02
0.8931171723E+02
0.8910570078E+02
0.8890037553E+02
0.8869573845E+02
0.8849178656E+02
0.8828851687E+02
0.8808592643E+02
0.8788401228E+02
0.8768277150E+02
0.8748220117E+02
0.8728229839E+02
0.8708306026E+02
0.8688448394E+02
0.8668656655E+02
0.8648930526E+02
0.8629269724E+02
0.8609673969E+02
0.8590142981E+02
0.8570676482E+02
0.8551274196E+02
0.8531935846E+02
0.8512661160E+02
0.8493449866E+02
0.8474301692E+02
0.8455216369E+02
0.8436193630E+02
0.8417233206E+02
0.8398334835E+02
0.8379498250E+02
0.8360723191E+02
0.8342009396E+02
0.8323356605E+02
0.8304764559E+02
0.8286233003E+02
0.8267761679E+02
0.8249350334E+02
0.8230998715E+02
0.8212706570E+02
0.8194473648E+02
0.8176299700E+02
0.8158184478E+02
0.8140127736E+02
0.8122129228E+02
0.8104188710E+02
0.8086305940E+02
0.8068480675E+02
0.8050712676E+02
0.8033001703E+02
0.8015347518E+02
0.7997749885E+02
0.7980208568E+02
0.7962723332E+02
0.7945293946E+02
0.7927920176E+02
0.7910601792E+02
0.7893338565E+02
0.7876130265E+02
0.7858976667E+02
0.7841877543E+02
0.7824832670E+02
0.7807841822E+02
0.7790904777E+02
0.7774021314E+02
0.7757191213E+02
0.7740414254E+02
0.7723690218E+02
0.7707018889E+02
0.7690400050E+02
0.7673833488E+02
0.7657318987E+02
0.7640856335E+02
0.7624445320E+02
0.7608085731E+02
0.7591777360E+02
0.7575519997E+02
0.7559313434E+02
0.7543157466E+02
0.7527051887E+02
0.7510996492E+02
0.7494991078E+02
0.7479035442E+02
0.7463129383E+02
0.7447272701E+02
0.7431465196E+02
0.7415706670E+02
0.7399996925E+02
0.7384335764E+02
0.7368722993E+02
0.7353158416E+02
0.7337641840E+02
0.7322173073E+02
0.7306751922E+02
0.7291378197E+02
0.7276051708E+02
0.7260772266E+02
0.7245539683E+02
0.7230353772E+02
0.7215214347E+02
0.7200121223E+02
0.7185074215E+02
0.7170073140E+02
0.7155117816E+02
0.7140208060E+02
0.7125343692E+02
0.7110524532E+02
0.7095750401E+02
0.7081021121E+02
0.7066336515E+02
0.7051696406E+02
0.7037100618E+02
0.7022548977E+02
0.7008041310E+02
0.6993577442E+02
0.6979157202E+02
0.6964780418E+02
0.6950446921E+02
0.6936156539E+02
0.6921909104E+02
0.6907704449E+02
0.6893542405E+02
0.6879422806E+02
0.6865345487E+02
0.6851310283E+02
0.6837317029E+02
0.6823365562E+02
0.6809455720E+02
0.6795587341E+02
0.6781760263E+02
0.6767974327E+02
0.6754229373E+02
0.6740525242E+02
0.6726861777E+02
0.6713238820E+02
0.6699656214E+02
0.6686113804E+02
0.6672611435E+02
0.6659148953E+02
0.6645726204E+02
0.6632343035E+02
0.6618999294E+02
0.6605694829E+02
0.6592429491E+02
0.6579203129E+02
0.6566015594E+02
0.6552866737E+02
0.6539756410E+02
0.6526684467E+02
0.6513650760E+02
0.6500655144E+02
0.6487697475E+02
0.6474777606E+02
0.6461895395E+02
0.6449050699E+02
0.6436243374E+02
0.6423473281E+02
0.6410740276E+02
0.6398044220E+02
0.6385384973E+02
0.6372762396E+02
0.6360176350E+02
0.6347626697E+02
0.6335113301E+02
0.6322636024E+02
0.6310194731E+02
0.6297789286E+02
0.6285419555E+02
0.6273085404E+02
0.6260786698E+02
0.6248523306E+02
0.6236295094E+02
0.6224101932E+02
0.6211943688E+02
0.6199820232E+02
0.6187731434E+02
0.6175677164E+02
0.6163657295E+02
0.6151671697E+02
0.6139720244E+02
0.6127802809E+02
0.6115919265E+02
0.6104069486E+02
0.6092253348E+02
0.6080470725E+02
0.6068721494E+02
0.6057005532E+02
0.6045322714E+02
0.6033672920E+02
0.6022056027E+02
0.6010471913E+02
0.5998920459E+02
0.5987401543E+02
0.5975915047E+02
0.5964460852E+02
0.5953038838E+02
0.5941648887E+02
0.5930290883E+02
0.5918964708E+02
0.5907670247E+02
0.5896407381E+02
0.5885175998E+02
0.5873975981E+02
0.5862807217E+02
0.5851669591E+02
0.5840562990E+02
0.5829487301E+02
0.5818442413E+02
0.5807428212E+02
0.5796444588E+02
0.5785491431E+02
0.5774568629E+02
0.5763676072E+02
0.5752813653E+02
0.5741981260E+02
0.5731178787E+02
0.5720406125E+02
0.5709663167E+02
0.5698949806E+02
0.5688265935E+02
0.5677611448E+02
0.5666986240E+02
0.5656390206E+02
0.5645823241E+02
0.5635285241E+02
0.5624776102E+02
0.5614295720E+02
0.5603843994E+02
0.5593420821E+02
0.5583026099E+02
0.5572659726E+02
0.5562321601E+02
0.5552011625E+02
0.5541729696E+02
0.5531475715E+02
0.5521249582E+02
0.5511051200E+02
0.5500880470E+02
0.5490737293E+02
0.5480621572E+02
0.5470533210E+02
0.5460472110E+02
0.5450438176E+02
0.5440431312E+02
0.5430451423E+02
0.5420498414E+02
0.5410572190E+02
0.5400672656E+02
0.5390799720E+02
0.5380953287E+02
0.5371133265E+02
0.5361339560E+02
0.5351572082E+02
0.5341830738E+02
0.5332115436E+02
0.5322426086E+02
0.5312762597E+02
0.5303124878E+02
0.5293512841E+02
0.5283926395E+02
0.5274365451E+02
0.5264829921E+02
0.5255319716E+02
0.5245834749E+02
0.5236374932E+02
0.5226940177E+02
0.5217530398E+02
0.5208145508E+02
0.5198785422E+02
0.5189450053E+02
0.5180139317E+02
0.5170853127E+02
0.5161591401E+02
0.5152354052E+02
0.5143140998E+02
0.5133952154E+02
0.5124787438E+02
0.5115646767E+02
0.5106530058E+02
0.5097437229E+02
0.5088368199E+02
0.5079322885E+02
0.5070301206E+02
0.5061303083E+02
0.5052328434E+02
0.5043377179E+02
0.5034449238E+02
0.5025544533E+02
0.5016662983E+02
0.5007804511E+02
0.4998969037E+02
0.4990156484E+02
0.4981366773E+02
0.4972599828E+02
0.4963855571E+02
0.4955133925E+02
0.4946434814E+02
0.4937758162E+02
0.4929103892E+02
0.4920471930E+02
0.4911862199E+02
0.4903274626E+02
0.4894709134E+02
0.4886165651E+02
0.4877644102E+02
0.4869144413E+02
0.4860666511E+02
0.4852210323E+02
0.4843775775E+02
0.4835362797E+02
0.4826971314E+02
0.4818601256E+02
0.4810252551E+02
0.4801925128E+02
0.4793618915E+02
0.4785333841E+02
0.4777069837E+02
0.4768826832E+02
0.4760604757E+02
0.4752403541E+02
0.4744223116E+02
0.4736063412E+02
0.4727924361E+02
0.4719805894E+02
0.4711707943E+02
0.4703630441E+02
0.4695573319E+02
0.4687536510E+02
0.4679519947E+02
0.4671523564E+02
0.4663547294E+02
0.4655591070E+02
0.4647654827E+02
0.4639738499E+02
0.4631842020E+02
0.4623965326E+02
0.4616108351E+02
0.4608271031E+02
0.4600453301E+02
0.4592655097E+02
0.4584876355E+02
0.4577117012E+02
0.4569377004E+02
0.4561656268E+02
0.4553954742E+02
0.4546272362E+02
0.4538609067E+02
0.4530964794E+02
0.4523339481E+02
0.4515733067E+02
0.4508145490E+02
0.4500576689E+02
0.4493026604E+02
0.4485495173E+02
0.4477982337E+02
0.4470488035E+02
0.4463012207E+02
0.4455554793E+02
0.4448115735E+02
0.4440694973E+02
0.4433292447E+02
0.4425908100E+02
0.4418541873E+02
0.4411193707E+02
0.4403863544E+02
0.4396551327E+02
0.4389256998E+02
0.4381980499E+02
0.4374721774E+02
0.4367480766E+02
0.4360257417E+02
0.4353051672E+02
0.4345863474E+02
0.4338692767E+02
0.4331539496E+02
0.4324403605E+02
0.4317285038E+02
0.4310183740E+02
0.4303099657E+02
0.4296032734E+02
0.4288982915E+02
0.4281950148E+02
0.4274934378E+02
0.4267935550E+02
0.4260953612E+02
0.4253988510E+02
0.4247040190E+02
0.4240108600E+02
0.4233193687E+02
0.4226295398E+02
0.4219413681E+02
0.4212548483E+02
0.4205699753E+02
0.4198867439E+02
0.4192051489E+02
0.4185251852E+02
0.4178468476E+02
0.4171701311E+02
0.4164950305E+02
0.4158215409E+02
0.4151496571E+02
0.4144793742E+02
0.4138106872E+02
0.4131435910E+02
0.4124780807E+02
0.4118141513E+02
0.4111517980E+02
0.4104910158E+02
0.4098317998E+02
0.4091741452E+02
0.4085180470E+02
0.4078635006E+02
0.4072105010E+02
0.4065590435E+02
0.4059091232E+02
0.4052607355E+02
0.4046138756E+02
0.4039685387E+02
0.4033247202E+02
0.4026824154E+02
0.4020416195E+02
0.4014023280E+02
0.4007645362E+02
0.4001282395E+02
0.3994934333E+02
0.3988601130E+02
0.3982282741E+02
0.3975979119E+02
0.3969690220E+02
0.3963415999E+02
0.3957156411E+02
0.3950911410E+02
0.3944680953E+02
0.3938464994E+02
0.3932263490E+02
0.3926076396E+02
0.3919903668E+02
0.3913745264E+02
0.3907601138E+02
0.3901471247E+02
0.3895355549E+02
0.3889254000E+02
0.3883166557E+02
0.3877093178E+02
0.3871033819E+02
0.3864988438E+02
0.3858956993E+02
0.3852939442E+02
0.3846935742E+02
0.3840945853E+02
0.3834969731E+02
0.3829007336E+02
0.3823058625E+02
0.3817123559E+02
0.3811202096E+02
0.3805294194E+02
0.3799399813E+02
0.3793518913E+02
0.3787651453E+02
0.3781797393E+02
0.3775956691E+02
0.3770129310E+02
0.3764315207E+02
0.3758514345E+02
0.3752726682E+02
0.3746952181E+02
0.3741190800E+02
0.3735442502E+02
0.3729707247E+02
0.3723984997E+02
0.3718275712E+02
0.3712579354E+02
0.3706895885E+02
0.3701225266E+02
0.3695567459E+02
0.3689922426E+02
0.3684290130E+02
0.3678670532E+02
0.3673063595E+02
0.3667469281E+02
0.3661887553E+02
0.3656318374E+02
0.3650761707E+02
0.3645217514E+02
0.3639685760E+02
0.3634166407E+02
0.3628659419E+02
0.3623164759E+02
0.3617682392E+02
0.3612212281E+02
0.3606754389E+02
0.3601308682E+02
0.3595875124E+02
0.3590453678E+02
0.3585044310E+02
0.3579646983E+02
0.3574261663E+02
0.3568888316E+02
0.3563526904E+02
0.3558177395E+02
0.3552839753E+02
0.3547513943E+02
0.3542199931E+02
0.3536897683E+02
0.3531607165E+02
0.3526328342E+02
0.3521061180E+02
0.3515805646E+02
0.3510561706E+02
0.3505329325E+02
0.3500108472E+02
0.3494899112E+02
0.3489701212E+02
0.3484514739E+02
0.3479339659E+02
0.3474175941E+02
0.3469023551E+02
0.3463882456E+02
0.3458752625E+02
0.3453634024E+02
0.3448526621E+02
0.3443430384E+02
0.3438345281E+02
0.3433271280E+02
