# Percentage of N2 Contained in Each Group
9.9989033361e-01
1.0965771192e-04
8.6804744866e-09
1.0969938902e-12
1.6867821549e-16
1.5149685018e-20
1.6636008959e-24
1.3608610981e-28
1.5196689590e-32
1.0952533588e-36
8.4451023862e-41
1.1599265433e-44
7.6076965360e-49
6.3270170898e-53
7.5701539499e-57
4.7989546684e-61
4.2790371864e-65
3.4497864208e-69
3.0121923811e-73
2.6107226597e-77
2.1540979013e-81
2.3069976373e-85
1.9801426297e-89
1.7210228242e-93
1.4955484603e-97
1.0225023203e-101
1.2896928764e-105
8.2800921015e-110
6.7369855578e-114
7.1038677434e-118
5.1496869128e-122
4.5343644526e-126
3.8178572839e-130
3.1056802513e-134
2.8876469153e-138
2.4469541018e-142
2.2179203947e-146
1.8849652332e-150
1.5808235026e-154
1.5494350248e-158
1.7092772552e-162
7.6615652503e-167
5.1488543769e-171
3.3977713094e-175
2.0867169222e-179
1.5663146891e-183
8.4365826852e-188
7.0171098471e-192
3.3493636749e-196
2.5004643624e-200
2.4575594042e-204
1.4738961648e-208
1.0606972513e-212
4.5418587375e-217
4.4333845761e-221
1.6908289643e-225
1.1465156611e-229
4.4221041268e-234
2.2300208484e-238
1.3249513323e-242
5.0073585156e-247
