0.3000000000E+03
0.3250000000E+03
0.3500000000E+03
0.3750000000E+03
0.4000000000E+03
0.4250000000E+03
0.4500000000E+03
0.4750000000E+03
0.5000000000E+03
0.5250000000E+03
0.5500000000E+03
0.5750000000E+03
0.6000000000E+03
0.6250000000E+03
0.6500000000E+03
0.6750000000E+03
0.7000000000E+03
0.7250000000E+03
0.7500000000E+03
0.7750000000E+03
0.8000000000E+03
0.8250000000E+03
0.8500000000E+03
0.8750000000E+03
0.9000000000E+03
0.9250000000E+03
0.9500000000E+03
0.9750000000E+03
0.1000000000E+04
0.1025000000E+04
0.1050000000E+04
0.1075000000E+04
0.1100000000E+04
0.1125000000E+04
0.1150000000E+04
0.1175000000E+04
0.1200000000E+04
0.1225000000E+04
0.1250000000E+04
0.1275000000E+04
0.1300000000E+04
0.1325000000E+04
0.1350000000E+04
0.1375000000E+04
0.1400000000E+04
0.1425000000E+04
0.1450000000E+04
0.1475000000E+04
0.1500000000E+04
0.1525000000E+04
0.1550000000E+04
0.1575000000E+04
0.1600000000E+04
0.1625000000E+04
0.1650000000E+04
0.1675000000E+04
0.1700000000E+04
0.1725000000E+04
0.1750000000E+04
0.1775000000E+04
0.1800000000E+04
0.1825000000E+04
0.1850000000E+04
0.1875000000E+04
0.1900000000E+04
0.1925000000E+04
0.1950000000E+04
0.1975000000E+04
0.2000000000E+04
0.2025000000E+04
0.2050000000E+04
0.2075000000E+04
0.2100000000E+04
0.2125000000E+04
0.2150000000E+04
0.2175000000E+04
0.2200000000E+04
0.2225000000E+04
0.2250000000E+04
0.2275000000E+04
0.2300000000E+04
0.2325000000E+04
0.2350000000E+04
0.2375000000E+04
0.2400000000E+04
0.2425000000E+04
0.2450000000E+04
0.2475000000E+04
0.2500000000E+04
0.2525000000E+04
0.2550000000E+04
0.2575000000E+04
0.2600000000E+04
0.2625000000E+04
0.2650000000E+04
0.2675000000E+04
0.2700000000E+04
0.2725000000E+04
0.2750000000E+04
0.2775000000E+04
0.2800000000E+04
0.2825000000E+04
0.2850000000E+04
0.2875000000E+04
0.2900000000E+04
0.2925000000E+04
0.2950000000E+04
0.2975000000E+04
0.3000000000E+04
0.3025000000E+04
0.3050000000E+04
0.3075000000E+04
0.3100000000E+04
0.3125000000E+04
0.3150000000E+04
0.3175000000E+04
0.3200000000E+04
0.3225000000E+04
0.3250000000E+04
0.3275000000E+04
0.3300000000E+04
0.3325000000E+04
0.3350000000E+04
0.3375000000E+04
0.3400000000E+04
0.3425000000E+04
0.3450000000E+04
0.3475000000E+04
0.3500000000E+04
0.3525000000E+04
0.3550000000E+04
0.3575000000E+04
0.3600000000E+04
0.3625000000E+04
0.3650000000E+04
0.3675000000E+04
0.3700000000E+04
0.3725000000E+04
0.3750000000E+04
0.3775000000E+04
0.3800000000E+04
0.3825000000E+04
0.3850000000E+04
0.3875000000E+04
0.3900000000E+04
0.3925000000E+04
0.3950000000E+04
0.3975000000E+04
0.4000000000E+04
0.4025000000E+04
0.4050000000E+04
0.4075000000E+04
0.4100000000E+04
0.4125000000E+04
0.4150000000E+04
0.4175000000E+04
0.4200000000E+04
0.4225000000E+04
0.4250000000E+04
0.4275000000E+04
0.4300000000E+04
0.4325000000E+04
0.4350000000E+04
0.4375000000E+04
0.4400000000E+04
0.4425000000E+04
0.4450000000E+04
0.4475000000E+04
0.4500000000E+04
0.4525000000E+04
0.4550000000E+04
0.4575000000E+04
0.4600000000E+04
0.4625000000E+04
0.4650000000E+04
0.4675000000E+04
0.4700000000E+04
0.4725000000E+04
0.4750000000E+04
0.4775000000E+04
0.4800000000E+04
0.4825000000E+04
0.4850000000E+04
0.4875000000E+04
0.4900000000E+04
0.4925000000E+04
0.4950000000E+04
0.4975000000E+04
0.5000000000E+04
0.5025000000E+04
0.5050000000E+04
0.5075000000E+04
0.5100000000E+04
0.5125000000E+04
0.5150000000E+04
0.5175000000E+04
0.5200000000E+04
0.5225000000E+04
0.5250000000E+04
0.5275000000E+04
0.5300000000E+04
0.5325000000E+04
0.5350000000E+04
0.5375000000E+04
0.5400000000E+04
0.5425000000E+04
0.5450000000E+04
0.5475000000E+04
0.5500000000E+04
0.5525000000E+04
0.5550000000E+04
0.5575000000E+04
0.5600000000E+04
0.5625000000E+04
0.5650000000E+04
0.5675000000E+04
0.5700000000E+04
0.5725000000E+04
0.5750000000E+04
0.5775000000E+04
0.5800000000E+04
0.5825000000E+04
0.5850000000E+04
0.5875000000E+04
0.5900000000E+04
0.5925000000E+04
0.5950000000E+04
0.5975000000E+04
0.6000000000E+04
0.6025000000E+04
0.6050000000E+04
0.6075000000E+04
0.6100000000E+04
0.6125000000E+04
0.6150000000E+04
0.6175000000E+04
0.6200000000E+04
0.6225000000E+04
0.6250000000E+04
0.6275000000E+04
0.6300000000E+04
0.6325000000E+04
0.6350000000E+04
0.6375000000E+04
0.6400000000E+04
0.6425000000E+04
0.6450000000E+04
0.6475000000E+04
0.6500000000E+04
0.6525000000E+04
0.6550000000E+04
0.6575000000E+04
0.6600000000E+04
0.6625000000E+04
0.6650000000E+04
0.6675000000E+04
0.6700000000E+04
0.6725000000E+04
0.6750000000E+04
0.6775000000E+04
0.6800000000E+04
0.6825000000E+04
0.6850000000E+04
0.6875000000E+04
0.6900000000E+04
0.6925000000E+04
0.6950000000E+04
0.6975000000E+04
0.7000000000E+04
0.7025000000E+04
0.7050000000E+04
0.7075000000E+04
0.7100000000E+04
0.7125000000E+04
0.7150000000E+04
0.7175000000E+04
0.7200000000E+04
0.7225000000E+04
0.7250000000E+04
0.7275000000E+04
0.7300000000E+04
0.7325000000E+04
0.7350000000E+04
0.7375000000E+04
0.7400000000E+04
0.7425000000E+04
0.7450000000E+04
0.7475000000E+04
0.7500000000E+04
0.7525000000E+04
0.7550000000E+04
0.7575000000E+04
0.7600000000E+04
0.7625000000E+04
0.7650000000E+04
0.7675000000E+04
0.7700000000E+04
0.7725000000E+04
0.7750000000E+04
0.7775000000E+04
0.7800000000E+04
0.7825000000E+04
0.7850000000E+04
0.7875000000E+04
0.7900000000E+04
0.7925000000E+04
0.7950000000E+04
0.7975000000E+04
0.8000000000E+04
0.8025000000E+04
0.8050000000E+04
0.8075000000E+04
0.8100000000E+04
0.8125000000E+04
0.8150000000E+04
0.8175000000E+04
0.8200000000E+04
0.8225000000E+04
0.8250000000E+04
0.8275000000E+04
0.8300000000E+04
0.8325000000E+04
0.8350000000E+04
0.8375000000E+04
0.8400000000E+04
0.8425000000E+04
0.8450000000E+04
0.8475000000E+04
0.8500000000E+04
0.8525000000E+04
0.8550000000E+04
0.8575000000E+04
0.8600000000E+04
0.8625000000E+04
0.8650000000E+04
0.8675000000E+04
0.8700000000E+04
0.8725000000E+04
0.8750000000E+04
0.8775000000E+04
0.8800000000E+04
0.8825000000E+04
0.8850000000E+04
0.8875000000E+04
0.8900000000E+04
0.8925000000E+04
0.8950000000E+04
0.8975000000E+04
0.9000000000E+04
0.9025000000E+04
0.9050000000E+04
0.9075000000E+04
0.9100000000E+04
0.9125000000E+04
0.9150000000E+04
0.9175000000E+04
0.9200000000E+04
0.9225000000E+04
0.9250000000E+04
0.9275000000E+04
0.9300000000E+04
0.9325000000E+04
0.9350000000E+04
0.9375000000E+04
0.9400000000E+04
0.9425000000E+04
0.9450000000E+04
0.9475000000E+04
0.9500000000E+04
0.9525000000E+04
0.9550000000E+04
0.9575000000E+04
0.9600000000E+04
0.9625000000E+04
0.9650000000E+04
0.9675000000E+04
0.9700000000E+04
0.9725000000E+04
0.9750000000E+04
0.9775000000E+04
0.9800000000E+04
0.9825000000E+04
0.9850000000E+04
0.9875000000E+04
0.9900000000E+04
0.9925000000E+04
0.9950000000E+04
0.9975000000E+04
0.1000000000E+05
0.1002500000E+05
0.1005000000E+05
0.1007500000E+05
0.1010000000E+05
0.1012500000E+05
0.1015000000E+05
0.1017500000E+05
0.1020000000E+05
0.1022500000E+05
0.1025000000E+05
0.1027500000E+05
0.1030000000E+05
0.1032500000E+05
0.1035000000E+05
0.1037500000E+05
0.1040000000E+05
0.1042500000E+05
0.1045000000E+05
0.1047500000E+05
0.1050000000E+05
0.1052500000E+05
0.1055000000E+05
0.1057500000E+05
0.1060000000E+05
0.1062500000E+05
0.1065000000E+05
0.1067500000E+05
0.1070000000E+05
0.1072500000E+05
0.1075000000E+05
0.1077500000E+05
0.1080000000E+05
0.1082500000E+05
0.1085000000E+05
0.1087500000E+05
0.1090000000E+05
0.1092500000E+05
0.1095000000E+05
0.1097500000E+05
0.1100000000E+05
0.1102500000E+05
0.1105000000E+05
0.1107500000E+05
0.1110000000E+05
0.1112500000E+05
0.1115000000E+05
0.1117500000E+05
0.1120000000E+05
0.1122500000E+05
0.1125000000E+05
0.1127500000E+05
0.1130000000E+05
0.1132500000E+05
0.1135000000E+05
0.1137500000E+05
0.1140000000E+05
0.1142500000E+05
0.1145000000E+05
0.1147500000E+05
0.1150000000E+05
0.1152500000E+05
0.1155000000E+05
0.1157500000E+05
0.1160000000E+05
0.1162500000E+05
0.1165000000E+05
0.1167500000E+05
0.1170000000E+05
0.1172500000E+05
0.1175000000E+05
0.1177500000E+05
0.1180000000E+05
0.1182500000E+05
0.1185000000E+05
0.1187500000E+05
0.1190000000E+05
0.1192500000E+05
0.1195000000E+05
0.1197500000E+05
0.1200000000E+05
0.1202500000E+05
0.1205000000E+05
0.1207500000E+05
0.1210000000E+05
0.1212500000E+05
0.1215000000E+05
0.1217500000E+05
0.1220000000E+05
0.1222500000E+05
0.1225000000E+05
0.1227500000E+05
0.1230000000E+05
0.1232500000E+05
0.1235000000E+05
0.1237500000E+05
0.1240000000E+05
0.1242500000E+05
0.1245000000E+05
0.1247500000E+05
0.1250000000E+05
0.1252500000E+05
0.1255000000E+05
0.1257500000E+05
0.1260000000E+05
0.1262500000E+05
0.1265000000E+05
0.1267500000E+05
0.1270000000E+05
0.1272500000E+05
0.1275000000E+05
0.1277500000E+05
0.1280000000E+05
0.1282500000E+05
0.1285000000E+05
0.1287500000E+05
0.1290000000E+05
0.1292500000E+05
0.1295000000E+05
0.1297500000E+05
0.1300000000E+05
0.1302500000E+05
0.1305000000E+05
0.1307500000E+05
0.1310000000E+05
0.1312500000E+05
0.1315000000E+05
0.1317500000E+05
0.1320000000E+05
0.1322500000E+05
0.1325000000E+05
0.1327500000E+05
0.1330000000E+05
0.1332500000E+05
0.1335000000E+05
0.1337500000E+05
0.1340000000E+05
0.1342500000E+05
0.1345000000E+05
0.1347500000E+05
0.1350000000E+05
0.1352500000E+05
0.1355000000E+05
0.1357500000E+05
0.1360000000E+05
0.1362500000E+05
0.1365000000E+05
0.1367500000E+05
0.1370000000E+05
0.1372500000E+05
0.1375000000E+05
0.1377500000E+05
0.1380000000E+05
0.1382500000E+05
0.1385000000E+05
0.1387500000E+05
0.1390000000E+05
0.1392500000E+05
0.1395000000E+05
0.1397500000E+05
0.1400000000E+05
0.1402500000E+05
0.1405000000E+05
0.1407500000E+05
0.1410000000E+05
0.1412500000E+05
0.1415000000E+05
0.1417500000E+05
0.1420000000E+05
0.1422500000E+05
0.1425000000E+05
0.1427500000E+05
0.1430000000E+05
0.1432500000E+05
0.1435000000E+05
0.1437500000E+05
0.1440000000E+05
0.1442500000E+05
0.1445000000E+05
0.1447500000E+05
0.1450000000E+05
0.1452500000E+05
0.1455000000E+05
0.1457500000E+05
0.1460000000E+05
0.1462500000E+05
0.1465000000E+05
0.1467500000E+05
0.1470000000E+05
0.1472500000E+05
0.1475000000E+05
0.1477500000E+05
0.1480000000E+05
0.1482500000E+05
0.1485000000E+05
0.1487500000E+05
0.1490000000E+05
0.1492500000E+05
0.1495000000E+05
0.1497500000E+05
0.1500000000E+05
0.1502500000E+05
0.1505000000E+05
0.1507500000E+05
0.1510000000E+05
0.1512500000E+05
0.1515000000E+05
0.1517500000E+05
0.1520000000E+05
0.1522500000E+05
0.1525000000E+05
0.1527500000E+05
0.1530000000E+05
0.1532500000E+05
0.1535000000E+05
0.1537500000E+05
0.1540000000E+05
0.1542500000E+05
0.1545000000E+05
0.1547500000E+05
0.1550000000E+05
0.1552500000E+05
0.1555000000E+05
0.1557500000E+05
0.1560000000E+05
0.1562500000E+05
0.1565000000E+05
0.1567500000E+05
0.1570000000E+05
0.1572500000E+05
0.1575000000E+05
0.1577500000E+05
0.1580000000E+05
0.1582500000E+05
0.1585000000E+05
0.1587500000E+05
0.1590000000E+05
0.1592500000E+05
0.1595000000E+05
0.1597500000E+05
0.1600000000E+05
0.1602500000E+05
0.1605000000E+05
0.1607500000E+05
0.1610000000E+05
0.1612500000E+05
0.1615000000E+05
0.1617500000E+05
0.1620000000E+05
0.1622500000E+05
0.1625000000E+05
0.1627500000E+05
0.1630000000E+05
0.1632500000E+05
0.1635000000E+05
0.1637500000E+05
0.1640000000E+05
0.1642500000E+05
0.1645000000E+05
0.1647500000E+05
0.1650000000E+05
0.1652500000E+05
0.1655000000E+05
0.1657500000E+05
0.1660000000E+05
0.1662500000E+05
0.1665000000E+05
0.1667500000E+05
0.1670000000E+05
0.1672500000E+05
0.1675000000E+05
0.1677500000E+05
0.1680000000E+05
0.1682500000E+05
0.1685000000E+05
0.1687500000E+05
0.1690000000E+05
0.1692500000E+05
0.1695000000E+05
0.1697500000E+05
0.1700000000E+05
0.1702500000E+05
0.1705000000E+05
0.1707500000E+05
0.1710000000E+05
0.1712500000E+05
0.1715000000E+05
0.1717500000E+05
0.1720000000E+05
0.1722500000E+05
0.1725000000E+05
0.1727500000E+05
0.1730000000E+05
0.1732500000E+05
0.1735000000E+05
0.1737500000E+05
0.1740000000E+05
0.1742500000E+05
0.1745000000E+05
0.1747500000E+05
0.1750000000E+05
0.1752500000E+05
0.1755000000E+05
0.1757500000E+05
0.1760000000E+05
0.1762500000E+05
0.1765000000E+05
0.1767500000E+05
0.1770000000E+05
0.1772500000E+05
0.1775000000E+05
0.1777500000E+05
0.1780000000E+05
0.1782500000E+05
0.1785000000E+05
0.1787500000E+05
0.1790000000E+05
0.1792500000E+05
0.1795000000E+05
0.1797500000E+05
0.1800000000E+05
0.1802500000E+05
0.1805000000E+05
0.1807500000E+05
0.1810000000E+05
0.1812500000E+05
0.1815000000E+05
0.1817500000E+05
0.1820000000E+05
0.1822500000E+05
0.1825000000E+05
0.1827500000E+05
0.1830000000E+05
0.1832500000E+05
0.1835000000E+05
0.1837500000E+05
0.1840000000E+05
0.1842500000E+05
0.1845000000E+05
0.1847500000E+05
0.1850000000E+05
0.1852500000E+05
0.1855000000E+05
0.1857500000E+05
0.1860000000E+05
0.1862500000E+05
0.1865000000E+05
0.1867500000E+05
0.1870000000E+05
0.1872500000E+05
0.1875000000E+05
0.1877500000E+05
0.1880000000E+05
0.1882500000E+05
0.1885000000E+05
0.1887500000E+05
0.1890000000E+05
0.1892500000E+05
0.1895000000E+05
0.1897500000E+05
0.1900000000E+05
0.1902500000E+05
0.1905000000E+05
0.1907500000E+05
0.1910000000E+05
0.1912500000E+05
0.1915000000E+05
0.1917500000E+05
0.1920000000E+05
0.1922500000E+05
0.1925000000E+05
0.1927500000E+05
0.1930000000E+05
0.1932500000E+05
0.1935000000E+05
0.1937500000E+05
0.1940000000E+05
0.1942500000E+05
0.1945000000E+05
0.1947500000E+05
0.1950000000E+05
0.1952500000E+05
0.1955000000E+05
0.1957500000E+05
0.1960000000E+05
0.1962500000E+05
0.1965000000E+05
0.1967500000E+05
0.1970000000E+05
0.1972500000E+05
0.1975000000E+05
0.1977500000E+05
0.1980000000E+05
0.1982500000E+05
0.1985000000E+05
0.1987500000E+05
0.1990000000E+05
0.1992500000E+05
0.1995000000E+05
0.1997500000E+05
0.2000000000E+05
0.2002500000E+05
0.2005000000E+05
0.2007500000E+05
0.2010000000E+05
0.2012500000E+05
0.2015000000E+05
0.2017500000E+05
0.2020000000E+05
0.2022500000E+05
0.2025000000E+05
0.2027500000E+05
0.2030000000E+05
0.2032500000E+05
0.2035000000E+05
0.2037500000E+05
0.2040000000E+05
0.2042500000E+05
0.2045000000E+05
0.2047500000E+05
0.2050000000E+05
0.2052500000E+05
0.2055000000E+05
0.2057500000E+05
0.2060000000E+05
0.2062500000E+05
0.2065000000E+05
0.2067500000E+05
0.2070000000E+05
0.2072500000E+05
0.2075000000E+05
0.2077500000E+05
0.2080000000E+05
0.2082500000E+05
0.2085000000E+05
0.2087500000E+05
0.2090000000E+05
0.2092500000E+05
0.2095000000E+05
0.2097500000E+05
0.2100000000E+05
0.2102500000E+05
0.2105000000E+05
0.2107500000E+05
0.2110000000E+05
0.2112500000E+05
0.2115000000E+05
0.2117500000E+05
0.2120000000E+05
0.2122500000E+05
0.2125000000E+05
0.2127500000E+05
0.2130000000E+05
0.2132500000E+05
0.2135000000E+05
0.2137500000E+05
0.2140000000E+05
0.2142500000E+05
0.2145000000E+05
0.2147500000E+05
0.2150000000E+05
0.2152500000E+05
0.2155000000E+05
0.2157500000E+05
0.2160000000E+05
0.2162500000E+05
0.2165000000E+05
0.2167500000E+05
0.2170000000E+05
0.2172500000E+05
0.2175000000E+05
0.2177500000E+05
0.2180000000E+05
0.2182500000E+05
0.2185000000E+05
0.2187500000E+05
0.2190000000E+05
0.2192500000E+05
0.2195000000E+05
0.2197500000E+05
0.2200000000E+05
0.2202500000E+05
0.2205000000E+05
0.2207500000E+05
0.2210000000E+05
0.2212500000E+05
0.2215000000E+05
0.2217500000E+05
0.2220000000E+05
0.2222500000E+05
0.2225000000E+05
0.2227500000E+05
0.2230000000E+05
0.2232500000E+05
0.2235000000E+05
0.2237500000E+05
0.2240000000E+05
0.2242500000E+05
0.2245000000E+05
0.2247500000E+05
0.2250000000E+05
0.2252500000E+05
0.2255000000E+05
0.2257500000E+05
0.2260000000E+05
0.2262500000E+05
0.2265000000E+05
0.2267500000E+05
0.2270000000E+05
0.2272500000E+05
0.2275000000E+05
0.2277500000E+05
0.2280000000E+05
0.2282500000E+05
0.2285000000E+05
0.2287500000E+05
0.2290000000E+05
0.2292500000E+05
0.2295000000E+05
0.2297500000E+05
0.2300000000E+05
0.2302500000E+05
0.2305000000E+05
0.2307500000E+05
0.2310000000E+05
0.2312500000E+05
0.2315000000E+05
0.2317500000E+05
0.2320000000E+05
0.2322500000E+05
0.2325000000E+05
0.2327500000E+05
0.2330000000E+05
0.2332500000E+05
0.2335000000E+05
0.2337500000E+05
0.2340000000E+05
0.2342500000E+05
0.2345000000E+05
0.2347500000E+05
0.2350000000E+05
0.2352500000E+05
0.2355000000E+05
0.2357500000E+05
0.2360000000E+05
0.2362500000E+05
0.2365000000E+05
0.2367500000E+05
0.2370000000E+05
0.2372500000E+05
0.2375000000E+05
0.2377500000E+05
0.2380000000E+05
0.2382500000E+05
0.2385000000E+05
0.2387500000E+05
0.2390000000E+05
0.2392500000E+05
0.2395000000E+05
0.2397500000E+05
0.2400000000E+05
0.2402500000E+05
0.2405000000E+05
0.2407500000E+05
0.2410000000E+05
0.2412500000E+05
0.2415000000E+05
0.2417500000E+05
0.2420000000E+05
0.2422500000E+05
0.2425000000E+05
0.2427500000E+05
0.2430000000E+05
0.2432500000E+05
0.2435000000E+05
0.2437500000E+05
0.2440000000E+05
0.2442500000E+05
0.2445000000E+05
0.2447500000E+05
0.2450000000E+05
0.2452500000E+05
0.2455000000E+05
0.2457500000E+05
0.2460000000E+05
0.2462500000E+05
0.2465000000E+05
0.2467500000E+05
0.2470000000E+05
0.2472500000E+05
0.2475000000E+05
0.2477500000E+05
0.2480000000E+05
0.2482500000E+05
0.2485000000E+05
0.2487500000E+05
0.2490000000E+05
0.2492500000E+05
0.2495000000E+05
0.2497500000E+05
0.2500000000E+05
0.2502500000E+05
0.2505000000E+05
0.2507500000E+05
0.2510000000E+05
0.2512500000E+05
0.2515000000E+05
0.2517500000E+05
0.2520000000E+05
0.2522500000E+05
0.2525000000E+05
0.2527500000E+05
0.2530000000E+05
0.2532500000E+05
0.2535000000E+05
0.2537500000E+05
0.2540000000E+05
0.2542500000E+05
0.2545000000E+05
0.2547500000E+05
0.2550000000E+05
0.2552500000E+05
0.2555000000E+05
0.2557500000E+05
0.2560000000E+05
0.2562500000E+05
0.2565000000E+05
0.2567500000E+05
0.2570000000E+05
0.2572500000E+05
0.2575000000E+05
0.2577500000E+05
0.2580000000E+05
0.2582500000E+05
0.2585000000E+05
0.2587500000E+05
0.2590000000E+05
0.2592500000E+05
0.2595000000E+05
0.2597500000E+05
0.2600000000E+05
0.2602500000E+05
0.2605000000E+05
0.2607500000E+05
0.2610000000E+05
0.2612500000E+05
0.2615000000E+05
0.2617500000E+05
0.2620000000E+05
0.2622500000E+05
0.2625000000E+05
0.2627500000E+05
0.2630000000E+05
0.2632500000E+05
0.2635000000E+05
0.2637500000E+05
0.2640000000E+05
0.2642500000E+05
0.2645000000E+05
0.2647500000E+05
0.2650000000E+05
0.2652500000E+05
0.2655000000E+05
0.2657500000E+05
0.2660000000E+05
0.2662500000E+05
0.2665000000E+05
0.2667500000E+05
0.2670000000E+05
0.2672500000E+05
0.2675000000E+05
0.2677500000E+05
0.2680000000E+05
0.2682500000E+05
0.2685000000E+05
0.2687500000E+05
0.2690000000E+05
0.2692500000E+05
0.2695000000E+05
0.2697500000E+05
0.2700000000E+05
0.2702500000E+05
0.2705000000E+05
0.2707500000E+05
0.2710000000E+05
0.2712500000E+05
0.2715000000E+05
0.2717500000E+05
0.2720000000E+05
0.2722500000E+05
0.2725000000E+05
0.2727500000E+05
0.2730000000E+05
0.2732500000E+05
0.2735000000E+05
0.2737500000E+05
0.2740000000E+05
0.2742500000E+05
0.2745000000E+05
0.2747500000E+05
0.2750000000E+05
0.2752500000E+05
0.2755000000E+05
0.2757500000E+05
0.2760000000E+05
0.2762500000E+05
0.2765000000E+05
0.2767500000E+05
0.2770000000E+05
0.2772500000E+05
0.2775000000E+05
0.2777500000E+05
0.2780000000E+05
0.2782500000E+05
0.2785000000E+05
0.2787500000E+05
0.2790000000E+05
0.2792500000E+05
0.2795000000E+05
0.2797500000E+05
0.2800000000E+05
0.2802500000E+05
0.2805000000E+05
0.2807500000E+05
0.2810000000E+05
0.2812500000E+05
0.2815000000E+05
0.2817500000E+05
0.2820000000E+05
0.2822500000E+05
0.2825000000E+05
0.2827500000E+05
0.2830000000E+05
0.2832500000E+05
0.2835000000E+05
0.2837500000E+05
0.2840000000E+05
0.2842500000E+05
0.2845000000E+05
0.2847500000E+05
0.2850000000E+05
0.2852500000E+05
0.2855000000E+05
0.2857500000E+05
0.2860000000E+05
0.2862500000E+05
0.2865000000E+05
0.2867500000E+05
0.2870000000E+05
0.2872500000E+05
0.2875000000E+05
0.2877500000E+05
0.2880000000E+05
0.2882500000E+05
0.2885000000E+05
0.2887500000E+05
0.2890000000E+05
0.2892500000E+05
0.2895000000E+05
0.2897500000E+05
0.2900000000E+05
0.2902500000E+05
0.2905000000E+05
0.2907500000E+05
0.2910000000E+05
0.2912500000E+05
0.2915000000E+05
0.2917500000E+05
0.2920000000E+05
0.2922500000E+05
0.2925000000E+05
0.2927500000E+05
0.2930000000E+05
0.2932500000E+05
0.2935000000E+05
0.2937500000E+05
0.2940000000E+05
0.2942500000E+05
0.2945000000E+05
0.2947500000E+05
0.2950000000E+05
0.2952500000E+05
0.2955000000E+05
0.2957500000E+05
0.2960000000E+05
0.2962500000E+05
0.2965000000E+05
0.2967500000E+05
0.2970000000E+05
0.2972500000E+05
0.2975000000E+05
0.2977500000E+05
0.2980000000E+05
0.2982500000E+05
0.2985000000E+05
0.2987500000E+05
0.2990000000E+05
0.2992500000E+05
0.2995000000E+05
0.2997500000E+05
0.3000000000E+05