# Percentage of N2 Contained in Each Group
8.1002823454e-01
1.5314292744e-01
2.9541992952e-02
5.8152646316e-03
1.1682194089e-03
2.3951940495e-04
5.0124824279e-05
1.0707654914e-05
2.3350621331e-06
5.1987476826e-07
1.1817626630e-07
2.7430242290e-08
6.5018444285e-09
1.5739625087e-09
3.8918046563e-10
9.8301356500e-11
2.5367602634e-11
6.6892513020e-12
1.8027220695e-12
4.9661174972e-13
1.3987368950e-13
4.0289404403e-14
1.1871297781e-14
3.5792160682e-15
1.1045967026e-15
3.4906380509e-16
1.1299685713e-16
3.7487081509e-17
1.2751540406e-17
4.4498160052e-18
1.5939508644e-18
5.8646271284e-19
2.2179097719e-19
8.6281832754e-20
3.4556694521e-20
1.4262052092e-20
6.0716436872e-21
2.6692193681e-21
1.2132219662e-21
5.7088817483e-22
2.7851084709e-22
1.4108491415e-22
7.4334601118e-23
4.0796729703e-23
2.3362001313e-23
1.3965459133e-23
8.7257251818e-24
5.6827547367e-24
3.8368125292e-24
2.6729988837e-24
1.9372743653e-24
1.4135631843e-24
1.0400052928e-24
7.6428001164e-25
5.5491350522e-25
3.9238647074e-25
2.6465994221e-25
1.4724380723e-25
7.6795843620e-26
2.9515158712e-26
4.4738820397e-27
