1
0.4892402109E+01
0.7101450546E+01
0.9830189060E+01
0.1309671646E+02
0.1691091508E+02
0.2127647330E+02
0.2619260138E+02
0.3165541340E+02
0.3765899893E+02
0.4419622868E+02
0.5125934376E+02
0.5884037500E+02
0.6693143236E+02
0.7552489710E+02
0.8461354278E+02
0.9419060485E+02
0.1042498140E+03
0.1147854047E+03
0.1257921063E+03
0.1372651242E+03
0.1492001142E+03
0.1615931523E+03
0.1744407047E+03
0.1877395966E+03
0.2014869818E+03
0.2156803146E+03
0.2303173225E+03
0.2453959812E+03
0.2609144919E+03
0.2768712599E+03
0.2932648755E+03
0.3100940968E+03
0.3273578331E+03
0.3450551315E+03
0.3631851632E+03
0.3817472123E+03
0.4007406646E+03
0.4201649988E+03
0.4400197769E+03
0.4603046369E+03
0.4810192856E+03
0.5021634915E+03
0.5237370795E+03
0.5457399249E+03
0.5681719486E+03
0.5910331120E+03
0.6143234132E+03
0.6380428825E+03
0.6621915787E+03
0.6867695856E+03
0.7117770082E+03
0.7372139702E+03
0.7630806100E+03
0.7893770784E+03
0.8161035356E+03
0.8432601481E+03
0.8708470865E+03
0.8988645225E+03
0.9273126268E+03
0.9561915663E+03
0.9855015016E+03
0.1015242585E+04
0.1045414959E+04
0.1076018750E+04
0.1107054074E+04
0.1138521026E+04
0.1170419683E+04
0.1202750101E+04
0.1235512311E+04
0.1268706320E+04
0.1302332109E+04
0.1336389627E+04
0.1370878796E+04
0.1405799502E+04
0.1441151600E+04
0.1476934908E+04
0.1513149207E+04
0.1549794241E+04
0.1586869712E+04
0.1624375283E+04
0.1662310574E+04
0.1700675162E+04
0.1739468579E+04
0.1778690312E+04
0.1818339804E+04
0.1858416447E+04
0.1898919587E+04
0.1939848524E+04
0.1981202505E+04
0.2022980730E+04
0.2065182348E+04
0.2107806459E+04
0.2150852110E+04
0.2194318298E+04
0.2238203971E+04
0.2282508022E+04
0.2327229297E+04
0.2372366587E+04
0.2417918634E+04
0.2463884129E+04
0.2510261711E+04
0.2557049970E+04
0.2604247445E+04
0.2651852624E+04
0.2699863947E+04
0.2748279806E+04
0.2797098542E+04
0.2846318450E+04
0.2895937776E+04
0.2945954721E+04
0.2996367438E+04
0.3047174037E+04
0.3098372581E+04
0.3149961091E+04
0.3201937543E+04
0.3254299872E+04
0.3307045971E+04
0.3360173692E+04
0.3413680849E+04
0.3467565215E+04
0.3521824527E+04
0.3576456482E+04
0.3631458744E+04
0.3686828941E+04
0.3742564666E+04
0.3798663479E+04
0.3855122908E+04
0.3911940452E+04
0.3969113575E+04
0.4026639715E+04
0.4084516282E+04
0.4142740657E+04
0.4201310196E+04
0.4260222229E+04
0.4319474063E+04
0.4379062979E+04
0.4438986239E+04
0.4499241081E+04
0.4559824724E+04
0.4620734368E+04
0.4681967192E+04
0.4743520362E+04
0.4805391022E+04
0.4867576306E+04
0.4930073328E+04
0.4992879193E+04
0.5055990989E+04
0.5119405794E+04
0.5183120676E+04
0.5247132691E+04
0.5311438885E+04
0.5376036298E+04
0.5440921960E+04
0.5506092894E+04
0.5571546119E+04
0.5637278647E+04
0.5703287485E+04
0.5769569638E+04
0.5836122106E+04
0.5902941888E+04
0.5970025980E+04
0.6037371379E+04
0.6104975080E+04
0.6172834078E+04
0.6240945372E+04
0.6309305959E+04
0.6377912841E+04
0.6446763022E+04
0.6515853509E+04
0.6585181313E+04
0.6654743451E+04
0.6724536945E+04
0.6794558821E+04
0.6864806112E+04
0.6935275859E+04
0.7005965110E+04
0.7076870919E+04
0.7147990349E+04
0.7219320473E+04
0.7290858372E+04
0.7362601136E+04
0.7434545866E+04
0.7506689673E+04
0.7579029677E+04
0.7651563012E+04
0.7724286823E+04
0.7797198263E+04
0.7870294503E+04
0.7943572721E+04
0.8017030112E+04
0.8090663881E+04
0.8164471249E+04
0.8238449448E+04
0.8312595726E+04
0.8386907343E+04
0.8461381576E+04
0.8536015716E+04
0.8610807067E+04
0.8685752949E+04
0.8760850699E+04
0.8836097667E+04
0.8911491221E+04
0.8987028743E+04
0.9062707632E+04
0.9138525303E+04
0.9214479187E+04
0.9290566732E+04
0.9366785403E+04
0.9443132680E+04
0.9519606062E+04
0.9596203064E+04
0.9672921217E+04
0.9749758072E+04
0.9826711196E+04
0.9903778171E+04
0.9980956601E+04
0.1005824410E+05
0.1013563831E+05
0.1021313689E+05
0.1029073750E+05
0.1036843784E+05
0.1044623561E+05
0.1052412854E+05
0.1060211437E+05
0.1068019086E+05
0.1075835580E+05
0.1083660698E+05
0.1091494221E+05
0.1099335933E+05
0.1107185619E+05
0.1115043065E+05
0.1122908061E+05
0.1130780397E+05
0.1138659865E+05
0.1146546259E+05
0.1154439375E+05
0.1162339011E+05
0.1170244966E+05
0.1178157041E+05
0.1186075040E+05
0.1193998766E+05
0.1201928027E+05
0.1209862631E+05
0.1217802387E+05
0.1225747108E+05
0.1233696607E+05
0.1241650699E+05
0.1249609202E+05
0.1257571933E+05
0.1265538714E+05
0.1273509367E+05
0.1281483715E+05
0.1289461584E+05
0.1297442801E+05
0.1305427196E+05
0.1313414598E+05
0.1321404841E+05
0.1329397758E+05
0.1337393185E+05
0.1345390959E+05
0.1353390919E+05
0.1361392905E+05
0.1369396760E+05
0.1377402327E+05
0.1385409453E+05
0.1393417983E+05
0.1401427766E+05
0.1409438653E+05
0.1417450496E+05
0.1425463146E+05
0.1433476460E+05
0.1441490294E+05
0.1449504506E+05
0.1457518954E+05
0.1465533500E+05
0.1473548006E+05
0.1481562337E+05
0.1489576357E+05
0.1497589934E+05
0.1505602935E+05
0.1513615231E+05
0.1521626692E+05
0.1529637192E+05
0.1537646605E+05
0.1545654805E+05
0.1553661670E+05
0.1561667078E+05
0.1569670908E+05
0.1577673043E+05
0.1585673363E+05
0.1593671753E+05
0.1601668098E+05
0.1609662283E+05
0.1617654198E+05
0.1625643731E+05
0.1633630771E+05
0.1641615212E+05
0.1649596945E+05
0.1657575865E+05
0.1665551866E+05
0.1673524847E+05
0.1681494704E+05
0.1689461337E+05
0.1697424646E+05
0.1705384532E+05
0.1713340898E+05
0.1721293649E+05
0.1729242688E+05
0.1737187923E+05
0.1745129261E+05
0.1753066610E+05
0.1760999880E+05
0.1768928982E+05
0.1776853828E+05
0.1784774330E+05
0.1792690403E+05
0.1800601962E+05
0.1808508923E+05
0.1816411204E+05
0.1824308722E+05
0.1832201399E+05
0.1840089153E+05
0.1847971906E+05
0.1855849581E+05
0.1863722102E+05
0.1871589393E+05
0.1879451380E+05
0.1887307989E+05
0.1895159147E+05
0.1903004783E+05
0.1910844827E+05
0.1918679208E+05
0.1926507859E+05
0.1934330711E+05
0.1942147698E+05
0.1949958753E+05
0.1957763811E+05
0.1965562809E+05
0.1973355683E+05
0.1981142371E+05
0.1988922811E+05
0.1996696942E+05
0.2004464706E+05
0.2012226042E+05
0.2019980893E+05
0.2027729201E+05
0.2035470910E+05
0.2043205964E+05
0.2050934309E+05
0.2058655890E+05
0.2066370654E+05
0.2074078548E+05
0.2081779522E+05
0.2089473523E+05
0.2097160502E+05
0.2104840409E+05
0.2112513195E+05
0.2120178813E+05
0.2127837216E+05
0.2135488355E+05
0.2143132187E+05
0.2150768666E+05
0.2158397746E+05
0.2166019386E+05
0.2173633541E+05
0.2181240169E+05
0.2188839228E+05
0.2196430678E+05
0.2204014478E+05
0.2211590588E+05
0.2219158970E+05
0.2226719584E+05
0.2234272393E+05
0.2241817360E+05
0.2249354447E+05
0.2256883620E+05
0.2264404843E+05
0.2271918080E+05
0.2279423298E+05
0.2286920464E+05
0.2294409543E+05
0.2301890504E+05
0.2309363315E+05
0.2316827944E+05
0.2324284360E+05
0.2331732535E+05
0.2339172436E+05
0.2346604036E+05
0.2354027306E+05
0.2361442218E+05
0.2368848744E+05
0.2376246857E+05
0.2383636531E+05
0.2391017739E+05
0.2398390456E+05
0.2405754657E+05
0.2413110318E+05
0.2420457413E+05
0.2427795920E+05
0.2435125815E+05
0.2442447076E+05
0.2449759681E+05
0.2457063607E+05
0.2464358833E+05
0.2471645339E+05
0.2478923104E+05
0.2486192108E+05
0.2493452331E+05
0.2500703755E+05
0.2507946360E+05
0.2515180129E+05
0.2522405043E+05
0.2529621084E+05
0.2536828237E+05
0.2544026483E+05
0.2551215807E+05
0.2558396193E+05
0.2565567626E+05
0.2572730089E+05
0.2579883569E+05
0.2587028051E+05
0.2594163521E+05
0.2601289966E+05
0.2608407371E+05
0.2615515725E+05
0.2622615014E+05
0.2629705226E+05
0.2636786349E+05
0.2643858372E+05
0.2650921284E+05
0.2657975073E+05
0.2665019730E+05
0.2672055243E+05
0.2679081603E+05
0.2686098800E+05
0.2693106826E+05
0.2700105670E+05
0.2707095324E+05
0.2714075781E+05
0.2721047031E+05
0.2728009067E+05
0.2734961882E+05
0.2741905468E+05
0.2748839819E+05
0.2755764927E+05
0.2762680787E+05
0.2769587392E+05
0.2776484736E+05
0.2783372815E+05
0.2790251622E+05
0.2797121153E+05
0.2803981403E+05
0.2810832367E+05
0.2817674041E+05
0.2824506421E+05
0.2831329504E+05
0.2838143286E+05
0.2844947763E+05
0.2851742933E+05
0.2858528792E+05
0.2865305339E+05
0.2872072571E+05
0.2878830485E+05
0.2885579081E+05
0.2892318355E+05
0.2899048308E+05
0.2905768936E+05
0.2912480241E+05
0.2919182220E+05
0.2925874873E+05
0.2932558200E+05
0.2939232201E+05
0.2945896875E+05
0.2952552223E+05
0.2959198246E+05
0.2965834943E+05
0.2972462315E+05
0.2979080364E+05
0.2985689091E+05
0.2992288497E+05
0.2998878584E+05
0.3005459353E+05
0.3012030806E+05
0.3018592946E+05
0.3025145774E+05
0.3031689292E+05
0.3038223505E+05
0.3044748413E+05
0.3051264021E+05
0.3057770331E+05
0.3064267346E+05
0.3070755070E+05
0.3077233506E+05
0.3083702659E+05
0.3090162531E+05
0.3096613127E+05
0.3103054451E+05
0.3109486507E+05
0.3115909300E+05
0.3122322834E+05
0.3128727114E+05
0.3135122145E+05
0.3141507932E+05
0.3147884479E+05
0.3154251793E+05
0.3160609878E+05
0.3166958740E+05
0.3173298385E+05
0.3179628818E+05
0.3185950046E+05
0.3192262073E+05
0.3198564908E+05
0.3204858555E+05
0.3211143020E+05
0.3217418312E+05
0.3223684436E+05
0.3229941398E+05
0.3236189206E+05
0.3242427866E+05
0.3248657387E+05
0.3254877774E+05
0.3261089034E+05
0.3267291177E+05
0.3273484207E+05
0.3279668135E+05
0.3285842966E+05
0.3292008709E+05
0.3298165372E+05
0.3304312962E+05
0.3310451487E+05
0.3316580956E+05
0.3322701377E+05
0.3328812759E+05
0.3334915109E+05
0.3341008435E+05
0.3347092748E+05
0.3353168055E+05
0.3359234365E+05
0.3365291686E+05
0.3371340028E+05
0.3377379400E+05
0.3383409811E+05
0.3389431270E+05
0.3395443785E+05
0.3401447367E+05
0.3407442025E+05
0.3413427768E+05
0.3419404605E+05
0.3425372547E+05
0.3431331602E+05
0.3437281781E+05
0.3443223094E+05
0.3449155549E+05
0.3455079158E+05
0.3460993929E+05
0.3466899874E+05
0.3472797001E+05
0.3478685322E+05
0.3484564847E+05
0.3490435585E+05
0.3496297547E+05
0.3502150744E+05
0.3507995185E+05
0.3513830882E+05
0.3519657845E+05
0.3525476085E+05
0.3531285612E+05
0.3537086436E+05
0.3542878570E+05
0.3548662023E+05
0.3554436806E+05
0.3560202930E+05
0.3565960407E+05
0.3571709246E+05
0.3577449460E+05
0.3583181060E+05
0.3588904055E+05
0.3594618458E+05
0.3600324280E+05
0.3606021533E+05
0.3611710226E+05
0.3617390372E+05
0.3623061982E+05
0.3628725068E+05
0.3634379640E+05
0.3640025711E+05
0.3645663292E+05
0.3651292394E+05
0.3656913030E+05
0.3662525210E+05
0.3668128946E+05
0.3673724250E+05
0.3679311135E+05
0.3684889610E+05
0.3690459689E+05
0.3696021383E+05
0.3701574704E+05
0.3707119664E+05
0.3712656274E+05
0.3718184547E+05
0.3723704495E+05
0.3729216129E+05
0.3734719462E+05
0.3740214505E+05
0.3745701271E+05
0.3751179772E+05
0.3756650020E+05
0.3762112026E+05
0.3767565804E+05
0.3773011364E+05
0.3778448721E+05
0.3783877884E+05
0.3789298868E+05
0.3794711684E+05
0.3800116344E+05
0.3805512861E+05
0.3810901247E+05
0.3816281514E+05
0.3821653674E+05
0.3827017741E+05
0.3832373725E+05
0.3837721641E+05
0.3843061499E+05
0.3848393313E+05
0.3853717095E+05
0.3859032858E+05
0.3864340613E+05
0.3869640373E+05
0.3874932151E+05
0.3880215959E+05
0.3885491810E+05
0.3890759716E+05
0.3896019690E+05
0.3901271744E+05
0.3906515891E+05
0.3911752143E+05
0.3916980513E+05
0.3922201013E+05
0.3927413657E+05
0.3932618455E+05
0.3937815423E+05
0.3943004570E+05
0.3948185912E+05
0.3953359459E+05
0.3958525224E+05
0.3963683221E+05
0.3968833462E+05
0.3973975959E+05
0.3979110725E+05
0.3984237772E+05
0.3989357114E+05
0.3994468763E+05
0.3999572731E+05
0.4004669032E+05
0.4009757677E+05
0.4014838680E+05
0.4019912053E+05
0.4024977809E+05
0.4030035960E+05
0.4035086519E+05
0.4040129499E+05
0.4045164912E+05
0.4050192771E+05
0.4055213089E+05
0.4060225878E+05
0.4065231151E+05
0.4070228920E+05
0.4075219199E+05
0.4080202000E+05
0.4085177335E+05
0.4090145217E+05
0.4095105659E+05
0.4100058673E+05
0.4105004273E+05
0.4109942470E+05
0.4114873277E+05
0.4119796707E+05
0.4124712772E+05
0.4129621486E+05
0.4134522860E+05
0.4139416907E+05
0.4144303640E+05
0.4149183072E+05
0.4154055214E+05
0.4158920081E+05
0.4163777683E+05
0.4168628034E+05
0.4173471146E+05
0.4178307032E+05
0.4183135704E+05
0.4187957175E+05
0.4192771458E+05
0.4197578564E+05
0.4202378507E+05
0.4207171298E+05
0.4211956951E+05
0.4216735478E+05
0.4221506891E+05
0.4226271203E+05
0.4231028426E+05
0.4235778573E+05
0.4240521656E+05
0.4245257687E+05
0.4249986680E+05
0.4254708646E+05
0.4259423597E+05
0.4264131547E+05
0.4268832507E+05
0.4273526490E+05
0.4278213509E+05
0.4282893575E+05
0.4287566701E+05
0.4292232899E+05
0.4296892182E+05
0.4301544562E+05
0.4306190051E+05
0.4310828661E+05
0.4315460405E+05
0.4320085295E+05
0.4324703343E+05
0.4329314562E+05
0.4333918963E+05
0.4338516559E+05
0.4343107362E+05
0.4347691384E+05
0.4352268638E+05
0.4356839135E+05
0.4361402888E+05
0.4365959909E+05
0.4370510209E+05
0.4375053802E+05
0.4379590698E+05
0.4384120911E+05
0.4388644452E+05
0.4393161333E+05
0.4397671567E+05
0.4402175165E+05
0.4406672139E+05
0.4411162502E+05
0.4415646264E+05
0.4420123439E+05
0.4424594039E+05
0.4429058074E+05
0.4433515557E+05
0.4437966500E+05
0.4442410915E+05
0.4446848814E+05
0.4451280208E+05
0.4455705110E+05
0.4460123530E+05
0.4464535482E+05
0.4468940976E+05
0.4473340025E+05
0.4477732641E+05
0.4482118834E+05
0.4486498617E+05
0.4490872002E+05
0.4495239000E+05
0.4499599622E+05
0.4503953882E+05
0.4508301789E+05
0.4512643356E+05
0.4516978595E+05
0.4521307517E+05
0.4525630133E+05
0.4529946456E+05
0.4534256496E+05
0.4538560266E+05
0.4542857776E+05
0.4547149039E+05
0.4551434065E+05
0.4555712867E+05
0.4559985455E+05
0.4564251842E+05
0.4568512038E+05
0.4572766054E+05
0.4577013904E+05
0.4581255597E+05
0.4585491145E+05
0.4589720559E+05
0.4593943851E+05
0.4598161032E+05
0.4602372113E+05
0.4606577105E+05
0.4610776021E+05
0.4614968870E+05
0.4619155664E+05
0.4623336415E+05
0.4627511133E+05
0.4631679830E+05
0.4635842517E+05
0.4639999205E+05
0.4644149905E+05
0.4648294628E+05
0.4652433385E+05
0.4656566187E+05
0.4660693045E+05
0.4664813971E+05
0.4668928975E+05
0.4673038068E+05
0.4677141262E+05
0.4681238566E+05
0.4685329993E+05
0.4689415552E+05
0.4693495256E+05
0.4697569114E+05
0.4701637137E+05
0.4705699337E+05
0.4709755724E+05
0.4713806309E+05
0.4717851103E+05
0.4721890116E+05
0.4725923360E+05
0.4729950844E+05
0.4733972580E+05
0.4737988579E+05
0.4741998850E+05
0.4746003405E+05
0.4750002255E+05
0.4753995409E+05
0.4757982879E+05
0.4761964674E+05
0.4765940806E+05
0.4769911286E+05
0.4773876123E+05
0.4777835328E+05
0.4781788912E+05
0.4785736885E+05
0.4789679257E+05
0.4793616039E+05
0.4797547242E+05
0.4801472875E+05
0.4805392949E+05
0.4809307475E+05
0.4813216463E+05
0.4817119922E+05
0.4821017864E+05
0.4824910299E+05
0.4828797236E+05
0.4832678687E+05
0.4836554661E+05
0.4840425168E+05
0.4844290219E+05
0.4848149824E+05
0.4852003993E+05
0.4855852736E+05
0.4859696064E+05
0.4863533986E+05
0.4867366512E+05
0.4871193652E+05
0.4875015417E+05
0.4878831817E+05
0.4882642861E+05
0.4886448559E+05
0.4890248922E+05
0.4894043959E+05
0.4897833681E+05
0.4901618096E+05
0.4905397216E+05
0.4909171050E+05
0.4912939607E+05
0.4916702898E+05
0.4920460932E+05
0.4924213719E+05
0.4927961270E+05
0.4931703593E+05
0.4935440698E+05
0.4939172595E+05
0.4942899295E+05
0.4946620806E+05
0.4950337137E+05
0.4954048300E+05
0.4957754303E+05
0.4961455156E+05
0.4965150869E+05
0.4968841451E+05
0.4972526912E+05
0.4976207260E+05
0.4979882507E+05
0.4983552661E+05
0.4987217731E+05
0.4990877728E+05
0.4994532660E+05
0.4998182537E+05
0.5001827369E+05
0.5005467164E+05
0.5009101932E+05
0.5012731683E+05
0.5016356426E+05
0.5019976170E+05
0.5023590924E+05
0.5027200698E+05
0.5030805501E+05
0.5034405342E+05
0.5038000231E+05
0.5041590175E+05
0.5045175186E+05
0.5048755272E+05
0.5052330441E+05
0.5055900704E+05
0.5059466069E+05
0.5063026546E+05
0.5066582143E+05
0.5070132869E+05
0.5073678734E+05
0.5077219746E+05
0.5080755915E+05
0.5084287250E+05
0.5087813759E+05
0.5091335451E+05
0.5094852336E+05
0.5098364422E+05
0.5101871718E+05
0.5105374233E+05
0.5108871976E+05
0.5112364956E+05
0.5115853181E+05
0.5119336660E+05
0.5122815403E+05
0.5126289417E+05
0.5129758712E+05
0.5133223297E+05
0.5136683179E+05
0.5140138368E+05
0.5143588873E+05
0.5147034701E+05
0.5150475863E+05
0.5153912366E+05
0.5157344218E+05
0.5160771429E+05
0.5164194008E+05
0.5167611962E+05
0.5171025300E+05
0.5174434031E+05
0.5177838163E+05
0.5181237705E+05
0.5184632665E+05
0.5188023051E+05
0.5191408873E+05
0.5194790138E+05
0.5198166855E+05
0.5201539032E+05
0.5204906678E+05
0.5208269800E+05
0.5211628408E+05
0.5214982510E+05
0.5218332113E+05
0.5221677227E+05
0.5225017859E+05
0.5228354018E+05
0.5231685711E+05
0.5235012948E+05
0.5238335736E+05
0.5241654083E+05
0.5244967998E+05
0.5248277489E+05
0.5251582563E+05
0.5254883230E+05
0.5258179496E+05
0.5261471371E+05
0.5264758862E+05
0.5268041977E+05
0.5271320725E+05
0.5274595113E+05
0.5277865149E+05
0.5281130841E+05
0.5284392197E+05
0.5287649226E+05
0.5290901935E+05
0.5294150331E+05
0.5297394424E+05
0.5300634220E+05
0.5303869728E+05
0.5307100955E+05
0.5310327909E+05
0.5313550599E+05
0.5316769031E+05
0.5319983214E+05
0.5323193156E+05
0.5326398863E+05
0.5329600344E+05
0.5332797607E+05
0.5335990660E+05
0.5339179509E+05
0.5342364163E+05
0.5345544629E+05
0.5348720914E+05
0.5351893028E+05
0.5355060976E+05
0.5358224767E+05
0.5361384409E+05
0.5364539908E+05
0.5367691273E+05
0.5370838510E+05
0.5373981628E+05
0.5377120633E+05
0.5380255534E+05
0.5383386338E+05
0.5386513052E+05
0.5389635683E+05
0.5392754240E+05
0.5395868729E+05
0.5398979157E+05
0.5402085533E+05
0.5405187864E+05
0.5408286156E+05
0.5411380418E+05
0.5414470656E+05
0.5417556877E+05
0.5420639090E+05
0.5423717301E+05
0.5426791518E+05
0.5429861747E+05
0.5432927996E+05
0.5435990272E+05
0.5439048583E+05
0.5442102935E+05
0.5445153336E+05
0.5448199793E+05
0.5451242312E+05
0.5454280901E+05
0.5457315568E+05
0.5460346319E+05
0.5463373160E+05
0.5466396100E+05
0.5469415146E+05
0.5472430303E+05
0.5475441580E+05
0.5478448983E+05
0.5481452520E+05
0.5484452196E+05
0.5487448020E+05
0.5490439998E+05
0.5493428136E+05
0.5496412443E+05
0.5499392924E+05
0.5502369587E+05
0.5505342438E+05
0.5508311485E+05
0.5511276733E+05
0.5514238191E+05
0.5517195864E+05
0.5520149760E+05
0.5523099885E+05
0.5526046246E+05
0.5528988850E+05
0.5531927703E+05
0.5534862812E+05
0.5537794184E+05
0.5540721826E+05
0.5543645744E+05
0.5546565944E+05
0.5549482435E+05
0.5552395221E+05
0.5555304310E+05
0.5558209708E+05
0.5561111422E+05
0.5564009459E+05
0.5566903824E+05
0.5569794526E+05
0.5572681569E+05
0.5575564960E+05
0.5578444707E+05
0.5581320816E+05
0.5584193292E+05
0.5587062143E+05
0.5589927375E+05
0.5592788994E+05
0.5595647006E+05
0.5598501419E+05
0.5601352239E+05
0.5604199471E+05
0.5607043123E+05
0.5609883200E+05
0.5612719709E+05
0.5615552657E+05
0.5618382049E+05
0.5621207892E+05
0.5624030192E+05
0.5626848955E+05
0.5629664189E+05
0.5632475898E+05
0.5635284089E+05
0.5638088768E+05
0.5640889942E+05
0.5643687617E+05
0.5646481798E+05
0.5649272493E+05
0.5652059707E+05
0.5654843446E+05
0.5657623717E+05
0.5660400525E+05
0.5663173877E+05
0.5665943778E+05
0.5668710236E+05
0.5671473255E+05
0.5674232842E+05
0.5676989003E+05
0.5679741744E+05
0.5682491071E+05
0.5685236990E+05
0.5687979507E+05
0.5690718627E+05
0.5693454358E+05
0.5696186704E+05
0.5698915672E+05
0.5701641268E+05
0.5704363497E+05
0.5707082365E+05
0.5709797879E+05
0.5712510044E+05
0.5715218866E+05
0.5717924351E+05
0.5720626505E+05
0.5723325333E+05
0.5726020841E+05
0.5728713036E+05
0.5731401922E+05
0.5734087506E+05
0.5736769793E+05
0.5739448790E+05
0.5742124501E+05
0.5744796933E+05
0.5747466091E+05
0.5750131981E+05
0.5752794609E+05
0.5755453980E+05
0.5758110100E+05
0.5760762975E+05
0.5763412610E+05
0.5766059011E+05
0.5768702183E+05
0.5771342133E+05
0.5773978865E+05
0.5776612385E+05
0.5779242700E+05
0.5781869813E+05
0.5784493732E+05
0.5787114461E+05
0.5789732005E+05
0.5792346372E+05
0.5794957565E+05
0.5797565591E+05
0.5800170454E+05
0.5802772161E+05
0.5805370717E+05
0.5807966127E+05
0.5810558396E+05
0.5813147531E+05
0.5815733536E+05
0.5818316417E+05
0.5820896179E+05
0.5823472828E+05
0.5826046368E+05
0.5828616806E+05
0.5831184147E+05
0.5833748395E+05
0.5836309557E+05
0.5838867637E+05
0.5841422642E+05
0.5843974575E+05
0.5846523442E+05
0.5849069250E+05
0.5851612002E+05
0.5854151704E+05
0.5856688361E+05
0.5859221979E+05
0.5861752563E+05
0.5864280118E+05
0.5866804648E+05
0.5869326160E+05
0.5871844659E+05
0.5874360148E+05
0.5876872635E+05
0.5879382123E+05
0.5881888619E+05
0.5884392126E+05
0.5886892650E+05
0.5889390197E+05
0.5891884771E+05
0.5894376377E+05
0.5896865020E+05
0.5899350706E+05
0.5901833440E+05
0.5904313225E+05
0.5906790068E+05
0.5909263974E+05
0.5911734947E+05
0.5914202992E+05
2
0.1391359765E-27
0.3426755338E-25
0.3880979251E-23
0.2359555616E-21
0.8649405031E-20
0.2089291083E-18
0.3563689659E-17
0.4533282984E-16
0.4492926667E-15
0.3594462874E-14
0.2389588803E-13
0.1352103829E-12
0.6643220208E-12
0.2882232440E-11
0.1120063485E-10
0.3946292246E-10
0.1273764242E-09
0.3800508531E-09
0.1056402466E-08
0.2754229142E-08
0.6775401186E-08
0.1580899677E-07
0.3514895227E-07
0.7477145769E-07
0.1527407865E-06
0.3005940433E-06
0.5715770159E-06
0.1052864071E-05
0.1883191251E-05
0.3277657075E-05
0.5561791113E-05
0.9217345110E-05
0.1494261268E-04
0.2373041778E-04
0.3696721585E-04
0.5655701115E-04
0.8507399841E-04
0.1259479755E-03
0.1836866392E-03
0.2641388636E-03
0.3748029652E-03
0.5251837839E-03
0.7272021547E-03
0.9956600145E-03
0.1348763993E-02
0.1808709884E-02
0.2402329877E-02
0.3161803897E-02
0.4125435819E-02
0.5338494729E-02
0.6854120800E-02
0.8734294766E-02
0.1105086938E-01
0.1388666070E-01
0.1733659640E-01
0.2150891808E-01
0.2652643364E-01
0.3252781590E-01
0.3966894275E-01
0.4812427424E-01
0.5808826148E-01
0.6977678206E-01
0.8342859667E-01
0.9930682127E-01
0.1177004093E+00
0.1389256381E+00
0.1633275946E+00
0.1912816537E+00
0.2231949448E+00
0.2595078010E+00
0.3006951855E+00
0.3472680911E+00
0.3997749068E+00
0.4588027485E+00
0.5249787486E+00
0.5989713013E+00
0.6814912590E+00
0.7732930778E+00
0.8751759074E+00
0.9879846245E+00
0.1112610806E+01
0.1249993638E+01
0.1401120766E+01
0.1567029074E+01
0.1748805400E+01
0.1947587180E+01
0.2164563030E+01
0.2400973252E+01
0.2658110272E+01
0.2937319012E+01
0.3239997188E+01
0.3567595541E+01
0.3921617999E+01
0.4303621770E+01
0.4715217371E+01
0.5158068589E+01
0.5633892372E+01
0.6144458669E+01
0.6691590196E+01
0.7277162144E+01
0.7903101835E+01
0.8571388310E+01
0.9284051868E+01
0.1004317355E+02
0.1085088458E+02
0.1170936573E+02
0.1262084666E+02
0.1358760522E+02
0.1461196668E+02
0.1569630293E+02
0.1684303165E+02
0.1805461544E+02
0.1933356088E+02
0.2068241765E+02
0.2210377745E+02
0.2360027312E+02
0.2517457748E+02
0.2682940236E+02
0.2856749748E+02
0.3039164935E+02
0.3230468014E+02
0.3430944654E+02
0.3640883860E+02
0.3860577855E+02
0.4090321961E+02
0.4330414479E+02
0.4581156570E+02
0.4842852128E+02
0.5115807665E+02
0.5400332179E+02
0.5696737040E+02
0.6005335857E+02
0.6326444363E+02
0.6660380283E+02
0.7007463215E+02
0.7368014508E+02
0.7742357134E+02
0.8130815567E+02
0.8533715664E+02
0.8951384539E+02
0.9384150446E+02
0.9832342657E+02
0.1029629134E+03
0.1077632746E+03
0.1127278262E+03
0.1178598900E+03
0.1231627920E+03
0.1286398614E+03
0.1342944295E+03
0.1401298288E+03
0.1461493914E+03
0.1523564484E+03
0.1587543287E+03
0.1653463578E+03
0.1721358571E+03
0.1791261426E+03
0.1863205239E+03
0.1937223034E+03
0.2013347753E+03
0.2091612248E+03
0.2172049266E+03
0.2254691448E+03
0.2339571315E+03
0.2426721259E+03
0.2516173539E+03
0.2607960267E+03
0.2702113405E+03
0.2798664754E+03
0.2897645947E+03
0.2999088442E+03
0.3103023514E+03
0.3209482248E+03
0.3318495532E+03
0.3430094053E+03
0.3544308285E+03
0.3661168486E+03
0.3780704692E+03
0.3902946710E+03
0.4027924113E+03
0.4155666233E+03
0.4286202158E+03
0.4419560723E+03
0.4555770509E+03
0.4694859834E+03
0.4836856753E+03
0.4981789050E+03
0.5129684232E+03
0.5280569530E+03
0.5434471892E+03
0.5591417978E+03
0.5751434160E+03
0.5914546512E+03
0.6080780814E+03
0.6250162545E+03
0.6422716879E+03
0.6598468684E+03
0.6777442519E+03
0.6959662631E+03
0.7145152952E+03
0.7333937097E+03
0.7526038363E+03
0.7721479726E+03
0.7920283837E+03
0.8122473025E+03
0.8328069290E+03
0.8537094307E+03
0.8749569418E+03
0.8965515638E+03
0.9184953647E+03
0.9407903796E+03
0.9634386100E+03
0.9864420238E+03
0.1009802556E+04
0.1033522107E+04
0.1057602544E+04
0.1082045702E+04
0.1106853380E+04
0.1132027345E+04
0.1157569329E+04
0.1183481031E+04
0.1209764116E+04
0.1236420217E+04
0.1263450931E+04
0.1290857822E+04
0.1318642422E+04
0.1346806228E+04
0.1375350703E+04
0.1404277279E+04
0.1433587352E+04
0.1463282287E+04
0.1493363416E+04
0.1523832035E+04
0.1554689410E+04
0.1585936774E+04
0.1617575326E+04
0.1649606234E+04
0.1682030633E+04
0.1714849625E+04
0.1748064280E+04
0.1781675639E+04
0.1815684706E+04
0.1850092458E+04
0.1884899838E+04
0.1920107759E+04
0.1955717102E+04
0.1991728716E+04
0.2028143423E+04
0.2064962010E+04
0.2102185236E+04
0.2139813830E+04
0.2177848490E+04
0.2216289885E+04
0.2255138653E+04
0.2294395405E+04
0.2334060721E+04
0.2374135151E+04
0.2414619220E+04
0.2455513420E+04
0.2496818219E+04
0.2538534053E+04
0.2580661333E+04
0.2623200442E+04
0.2666151733E+04
0.2709515535E+04
0.2753292149E+04
0.2797481848E+04
0.2842084880E+04
0.2887101467E+04
0.2932531805E+04
0.2978376062E+04
0.3024634383E+04
0.3071306887E+04
0.3118393668E+04
0.3165894795E+04
0.3213810313E+04
0.3262140241E+04
0.3310884576E+04
0.3360043290E+04
0.3409616333E+04
0.3459603631E+04
0.3510005084E+04
0.3560820574E+04
0.3612049958E+04
0.3663693070E+04
0.3715749723E+04
0.3768219709E+04
0.3821102797E+04
0.3874398734E+04
0.3928107249E+04
0.3982228046E+04
0.4036760813E+04
0.4091705214E+04
0.4147060895E+04
0.4202827481E+04
0.4259004578E+04
0.4315591773E+04
0.4372588632E+04
0.4429994705E+04
0.4487809520E+04
0.4546032591E+04
0.4604663410E+04
0.4663701453E+04
0.4723146177E+04
0.4782997024E+04
0.4843253415E+04
0.4903914758E+04
0.4964980442E+04
0.5026449841E+04
0.5088322310E+04
0.5150597190E+04
0.5213273808E+04
0.5276351471E+04
0.5339829474E+04
0.5403707097E+04
0.5467983603E+04
0.5532658241E+04
0.5597730247E+04
0.5663198841E+04
0.5729063230E+04
0.5795322607E+04
0.5861976152E+04
0.5929023030E+04
0.5996462394E+04
0.6064293384E+04
0.6132515127E+04
0.6201126739E+04
0.6270127321E+04
0.6339515964E+04
0.6409291746E+04
0.6479453734E+04
0.6550000983E+04
0.6620932537E+04
0.6692247429E+04
0.6763944681E+04
0.6836023303E+04
0.6908482298E+04
0.6981320654E+04
0.7054537353E+04
0.7128131365E+04
0.7202101649E+04
0.7276447159E+04
0.7351166834E+04
0.7426259607E+04
0.7501724402E+04
0.7577560133E+04
0.7653765707E+04
0.7730340020E+04
0.7807281962E+04
0.7884590413E+04
0.7962264247E+04
0.8040302328E+04
0.8118703514E+04
0.8197466656E+04
0.8276590596E+04
0.8356074169E+04
0.8435916204E+04
0.8516115523E+04
0.8596670941E+04
0.8677581266E+04
0.8758845301E+04
0.8840461842E+04
0.8922429678E+04
0.9004747595E+04
0.9087414369E+04
0.9170428774E+04
0.9253789577E+04
0.9337495540E+04
0.9421545419E+04
0.9505937966E+04
0.9590671929E+04
0.9675746048E+04
0.9761159062E+04
0.9846909703E+04
0.9932996700E+04
0.1001941878E+05
0.1010617465E+05
0.1019326305E+05
0.1028068267E+05
0.1036843223E+05
0.1045651043E+05
0.1054491598E+05
0.1063364756E+05
0.1072270389E+05
0.1081208364E+05
0.1090178552E+05
0.1099180819E+05
0.1108215035E+05
0.1117281068E+05
0.1126378786E+05
0.1135508056E+05
0.1144668745E+05
0.1153860720E+05
0.1163083849E+05
0.1172337998E+05
0.1181623034E+05
0.1190938822E+05
0.1200285230E+05
0.1209662122E+05
0.1219069366E+05
0.1228506825E+05
0.1237974367E+05
0.1247471857E+05
0.1256999159E+05
0.1266556139E+05
0.1276142662E+05
0.1285758593E+05
0.1295403798E+05
0.1305078140E+05
0.1314781486E+05
0.1324513698E+05
0.1334274643E+05
0.1344064185E+05
0.1353882189E+05
0.1363728519E+05
0.1373603039E+05
0.1383505616E+05
0.1393436112E+05
0.1403394393E+05
0.1413380323E+05
0.1423393768E+05
0.1433434591E+05
0.1443502658E+05
0.1453597833E+05
0.1463719982E+05
0.1473868968E+05
0.1484044657E+05
0.1494246915E+05
0.1504475606E+05
0.1514730595E+05
0.1525011748E+05
0.1535318930E+05
0.1545652006E+05
0.1556010843E+05
0.1566395306E+05
0.1576805261E+05
0.1587240574E+05
0.1597701111E+05
0.1608186737E+05
0.1618697321E+05
0.1629232728E+05
0.1639792824E+05
0.1650377478E+05
0.1660986555E+05
0.1671619923E+05
0.1682277449E+05
0.1692959002E+05
0.1703664448E+05
0.1714393655E+05
0.1725146493E+05
0.1735922828E+05
0.1746722530E+05
0.1757545467E+05
0.1768391509E+05
0.1779260524E+05
0.1790152382E+05
0.1801066952E+05
0.1812004104E+05
0.1822963709E+05
0.1833945636E+05
0.1844949757E+05
0.1855975941E+05
0.1867024060E+05
0.1878093986E+05
0.1889185589E+05
0.1900298742E+05
0.1911433316E+05
0.1922589185E+05
0.1933766220E+05
0.1944964294E+05
0.1956183281E+05
0.1967423053E+05
0.1978683485E+05
0.1989964451E+05
0.2001265824E+05
0.2012587480E+05
0.2023929293E+05
0.2035291138E+05
0.2046672891E+05
0.2058074427E+05
0.2069495623E+05
0.2080936354E+05
0.2092396498E+05
0.2103875930E+05
0.2115374530E+05
0.2126892173E+05
0.2138428739E+05
0.2149984104E+05
0.2161558148E+05
0.2173150750E+05
0.2184761788E+05
0.2196391142E+05
0.2208038692E+05
0.2219704318E+05
0.2231387900E+05
0.2243089320E+05
0.2254808458E+05
0.2266545196E+05
0.2278299416E+05
0.2290070999E+05
0.2301859828E+05
0.2313665787E+05
0.2325488758E+05
0.2337328624E+05
0.2349185270E+05
0.2361058580E+05
0.2372948438E+05
0.2384854729E+05
0.2396777339E+05
0.2408716153E+05
0.2420671057E+05
0.2432641937E+05
0.2444628680E+05
0.2456631174E+05
0.2468649304E+05
0.2480682960E+05
0.2492732029E+05
0.2504796400E+05
0.2516875961E+05
0.2528970601E+05
0.2541080211E+05
0.2553204680E+05
0.2565343899E+05
0.2577497757E+05
0.2589666147E+05
0.2601848958E+05
0.2614046084E+05
0.2626257416E+05
0.2638482847E+05
0.2650722269E+05
0.2662975576E+05
0.2675242661E+05
0.2687523418E+05
0.2699817742E+05
0.2712125527E+05
0.2724446668E+05
0.2736781060E+05
0.2749128601E+05
0.2761489184E+05
0.2773862708E+05
0.2786249069E+05
0.2798648164E+05
0.2811059891E+05
0.2823484148E+05
0.2835920834E+05
0.2848369846E+05
0.2860831085E+05
0.2873304450E+05
0.2885789840E+05
0.2898287156E+05
0.2910796299E+05
0.2923317169E+05
0.2935849668E+05
0.2948393698E+05
0.2960949161E+05
0.2973515958E+05
0.2986093994E+05
0.2998683172E+05
0.3011283394E+05
0.3023894565E+05
0.3036516590E+05
0.3049149372E+05
0.3061792818E+05
0.3074446832E+05
0.3087111320E+05
0.3099786189E+05
0.3112471346E+05
0.3125166696E+05
0.3137872148E+05
0.3150587608E+05
0.3163312986E+05
0.3176048190E+05
0.3188793127E+05
0.3201547709E+05
0.3214311843E+05
0.3227085440E+05
0.3239868410E+05
0.3252660664E+05
0.3265462112E+05
0.3278272666E+05
0.3291092239E+05
0.3303920741E+05
0.3316758085E+05
0.3329604184E+05
0.3342458951E+05
0.3355322301E+05
0.3368194145E+05
0.3381074400E+05
0.3393962978E+05
0.3406859796E+05
0.3419764769E+05
0.3432677812E+05
0.3445598841E+05
0.3458527773E+05
0.3471464525E+05
0.3484409013E+05
0.3497361155E+05
0.3510320869E+05
0.3523288072E+05
0.3536262685E+05
0.3549244624E+05
0.3562233810E+05
0.3575230162E+05
0.3588233600E+05
0.3601244044E+05
0.3614261414E+05
0.3627285633E+05
0.3640316621E+05
0.3653354299E+05
0.3666398590E+05
0.3679449415E+05
0.3692506699E+05
0.3705570363E+05
0.3718640331E+05
0.3731716527E+05
0.3744798874E+05
0.3757887298E+05
0.3770981722E+05
0.3784082072E+05
0.3797188274E+05
0.3810300252E+05
0.3823417933E+05
0.3836541244E+05
0.3849670111E+05
0.3862804461E+05
0.3875944221E+05
0.3889089319E+05
0.3902239684E+05
0.3915395244E+05
0.3928555926E+05
0.3941721661E+05
0.3954892378E+05
0.3968068006E+05
0.3981248476E+05
0.3994433717E+05
0.4007623660E+05
0.4020818237E+05
0.4034017378E+05
0.4047221015E+05
0.4060429081E+05
0.4073641507E+05
0.4086858225E+05
0.4100079170E+05
0.4113304273E+05
0.4126533468E+05
0.4139766690E+05
0.4153003872E+05
0.4166244949E+05
0.4179489856E+05
0.4192738527E+05
0.4205990898E+05
0.4219246904E+05
0.4232506482E+05
0.4245769568E+05
0.4259036099E+05
0.4272306010E+05
0.4285579240E+05
0.4298855726E+05
0.4312135406E+05
0.4325418218E+05
0.4338704100E+05
0.4351992991E+05
0.4365284829E+05
0.4378579555E+05
0.4391877107E+05
0.4405177427E+05
0.4418480452E+05
0.4431786125E+05
0.4445094386E+05
0.4458405176E+05
0.4471718436E+05
0.4485034108E+05
0.4498352134E+05
0.4511672456E+05
0.4524995015E+05
0.4538319756E+05
0.4551646622E+05
0.4564975554E+05
0.4578306498E+05
0.4591639396E+05
0.4604974194E+05
0.4618310835E+05
0.4631649264E+05
0.4644989426E+05
0.4658331266E+05
0.4671674731E+05
0.4685019765E+05
0.4698366315E+05
0.4711714326E+05
0.4725063747E+05
0.4738414523E+05
0.4751766602E+05
0.4765119930E+05
0.4778474457E+05
0.4791830129E+05
0.4805186895E+05
0.4818544704E+05
0.4831903504E+05
0.4845263243E+05
0.4858623872E+05
0.4871985340E+05
0.4885347597E+05
0.4898710592E+05
0.4912074276E+05
0.4925438599E+05
0.4938803513E+05
0.4952168968E+05
0.4965534915E+05
0.4978901307E+05
0.4992268094E+05
0.5005635230E+05
0.5019002666E+05
0.5032370354E+05
0.5045738248E+05
0.5059106300E+05
0.5072474465E+05
0.5085842695E+05
0.5099210944E+05
0.5112579166E+05
0.5125947315E+05
0.5139315346E+05
0.5152683214E+05
0.5166050874E+05
0.5179418280E+05
0.5192785388E+05
0.5206152155E+05
0.5219518535E+05
0.5232884484E+05
0.5246249961E+05
0.5259614919E+05
0.5272979318E+05
0.5286343114E+05
0.5299706263E+05
0.5313068724E+05
0.5326430454E+05
0.5339791412E+05
0.5353151555E+05
0.5366510841E+05
0.5379869231E+05
0.5393226681E+05
0.5406583152E+05
0.5419938603E+05
0.5433292993E+05
0.5446646282E+05
0.5459998430E+05
0.5473349398E+05
0.5486699144E+05
0.5500047631E+05
0.5513394819E+05
0.5526740669E+05
0.5540085142E+05
0.5553428199E+05
0.5566769804E+05
0.5580109916E+05
0.5593448498E+05
0.5606785514E+05
0.5620120924E+05
0.5633454692E+05
0.5646786781E+05
0.5660117154E+05
0.5673445774E+05
0.5686772604E+05
0.5700097609E+05
0.5713420753E+05
0.5726741999E+05
0.5740061311E+05
0.5753378655E+05
0.5766693995E+05
0.5780007296E+05
0.5793318523E+05
0.5806627641E+05
0.5819934616E+05
0.5833239414E+05
0.5846542000E+05
0.5859842341E+05
0.5873140403E+05
0.5886436151E+05
0.5899729554E+05
0.5913020578E+05
0.5926309189E+05
0.5939595355E+05
0.5952879044E+05
0.5966160222E+05
0.5979438859E+05
0.5992714921E+05
0.6005988376E+05
0.6019259194E+05
0.6032527343E+05
0.6045792791E+05
0.6059055507E+05
0.6072315460E+05
0.6085572620E+05
0.6098826956E+05
0.6112078437E+05
0.6125327033E+05
0.6138572714E+05
0.6151815450E+05
0.6165055212E+05
0.6178291970E+05
0.6191525694E+05
0.6204756355E+05
0.6217983925E+05
0.6231208373E+05
0.6244429673E+05
0.6257647794E+05
0.6270862709E+05
0.6284074390E+05
0.6297282808E+05
0.6310487936E+05
0.6323689745E+05
0.6336888209E+05
0.6350083299E+05
0.6363274990E+05
0.6376463253E+05
0.6389648061E+05
0.6402829389E+05
0.6416007209E+05
0.6429181495E+05
0.6442352221E+05
0.6455519360E+05
0.6468682887E+05
0.6481842776E+05
0.6494999001E+05
0.6508151537E+05
0.6521300358E+05
0.6534445440E+05
0.6547586756E+05
0.6560724283E+05
0.6573857995E+05
0.6586987869E+05
0.6600113879E+05
0.6613236001E+05
0.6626354211E+05
0.6639468486E+05
0.6652578801E+05
0.6665685132E+05
0.6678787457E+05
0.6691885751E+05
0.6704979992E+05
0.6718070156E+05
0.6731156220E+05
0.6744238162E+05
0.6757315959E+05
0.6770389587E+05
0.6783459026E+05
0.6796524253E+05
0.6809585245E+05
0.6822641980E+05
0.6835694437E+05
0.6848742594E+05
0.6861786429E+05
0.6874825921E+05
0.6887861049E+05
0.6900891791E+05
0.6913918127E+05
0.6926940035E+05
0.6939957495E+05
0.6952970485E+05
0.6965978986E+05
0.6978982978E+05
0.6991982439E+05
0.7004977350E+05
0.7017967691E+05
0.7030953441E+05
0.7043934582E+05
0.7056911094E+05
0.7069882956E+05
0.7082850150E+05
0.7095812657E+05
0.7108770457E+05
0.7121723531E+05
0.7134671861E+05
0.7147615428E+05
0.7160554213E+05
0.7173488197E+05
0.7186417363E+05
0.7199341692E+05
0.7212261166E+05
0.7225175767E+05
0.7238085476E+05
0.7250990277E+05
0.7263890152E+05
0.7276785082E+05
0.7289675051E+05
0.7302560042E+05
0.7315440036E+05
0.7328315018E+05
0.7341184969E+05
0.7354049874E+05
0.7366909715E+05
0.7379764476E+05
0.7392614141E+05
0.7405458692E+05
0.7418298114E+05
0.7431132391E+05
0.7443961505E+05
0.7456785443E+05
0.7469604187E+05
0.7482417721E+05
0.7495226031E+05
0.7508029101E+05
0.7520826915E+05
0.7533619458E+05
0.7546406714E+05
0.7559188670E+05
0.7571965309E+05
0.7584736616E+05
0.7597502578E+05
0.7610263179E+05
0.7623018405E+05
0.7635768241E+05
0.7648512673E+05
0.7661251686E+05
0.7673985267E+05
0.7686713401E+05
0.7699436075E+05
0.7712153274E+05
0.7724864985E+05
0.7737571194E+05
0.7750271887E+05
0.7762967051E+05
0.7775656673E+05
0.7788340739E+05
0.7801019237E+05
0.7813692152E+05
0.7826359473E+05
0.7839021185E+05
0.7851677277E+05
0.7864327736E+05
0.7876972548E+05
0.7889611702E+05
0.7902245185E+05
0.7914872985E+05
0.7927495089E+05
0.7940111485E+05
0.7952722162E+05
0.7965327107E+05
0.7977926308E+05
0.7990519753E+05
0.8003107432E+05
0.8015689331E+05
0.8028265440E+05
0.8040835748E+05
0.8053400242E+05
0.8065958911E+05
0.8078511746E+05
0.8091058733E+05
0.8103599863E+05
0.8116135123E+05
0.8128664505E+05
0.8141187996E+05
0.8153705586E+05
0.8166217264E+05
0.8178723021E+05
0.8191222845E+05
0.8203716726E+05
0.8216204654E+05
0.8228686618E+05
0.8241162609E+05
0.8253632617E+05
0.8266096631E+05
0.8278554642E+05
0.8291006640E+05
0.8303452616E+05
0.8315892558E+05
0.8328326459E+05
0.8340754309E+05
0.8353176098E+05
0.8365591817E+05
0.8378001456E+05
0.8390405007E+05
0.8402802460E+05
0.8415193807E+05
0.8427579038E+05
0.8439958145E+05
0.8452331118E+05
0.8464697950E+05
0.8477058631E+05
0.8489413153E+05
0.8501761508E+05
0.8514103686E+05
0.8526439680E+05
0.8538769482E+05
0.8551093082E+05
0.8563410474E+05
0.8575721648E+05
0.8588026598E+05
0.8600325314E+05
0.8612617790E+05
0.8624904017E+05
0.8637183988E+05
0.8649457695E+05
0.8661725130E+05
0.8673986287E+05
0.8686241156E+05
0.8698489732E+05
0.8710732007E+05
0.8722967973E+05
0.8735197624E+05
0.8747420952E+05
0.8759637950E+05
0.8771848612E+05
0.8784052930E+05
0.8796250897E+05
0.8808442508E+05
0.8820627754E+05
0.8832806629E+05
0.8844979128E+05
0.8857145242E+05
0.8869304967E+05
0.8881458294E+05
0.8893605219E+05
0.8905745734E+05
0.8917879834E+05
0.8930007512E+05
0.8942128763E+05
0.8954243579E+05
0.8966351956E+05
0.8978453888E+05
0.8990549367E+05
0.9002638390E+05
0.9014720949E+05
0.9026797039E+05
0.9038866655E+05
0.9050929791E+05
0.9062986442E+05
0.9075036602E+05
0.9087080265E+05
0.9099117427E+05
0.9111148082E+05
0.9123172224E+05
0.9135189850E+05
0.9147200953E+05
0.9159205528E+05
0.9171203571E+05
0.9183195076E+05
0.9195180039E+05
0.9207158455E+05
0.9219130319E+05
0.9231095627E+05
0.9243054373E+05
0.9255006553E+05
0.9266952162E+05
0.9278891196E+05
0.9290823651E+05
0.9302749522E+05
0.9314668804E+05
0.9326581494E+05
0.9338487587E+05
0.9350387079E+05
0.9362279966E+05
0.9374166243E+05
0.9386045907E+05
0.9397918953E+05
0.9409785378E+05
0.9421645178E+05
0.9433498349E+05
0.9445344886E+05
0.9457184787E+05
0.9469018048E+05
0.9480844664E+05
0.9492664633E+05
0.9504477950E+05
0.9516284612E+05
0.9528084617E+05
0.9539877959E+05
0.9551664637E+05
0.9563444646E+05
0.9575217983E+05
0.9586984645E+05
0.9598744630E+05
0.9610497932E+05
0.9622244551E+05
0.9633984482E+05
0.9645717722E+05
0.9657444269E+05
0.9669164120E+05
0.9680877271E+05
0.9692583721E+05
0.9704283465E+05
0.9715976502E+05
0.9727662828E+05
0.9739342441E+05
0.9751015339E+05
0.9762681518E+05
0.9774340977E+05
0.9785993712E+05
0.9797639721E+05
0.9809279003E+05
0.9820911553E+05
0.9832537371E+05
0.9844156454E+05
0.9855768799E+05
0.9867374405E+05
0.9878973269E+05
0.9890565389E+05
0.9902150763E+05
0.9913729389E+05
0.9925301265E+05
0.9936866389E+05
0.9948424759E+05
0.9959976373E+05
0.9971521229E+05
0.9983059326E+05
0.9994590661E+05
0.1000611523E+06
0.1001763304E+06
0.1002914408E+06
0.1004064836E+06
0.1005214586E+06
0.1006363659E+06
0.1007512055E+06
0.1008659774E+06
0.1009806814E+06
0.1010953178E+06
0.1012098863E+06
0.1013243871E+06
0.1014388200E+06
0.1015531851E+06
0.1016674824E+06
0.1017817118E+06
0.1018958734E+06
0.1020099671E+06
0.1021239929E+06
0.1022379508E+06
0.1023518408E+06
0.1024656629E+06
0.1025794171E+06
0.1026931033E+06
0.1028067217E+06
0.1029202720E+06
0.1030337544E+06
0.1031471689E+06
0.1032605153E+06
0.1033737938E+06
0.1034870043E+06
0.1036001468E+06
0.1037132213E+06
0.1038262278E+06
0.1039391663E+06
0.1040520368E+06
0.1041648393E+06
0.1042775737E+06
0.1043902401E+06
0.1045028385E+06
0.1046153688E+06
0.1047278311E+06
0.1048402253E+06
0.1049525515E+06
0.1050648096E+06
0.1051769997E+06
0.1052891217E+06
0.1054011757E+06
0.1055131616E+06
0.1056250794E+06
0.1057369292E+06
0.1058487110E+06
0.1059604246E+06
0.1060720702E+06
0.1061836478E+06
0.1062951573E+06
0.1064065987E+06
0.1065179720E+06
0.1066292773E+06
0.1067405146E+06
0.1068516838E+06
0.1069627849E+06
0.1070738180E+06
0.1071847831E+06
0.1072956801E+06
0.1074065091E+06
0.1075172700E+06
0.1076279629E+06
0.1077385877E+06
0.1078491446E+06
0.1079596334E+06
0.1080700542E+06
0.1081804070E+06
0.1082906918E+06
0.1084009086E+06
0.1085110574E+06
0.1086211382E+06
0.1087311510E+06
0.1088410959E+06
0.1089509728E+06
0.1090607817E+06
0.1091705227E+06
0.1092801957E+06
0.1093898008E+06
0.1094993380E+06
3
0.4072552026E-56
0.1609560041E-51
0.1415231717E-47
0.3736699245E-44
0.3710454202E-41
0.1645949898E-38
0.3729377045E-36
0.4797721167E-34
0.3814041789E-32
0.2006626913E-30
0.7390122546E-29
0.1995636942E-27
0.4107201973E-26
0.6655077932E-25
0.8726579546E-24
0.9479690039E-23
0.8704179220E-22
0.6873350011E-21
0.4738471207E-20
0.2889478808E-19
0.1576470266E-18
0.7773364319E-18
0.3495006486E-17
0.1444180367E-16
0.5522925279E-16
0.1966994483E-15
0.6560705824E-15
0.2059635350E-14
0.6113417354E-14
0.1722671317E-13
0.4625386544E-13
0.1187339162E-12
0.2922838612E-12
0.6918996827E-12
0.1579029322E-11
0.3482195751E-11
0.7436277585E-11
0.1540798329E-10
0.3103162609E-10
0.6084872960E-10
0.1163459583E-09
0.2172293384E-09
0.3965722195E-09
0.7087461724E-09
0.1241407119E-08
0.2133285415E-08
0.3600143038E-08
0.5972040728E-08
0.9746032064E-08
0.1565960104E-07
0.2479161635E-07
0.3869932114E-07
0.5960194284E-07
0.9062392263E-07
0.1361135557E-06
0.2020560243E-06
0.2966034139E-06
0.4307483440E-06
0.6191723225E-06
0.8813048493E-06
0.1242634646E-05
0.1736320154E-05
0.2405152599E-05
0.3303931459E-05
0.4502319016E-05
0.6088247819E-05
0.8171962241E-05
0.1089078289E-04
0.1441469024E-04
0.1895283164E-04
0.2476106343E-04
0.3215064758E-04
0.4149822960E-04
0.5325723180E-04
0.6797080248E-04
0.8628646867E-04
0.1089726454E-03
0.1369371606E-03
0.1712479586E-03
0.2131561514E-03
0.2641215881E-03
0.3258411167E-03
0.4002797157E-03
0.4897046718E-03
0.5967229823E-03
0.7243221593E-03
0.8759146122E-03
0.1055385781E-02
0.1267146193E-02
0.1516187608E-02
0.1808143414E-02
0.2149353430E-02
0.2546933267E-02
0.3008848385E-02
0.3543992986E-02
0.4162273862E-02
0.4874699324E-02
0.5693473303E-02
0.6632094741E-02
0.7705462327E-02
0.8929984680E-02
0.1032369602E-01
0.1190637739E-01
0.1369968343E-01
0.1572727482E-01
0.1801495625E-01
0.2059082005E-01
0.2348539542E-01
0.2673180321E-01
0.3036591619E-01
0.3442652486E-01
0.3895550858E-01
0.4399801205E-01
0.4960262704E-01
0.5582157915E-01
0.6271091970E-01
0.7033072232E-01
0.7874528440E-01
0.8802333308E-01
0.9823823556E-01
0.1094682138E+00
0.1217965632E+00
0.1353118751E+00
0.1501082629E+00
0.1662855919E+00
0.1839497121E+00
0.2032126942E+00
0.2241930682E+00
0.2470160647E+00
0.2718138587E+00
0.2987258151E+00
0.3278987360E+00
0.3594871103E+00
0.3936533636E+00
0.4305681103E+00
0.4704104050E+00
0.5133679963E+00
0.5596375794E+00
0.6094250494E+00
0.6629457543E+00
0.7204247476E+00
0.7820970397E+00
0.8482078491E+00
0.9190128518E+00
0.9947784291E+00
0.1075781914E+01
0.1162311836E+01
0.1254668162E+01
0.1353162537E+01
0.1458118521E+01
0.1569871822E+01
0.1688770528E+01
0.1815175334E+01
0.1949459767E+01
0.2092010403E+01
0.2243227088E+01
0.2403523145E+01
0.2573325586E+01
0.2753075313E+01
0.2943227317E+01
0.3144250871E+01
0.3356629720E+01
0.3580862261E+01
0.3817461728E+01
0.4066956357E+01
0.4329889557E+01
0.4606820071E+01
0.4898322131E+01
0.5204985610E+01
0.5527416159E+01
0.5866235352E+01
0.6222080813E+01
0.6595606343E+01
0.6987482035E+01
0.7398394391E+01
0.7829046423E+01
0.8280157755E+01
0.8752464716E+01
0.9246720421E+01
0.9763694856E+01
0.1030417495E+02
0.1086896463E+02
0.1145888489E+02
0.1207477386E+02
0.1271748681E+02
0.1338789623E+02
0.1408689182E+02
0.1481538057E+02
0.1557428673E+02
0.1636455184E+02
0.1718713474E+02
0.1804301157E+02
0.1893317575E+02
0.1985863796E+02
0.2082042617E+02
0.2181958552E+02
0.2285717840E+02
0.2393428430E+02
0.2505199984E+02
0.2621143870E+02
0.2741373155E+02
0.2866002598E+02
0.2995148644E+02
0.3128929418E+02
0.3267464715E+02
0.3410875991E+02
0.3559286355E+02
0.3712820556E+02
0.3871604979E+02
0.4035767628E+02
0.4205438115E+02
0.4380747654E+02
0.4561829041E+02
0.4748816645E+02
0.4941846396E+02
0.5141055766E+02
0.5346583760E+02
0.5558570900E+02
0.5777159205E+02
0.6002492183E+02
0.6234714810E+02
0.6473973513E+02
0.6720416158E+02
0.6974192028E+02
0.7235451806E+02
0.7504347561E+02
0.7781032724E+02
0.8065662073E+02
0.8358391715E+02
0.8659379064E+02
0.8968782821E+02
0.9286762958E+02
0.9613480695E+02
0.9949098479E+02
0.1029377997E+03
0.1064769000E+03
0.1101099458E+03
0.1138386087E+03
0.1176645714E+03
0.1215895276E+03
0.1256151819E+03
0.1297432493E+03
0.1339754555E+03
0.1383135358E+03
0.1427592359E+03
0.1473143108E+03
0.1519805251E+03
0.1567596526E+03
0.1616534761E+03
0.1666637870E+03
0.1717923855E+03
0.1770410798E+03
0.1824116862E+03
0.1879060290E+03
0.1935259398E+03
0.1992732577E+03
0.2051498289E+03
0.2111575064E+03
0.2172981499E+03
0.2235736255E+03
0.2299858053E+03
0.2365365674E+03
0.2432277958E+03
0.2500613796E+03
0.2570392132E+03
0.2641631962E+03
0.2714352326E+03
0.2788572312E+03
0.2864311047E+03
0.2941587703E+03
0.3020421485E+03
0.3100831638E+03
0.3182837437E+03
0.3266458191E+03
0.3351713234E+03
0.3438621931E+03
0.3527203666E+03
0.3617477849E+03
0.3709463907E+03
0.3803181287E+03
0.3898649448E+03
0.3995887863E+03
0.4094916018E+03
0.4195753403E+03
0.4298419519E+03
0.4402933867E+03
0.4509315953E+03
0.4617585281E+03
0.4727761353E+03
0.4839863667E+03
0.4953911716E+03
0.5069924980E+03
0.5187922934E+03
0.5307925035E+03
0.5429950730E+03
0.5554019445E+03
0.5680150591E+03
0.5808363556E+03
0.5938677706E+03
0.6071112383E+03
0.6205686901E+03
0.6342420548E+03
0.6481332581E+03
0.6622442223E+03
0.6765768665E+03
0.6911331062E+03
0.7059148532E+03
0.7209240153E+03
0.7361624961E+03
0.7516321951E+03
0.7673350073E+03
0.7832728230E+03
0.7994475278E+03
0.8158610025E+03
0.8325151224E+03
0.8494117579E+03
0.8665527738E+03
0.8839400293E+03
0.9015753780E+03
0.9194606675E+03
0.9375977393E+03
0.9559884289E+03
0.9746345653E+03
0.9935379711E+03
0.1012700462E+04
0.1032123848E+04
0.1051809931E+04
0.1071760506E+04
0.1091977361E+04
0.1112462278E+04
0.1133217029E+04
0.1154243381E+04
0.1175543091E+04
0.1197117911E+04
0.1218969583E+04
0.1241099841E+04
0.1263510412E+04
0.1286203014E+04
0.1309179356E+04
0.1332441140E+04
0.1355990059E+04
0.1379827797E+04
0.1403956028E+04
0.1428376420E+04
0.1453090630E+04
0.1478100306E+04
0.1503407087E+04
0.1529012603E+04
0.1554918475E+04
0.1581126313E+04
0.1607637720E+04
0.1634454287E+04
0.1661577596E+04
0.1689009221E+04
0.1716750723E+04
0.1744803655E+04
0.1773169561E+04
0.1801849972E+04
0.1830846411E+04
0.1860160390E+04
0.1889793412E+04
0.1919746968E+04
0.1950022539E+04
0.1980621595E+04
0.2011545598E+04
0.2042795997E+04
0.2074374231E+04
0.2106281728E+04
0.2138519905E+04
0.2171090170E+04
0.2203993918E+04
0.2237232534E+04
0.2270807393E+04
0.2304719857E+04
0.2338971279E+04
0.2373562999E+04
0.2408496347E+04
0.2443772642E+04
0.2479393192E+04
0.2515359293E+04
0.2551672230E+04
0.2588333277E+04
0.2625343696E+04
0.2662704739E+04
0.2700417645E+04
0.2738483642E+04
0.2776903949E+04
0.2815679769E+04
0.2854812299E+04
0.2894302719E+04
0.2934152201E+04
0.2974361905E+04
0.3014932979E+04
0.3055866560E+04
0.3097163772E+04
0.3138825730E+04
0.3180853534E+04
0.3223248276E+04
0.3266011033E+04
0.3309142874E+04
0.3352644854E+04
0.3396518016E+04
0.3440763393E+04
0.3485382006E+04
0.3530374864E+04
0.3575742964E+04
0.3621487292E+04
0.3667608823E+04
0.3714108519E+04
0.3760987331E+04
0.3808246199E+04
0.3855886051E+04
0.3903907803E+04
0.3952312361E+04
0.4001100616E+04
0.4050273452E+04
0.4099831737E+04
0.4149776332E+04
0.4200108082E+04
0.4250827824E+04
0.4301936382E+04
0.4353434569E+04
0.4405323186E+04
0.4457603022E+04
0.4510274857E+04
0.4563339458E+04
0.4616797580E+04
0.4670649967E+04
0.4724897354E+04
0.4779540461E+04
0.4834580000E+04
0.4890016669E+04
0.4945851157E+04
0.5002084140E+04
0.5058716285E+04
0.5115748246E+04
0.5173180666E+04
0.5231014179E+04
0.5289249405E+04
0.5347886954E+04
0.5406927427E+04
0.5466371412E+04
0.5526219485E+04
0.5586472215E+04
0.5647130156E+04
0.5708193853E+04
0.5769663842E+04
0.5831540644E+04
0.5893824773E+04
0.5956516731E+04
0.6019617009E+04
0.6083126088E+04
0.6147044438E+04
0.6211372519E+04
0.6276110779E+04
0.6341259659E+04
0.6406819585E+04
0.6472790977E+04
0.6539174240E+04
0.6605969774E+04
0.6673177964E+04
0.6740799188E+04
0.6808833812E+04
0.6877282193E+04
0.6946144677E+04
0.7015421601E+04
0.7085113291E+04
0.7155220064E+04
0.7225742225E+04
0.7296680072E+04
0.7368033891E+04
0.7439803960E+04
0.7511990546E+04
0.7584593907E+04
0.7657614290E+04
0.7731051933E+04
0.7804907067E+04
0.7879179909E+04
0.7953870671E+04
0.8028979552E+04
0.8104506743E+04
0.8180452427E+04
0.8256816775E+04
0.8333599952E+04
0.8410802110E+04
0.8488423396E+04
0.8566463945E+04
0.8644923884E+04
0.8723803331E+04
0.8803102394E+04
0.8882821175E+04
0.8962959763E+04
0.9043518242E+04
0.9124496686E+04
0.9205895158E+04
0.9287713717E+04
0.9369952409E+04
0.9452611274E+04
0.9535690342E+04
0.9619189636E+04
0.9703109170E+04
0.9787448949E+04
0.9872208971E+04
0.9957389225E+04
0.1004298969E+05
0.1012901034E+05
0.1021545114E+05
0.1030231205E+05
0.1038959302E+05
0.1047729397E+05
0.1056541486E+05
0.1065395560E+05
0.1074291611E+05
0.1083229631E+05
0.1092209608E+05
0.1101231533E+05
0.1110295394E+05
0.1119401179E+05
0.1128548876E+05
0.1137738470E+05
0.1146969948E+05
0.1156243294E+05
0.1165558492E+05
0.1174915526E+05
0.1184314379E+05
0.1193755033E+05
0.1203237469E+05
0.1212761667E+05
0.1222327608E+05
0.1231935271E+05
0.1241584635E+05
0.1251275677E+05
0.1261008374E+05
0.1270782703E+05
0.1280598640E+05
0.1290456160E+05
0.1300355238E+05
0.1310295847E+05
0.1320277961E+05
0.1330301552E+05
0.1340366592E+05
0.1350473052E+05
0.1360620904E+05
0.1370810117E+05
0.1381040660E+05
0.1391312503E+05
0.1401625613E+05
0.1411979958E+05
0.1422375506E+05
0.1432812222E+05
0.1443290073E+05
0.1453809023E+05
0.1464369037E+05
0.1474970080E+05
0.1485612114E+05
0.1496295103E+05
0.1507019010E+05
0.1517783795E+05
0.1528589420E+05
0.1539435845E+05
0.1550323032E+05
0.1561250940E+05
0.1572219527E+05
0.1583228752E+05
0.1594278573E+05
0.1605368948E+05
0.1616499834E+05
0.1627671187E+05
0.1638882962E+05
0.1650135117E+05
0.1661427605E+05
0.1672760381E+05
0.1684133399E+05
0.1695546613E+05
0.1706999974E+05
0.1718493437E+05
0.1730026953E+05
0.1741600474E+05
0.1753213951E+05
0.1764867334E+05
0.1776560573E+05
0.1788293619E+05
0.1800066421E+05
0.1811878928E+05
0.1823731087E+05
0.1835622848E+05
0.1847554157E+05
0.1859524963E+05
0.1871535210E+05
0.1883584847E+05
0.1895673819E+05
0.1907802070E+05
0.1919969548E+05
0.1932176195E+05
0.1944421956E+05
0.1956706776E+05
0.1969030598E+05
0.1981393364E+05
0.1993795018E+05
0.2006235502E+05
0.2018714758E+05
0.2031232728E+05
0.2043789353E+05
0.2056384573E+05
0.2069018330E+05
0.2081690564E+05
0.2094401214E+05
0.2107150220E+05
0.2119937520E+05
0.2132763055E+05
0.2145626763E+05
0.2158528580E+05
0.2171468447E+05
0.2184446299E+05
0.2197462074E+05
0.2210515709E+05
0.2223607141E+05
0.2236736306E+05
0.2249903139E+05
0.2263107577E+05
0.2276349554E+05
0.2289629007E+05
0.2302945868E+05
0.2316300074E+05
0.2329691559E+05
0.2343120255E+05
0.2356586098E+05
0.2370089019E+05
0.2383628953E+05
0.2397205832E+05
0.2410819589E+05
0.2424470156E+05
0.2438157465E+05
0.2451881448E+05
0.2465642036E+05
0.2479439161E+05
0.2493272754E+05
0.2507142746E+05
0.2521049066E+05
0.2534991647E+05
0.2548970417E+05
0.2562985307E+05
0.2577036246E+05
0.2591123164E+05
0.2605245990E+05
0.2619404653E+05
0.2633599082E+05
0.2647829205E+05
0.2662094951E+05
0.2676396248E+05
0.2690733024E+05
0.2705105207E+05
0.2719512725E+05
0.2733955504E+05
0.2748433473E+05
0.2762946557E+05
0.2777494685E+05
0.2792077782E+05
0.2806695775E+05
0.2821348591E+05
0.2836036155E+05
0.2850758394E+05
0.2865515234E+05
0.2880306600E+05
0.2895132417E+05
0.2909992612E+05
0.2924887109E+05
0.2939815833E+05
0.2954778709E+05
0.2969775662E+05
0.2984806616E+05
0.2999871497E+05
0.3014970227E+05
0.3030102733E+05
0.3045268936E+05
0.3060468763E+05
0.3075702135E+05
0.3090968978E+05
0.3106269214E+05
0.3121602767E+05
0.3136969560E+05
0.3152369517E+05
0.3167802560E+05
0.3183268612E+05
0.3198767597E+05
0.3214299437E+05
0.3229864055E+05
0.3245461373E+05
0.3261091314E+05
0.3276753800E+05
0.3292448754E+05
0.3308176096E+05
0.3323935751E+05
0.3339727639E+05
0.3355551683E+05
0.3371407804E+05
0.3387295924E+05
0.3403215964E+05
0.3419167847E+05
0.3435151494E+05
0.3451166826E+05
0.3467213765E+05
0.3483292231E+05
0.3499402147E+05
0.3515543433E+05
0.3531716010E+05
0.3547919800E+05
0.3564154723E+05
0.3580420701E+05
0.3596717653E+05
0.3613045502E+05
0.3629404168E+05
0.3645793571E+05
0.3662213632E+05
0.3678664272E+05
0.3695145411E+05
0.3711656970E+05
0.3728198870E+05
0.3744771031E+05
0.3761373372E+05
0.3778005816E+05
0.3794668282E+05
0.3811360690E+05
0.3828082961E+05
0.3844835015E+05
0.3861616772E+05
0.3878428152E+05
0.3895269077E+05
0.3912139465E+05
0.3929039237E+05
0.3945968314E+05
0.3962926614E+05
0.3979914060E+05
0.3996930570E+05
0.4013976064E+05
0.4031050464E+05
0.4048153688E+05
0.4065285657E+05
0.4082446292E+05
0.4099635511E+05
0.4116853236E+05
0.4134099386E+05
0.4151373881E+05
0.4168676642E+05
0.4186007589E+05
0.4203366641E+05
0.4220753719E+05
0.4238168743E+05
0.4255611632E+05
0.4273082308E+05
0.4290580691E+05
0.4308106700E+05
0.4325660255E+05
0.4343241278E+05
0.4360849687E+05
0.4378485404E+05
0.4396148349E+05
0.4413838441E+05
0.4431555602E+05
0.4449299752E+05
0.4467070810E+05
0.4484868698E+05
0.4502693336E+05
0.4520544643E+05
0.4538422542E+05
0.4556326952E+05
0.4574257794E+05
0.4592214989E+05
0.4610198456E+05
0.4628208118E+05
0.4646243894E+05
0.4664305705E+05
0.4682393472E+05
0.4700507116E+05
0.4718646559E+05
0.4736811720E+05
0.4755002520E+05
0.4773218882E+05
0.4791460725E+05
0.4809727971E+05
0.4828020542E+05
0.4846338358E+05
0.4864681341E+05
0.4883049411E+05
0.4901442491E+05
0.4919860503E+05
0.4938303366E+05
0.4956771004E+05
0.4975263337E+05
0.4993780287E+05
0.5012321777E+05
0.5030887727E+05
0.5049478060E+05
0.5068092698E+05
0.5086731562E+05
0.5105394576E+05
0.5124081660E+05
0.5142792737E+05
0.5161527730E+05
0.5180286560E+05
0.5199069150E+05
0.5217875424E+05
0.5236705302E+05
0.5255558708E+05
0.5274435565E+05
0.5293335795E+05
0.5312259321E+05
0.5331206066E+05
0.5350175954E+05
0.5369168906E+05
0.5388184847E+05
0.5407223700E+05
0.5426285387E+05
0.5445369833E+05
0.5464476961E+05
0.5483606694E+05
0.5502758956E+05
0.5521933671E+05
0.5541130763E+05
0.5560350155E+05
0.5579591771E+05
0.5598855537E+05
0.5618141375E+05
0.5637449210E+05
0.5656778966E+05
0.5676130569E+05
0.5695503941E+05
0.5714899009E+05
0.5734315697E+05
0.5753753928E+05
0.5773213630E+05
0.5792694725E+05
0.5812197141E+05
0.5831720800E+05
0.5851265630E+05
0.5870831555E+05
0.5890418501E+05
0.5910026393E+05
0.5929655157E+05
0.5949304719E+05
0.5968975004E+05
0.5988665939E+05
0.6008377450E+05
0.6028109462E+05
0.6047861903E+05
0.6067634698E+05
0.6087427773E+05
0.6107241056E+05
0.6127074473E+05
0.6146927951E+05
0.6166801417E+05
0.6186694798E+05
0.6206608020E+05
0.6226541011E+05
0.6246493699E+05
0.6266466010E+05
0.6286457872E+05
0.6306469214E+05
0.6326499961E+05
0.6346550044E+05
0.6366619388E+05
0.6386707923E+05
0.6406815576E+05
0.6426942276E+05
0.6447087952E+05
0.6467252531E+05
0.6487435942E+05
0.6507638114E+05
0.6527858976E+05
0.6548098457E+05
0.6568356486E+05
0.6588632991E+05
0.6608927903E+05
0.6629241150E+05
0.6649572663E+05
0.6669922370E+05
0.6690290201E+05
0.6710676087E+05
0.6731079958E+05
0.6751501742E+05
0.6771941371E+05
0.6792398775E+05
0.6812873885E+05
0.6833366630E+05
0.6853876941E+05
0.6874404750E+05
0.6894949987E+05
0.6915512584E+05
0.6936092470E+05
0.6956689578E+05
0.6977303839E+05
0.6997935185E+05
0.7018583546E+05
0.7039248856E+05
0.7059931045E+05
0.7080630045E+05
0.7101345789E+05
0.7122078209E+05
0.7142827238E+05
0.7163592806E+05
0.7184374849E+05
0.7205173297E+05
0.7225988084E+05
0.7246819142E+05
0.7267666405E+05
0.7288529807E+05
0.7309409279E+05
0.7330304756E+05
0.7351216172E+05
0.7372143459E+05
0.7393086552E+05
0.7414045384E+05
0.7435019891E+05
0.7456010005E+05
0.7477015661E+05
0.7498036794E+05
0.7519073337E+05
0.7540125227E+05
0.7561192397E+05
0.7582274783E+05
0.7603372319E+05
0.7624484941E+05
0.7645612583E+05
0.7666755182E+05
0.7687912673E+05
0.7709084992E+05
0.7730272074E+05
0.7751473855E+05
0.7772690272E+05
0.7793921260E+05
0.7815166756E+05
0.7836426696E+05
0.7857701017E+05
0.7878989655E+05
0.7900292548E+05
0.7921609631E+05
0.7942940844E+05
0.7964286121E+05
0.7985645401E+05
0.8007018622E+05
0.8028405720E+05
0.8049806634E+05
0.8071221300E+05
0.8092649659E+05
0.8114091646E+05
0.8135547201E+05
0.8157016261E+05
0.8178498766E+05
0.8199994654E+05
0.8221503863E+05
0.8243026333E+05
0.8264562002E+05
0.8286110810E+05
0.8307672695E+05
0.8329247597E+05
0.8350835456E+05
0.8372436211E+05
0.8394049801E+05
0.8415676168E+05
0.8437315250E+05
0.8458966988E+05
0.8480631322E+05
0.8502308192E+05
0.8523997540E+05
0.8545699305E+05
0.8567413428E+05
0.8589139850E+05
0.8610878513E+05
0.8632629357E+05
0.8654392323E+05
0.8676167354E+05
0.8697954390E+05
0.8719753374E+05
0.8741564246E+05
0.8763386949E+05
0.8785221425E+05
0.8807067617E+05
0.8828925465E+05
0.8850794914E+05
0.8872675905E+05
0.8894568381E+05
0.8916472284E+05
0.8938387559E+05
0.8960314147E+05
0.8982251992E+05
0.9004201038E+05
0.9026161227E+05
0.9048132504E+05
0.9070114812E+05
0.9092108094E+05
0.9114112296E+05
0.9136127360E+05
0.9158153232E+05
0.9180189854E+05
0.9202237173E+05
0.9224295132E+05
0.9246363677E+05
0.9268442751E+05
0.9290532300E+05
0.9312632270E+05
0.9334742605E+05
0.9356863250E+05
0.9378994152E+05
0.9401135255E+05
0.9423286506E+05
0.9445447850E+05
0.9467619234E+05
0.9489800603E+05
0.9511991903E+05
0.9534193082E+05
0.9556404085E+05
0.9578624859E+05
0.9600855351E+05
0.9623095507E+05
0.9645345276E+05
0.9667604603E+05
0.9689873436E+05
0.9712151723E+05
0.9734439410E+05
0.9756736446E+05
0.9779042778E+05
0.9801358354E+05
0.9823683123E+05
0.9846017031E+05
0.9868360029E+05
0.9890712062E+05
0.9913073082E+05
0.9935443035E+05
0.9957821870E+05
0.9980209538E+05
0.1000260599E+06
0.1002501116E+06
0.1004742502E+06
0.1006984750E+06
0.1009227857E+06
0.1011471815E+06
0.1013716622E+06
0.1015962271E+06
0.1018208758E+06
0.1020456078E+06
0.1022704225E+06
0.1024953196E+06
0.1027202983E+06
0.1029453584E+06
0.1031704993E+06
0.1033957205E+06
0.1036210214E+06
0.1038464017E+06
0.1040718609E+06
0.1042973983E+06
0.1045230137E+06
0.1047487064E+06
0.1049744760E+06
0.1052003220E+06
0.1054262440E+06
0.1056522413E+06
0.1058783137E+06
0.1061044606E+06
0.1063306814E+06
0.1065569759E+06
0.1067833433E+06
0.1070097834E+06
0.1072362956E+06
0.1074628795E+06
0.1076895346E+06
0.1079162603E+06
0.1081430564E+06
0.1083699222E+06
0.1085968573E+06
0.1088238613E+06
0.1090509337E+06
0.1092780741E+06
0.1095052819E+06
0.1097325567E+06
0.1099598981E+06
0.1101873056E+06
0.1104147788E+06
0.1106423171E+06
0.1108699203E+06
0.1110975877E+06
0.1113253189E+06
0.1115531136E+06
0.1117809712E+06
0.1120088913E+06
0.1122368735E+06
0.1124649172E+06
0.1126930222E+06
0.1129211879E+06
0.1131494138E+06
0.1133776997E+06
0.1136060449E+06
0.1138344491E+06
0.1140629118E+06
0.1142914327E+06
0.1145200112E+06
0.1147486469E+06
0.1149773395E+06
0.1152060884E+06
0.1154348933E+06
0.1156637537E+06
0.1158926692E+06
0.1161216393E+06
0.1163506637E+06
0.1165797419E+06
0.1168088735E+06
0.1170380581E+06
0.1172672952E+06
0.1174965845E+06
0.1177259254E+06
0.1179553177E+06
0.1181847608E+06
0.1184142544E+06
0.1186437981E+06
0.1188733914E+06
0.1191030340E+06
0.1193327253E+06
0.1195624651E+06
0.1197922529E+06
0.1200220882E+06
0.1202519708E+06
0.1204819002E+06
0.1207118759E+06
0.1209418976E+06
0.1211719649E+06
0.1214020773E+06
0.1216322346E+06
0.1218624362E+06
0.1220926818E+06
0.1223229710E+06
0.1225533034E+06
0.1227836786E+06
0.1230140962E+06
0.1232445558E+06
0.1234750570E+06
0.1237055995E+06
0.1239361828E+06
0.1241668065E+06
0.1243974704E+06
0.1246281739E+06
0.1248589167E+06
0.1250896985E+06
0.1253205187E+06
0.1255513772E+06
0.1257822734E+06
0.1260132070E+06
0.1262441776E+06
0.1264751849E+06
0.1267062284E+06
0.1269373079E+06
0.1271684228E+06
0.1273995729E+06
0.1276307578E+06
0.1278619770E+06
0.1280932303E+06
0.1283245173E+06
0.1285558375E+06
0.1287871907E+06
0.1290185765E+06
0.1292499944E+06
0.1294814442E+06
0.1297129255E+06
0.1299444379E+06
0.1301759810E+06
0.1304075545E+06
0.1306391581E+06
0.1308707913E+06
0.1311024539E+06
0.1313341454E+06
0.1315658656E+06
0.1317976140E+06
0.1320293903E+06
0.1322611941E+06
0.1324930252E+06
0.1327248831E+06
0.1329567675E+06
0.1331886781E+06
0.1334206145E+06
0.1336525764E+06
0.1338845634E+06
0.1341165751E+06
0.1343486113E+06
0.1345806716E+06
0.1348127557E+06
0.1350448632E+06
0.1352769937E+06
0.1355091470E+06
0.1357413227E+06
0.1359735205E+06
0.1362057400E+06
