# Percentage of N2 Contained in Each Group
9.9995886621e-01
4.1132021587e-05
1.7645513911e-09
7.5431955630e-14
2.4408048367e-18
9.2453289838e-23
2.7853375568e-27
9.7534787091e-32
2.8835472549e-36
9.9259868721e-41
2.6276027279e-45
9.0906715532e-50
3.2391417010e-54
9.8124171517e-59
3.3076676296e-63
8.1043462356e-68
3.2182482899e-72
8.3140694270e-77
2.3594943746e-81
8.3362479646e-86
2.2287869887e-90
7.3888297403e-95
2.2199599441e-99
6.5629470615e-104
1.5678872726e-108
5.6680182974e-113
1.5755132688e-117
5.2979447823e-122
1.7217593816e-126
4.7994000521e-131
1.2452266982e-135
3.8172533893e-140
1.2490075469e-144
3.4829566420e-149
1.1426354300e-153
3.1812731362e-158
1.2905676560e-162
1.0582245745e-167
1.0579422122e-172
9.5902158970e-178
9.2964224810e-183
7.9479909228e-188
8.6495264374e-193
6.8324569661e-198
7.4995908459e-203
9.7491581710e-208
9.3905323948e-213
7.6210214429e-218
9.0106794811e-223
8.9555596467e-228
5.6262671997e-233
7.2209783931e-238
2.5279644498e-243
1.8511341832e-248
