# Percentage of NO Contained in Each Group
9.9961761297e-01
3.8226842290e-04
1.1856708718e-07
3.7558476347e-11
1.0095972541e-14
3.7499546516e-18
9.4474275572e-22
2.1012729078e-25
6.6843186180e-29
2.0818480691e-32
5.1777733441e-36
1.0315191118e-39
3.0208006834e-43
7.5880726636e-47
1.8472312382e-50
4.5740763181e-54
1.2788950373e-57
3.0155233378e-61
7.8453900125e-65
1.6445433308e-68
5.4665347136e-72
1.2387402017e-75
2.7629282754e-79
7.1089715176e-83
1.6345597071e-86
3.5831763394e-90
9.4344939073e-94
2.4621988395e-97
7.2527714730e-101
1.7447940467e-104
5.1995240828e-108
2.7579980866e-112
1.7855486023e-116
1.2906184301e-120
8.3613015555e-125
5.5708022572e-129
4.1403414096e-133
2.2346878016e-137
2.0010623804e-141
1.0836593225e-145
6.2341408416e-150
3.7539421775e-154
1.9778834331e-158
9.1249995314e-163
9.0865371968e-167
4.8437134635e-171
