# Percentage of NO Contained in Each Group
1.3753599511e-102
1.9127665484e-114
9.3882286749e-88
2.9256992011e-28
1.2485358740e-130
8.7615167007e-108
6.6343273593e-57
9.9987010339e-01
1.2987710370e-04
1.9500738818e-08
8.3505780858e-91
3.5810698779e-73
3.3644456798e-12
9.7966770858e-68
2.6300320397e-40
1.4915005546e-19
6.3771910166e-65
1.7392023890e-70
5.5657903481e-37
8.5854945713e-76
3.8060240812e-23
5.8461614070e-50
6.6374602707e-16
1.3315487812e-33
1.4059576180e-43
4.7812205669e-62
2.4069589097e-78
7.9284789896e-81
8.5124826167e-47
4.5627317172e-53
3.0849690406e-83
4.1156678024e-59
7.8929039582e-88
1.1005053721e-26
4.0556423233e-56
1.4265149954e-85
5.7203133580e-151
3.6003223339e-30
5.2660161612e-90
5.2674940761e-96
4.2733360895e-92
4.2586201251e-94
8.1817946871e-98
1.6164686490e-99
6.5262812829e-104
4.1196415597e-101
