# Percentage of NO Contained in Each Group
9.9961761297e-01
3.8218894223e-04
1.9800283571e-07
8.2458855793e-11
3.4482521023e-14
1.3048240141e-17
4.5986324223e-21
1.4725754407e-24
4.6197241746e-28
1.8010558674e-31
5.9354306436e-35
2.2507218705e-38
6.6280872639e-42
2.7419929276e-45
7.8326159005e-49
2.6874055306e-52
8.3401362686e-56
2.8567584512e-59
7.9098144470e-63
2.8010392099e-66
9.6878054022e-70
3.0028858103e-73
9.3504154624e-77
3.1204723561e-80
9.4913630190e-84
3.0727033552e-87
1.1120465615e-90
3.7849418119e-94
1.2658284988e-97
4.1316242865e-101
1.3573597894e-104
5.1996268317e-108
1.7306375384e-112
4.9947255408e-117
1.6853532353e-121
6.0682470852e-126
2.3530454213e-130
5.6191421675e-135
2.9259714477e-139
8.5196097339e-144
2.3236637209e-148
9.7007738790e-153
3.8285201340e-157
1.1609896706e-161
1.9170648596e-166
4.8437134635e-171
