1
0.3743120846E+06
0.3810760898E+06
0.3879588071E+06
0.3949820331E+06
0.4021643626E+06
0.4095206958E+06
0.4170621626E+06
0.4247963282E+06
0.4327275657E+06
0.4408575055E+06
0.4491855020E+06
0.4577090790E+06
0.4664243326E+06
0.4753262820E+06
0.4844091675E+06
0.4936666959E+06
0.5030922411E+06
0.5126790030E+06
0.5224201330E+06
0.5323088299E+06
0.5423384125E+06
0.5525023733E+06
0.5627944159E+06
0.5732084815E+06
0.5837387640E+06
0.5943797199E+06
0.6051260698E+06
0.6159727981E+06
0.6269151474E+06
0.6379486118E+06
0.6490689280E+06
0.6602720649E+06
0.6715542133E+06
0.6829117741E+06
0.6943413473E+06
0.7058397204E+06
0.7174038566E+06
0.7290308841E+06
0.7407180848E+06
0.7524628839E+06
0.7642628394E+06
0.7761156326E+06
0.7880190581E+06
0.7999710148E+06
0.8119694974E+06
0.8240125880E+06
0.8360984480E+06
0.8482253105E+06
0.8603914738E+06
0.8725952937E+06
0.8848351779E+06
0.8971095798E+06
0.9094169927E+06
0.9217559448E+06
0.9341249942E+06
0.9465227248E+06
0.9589477413E+06
0.9713986663E+06
0.9838741365E+06
0.9963727994E+06
0.1008893311E+07
0.1021434332E+07
0.1033994528E+07
0.1046572564E+07
0.1059167108E+07
0.1071776824E+07
0.1084400375E+07
0.1097036419E+07
0.1109683611E+07
0.1122340602E+07
0.1135006036E+07
0.1147678555E+07
0.1160356795E+07
0.1173039386E+07
0.1185724957E+07
0.1198412131E+07
0.1211099528E+07
0.1223785768E+07
0.1236469468E+07
0.1249149244E+07
0.1261823715E+07
0.1274491498E+07
0.1287151216E+07
0.1299801494E+07
0.1312440962E+07
0.1325068255E+07
0.1337682018E+07
0.1350280901E+07
0.1362863566E+07
0.1375428685E+07
0.1387974940E+07
0.1400501028E+07
0.1413005658E+07
0.1425487556E+07
0.1437945463E+07
0.1450378136E+07
0.1462784350E+07
0.1475162901E+07
0.1487512601E+07
0.1499832285E+07
0.1512120808E+07
0.1524377047E+07
0.1536599901E+07
0.1548788292E+07
0.1560941167E+07
0.1573057494E+07
0.1585136268E+07
0.1597176508E+07
0.1609177258E+07
0.1621137588E+07
0.1633056593E+07
0.1644933395E+07
0.1656767141E+07
0.1668557004E+07
0.1680302185E+07
0.1692001910E+07
0.1703655432E+07
0.1715262029E+07
0.1726821006E+07
0.1738331696E+07
0.1749793454E+07
0.1761205665E+07
0.1772567737E+07
0.1783879104E+07
0.1795139226E+07
0.1806347588E+07
0.1817503698E+07
0.1828607089E+07
0.1839657320E+07
0.1850653971E+07
0.1861596648E+07
0.1872484977E+07
0.1883318608E+07
0.1894097215E+07
0.1904820491E+07
0.1915488151E+07
0.1926099933E+07
0.1936655593E+07
0.1947154910E+07
0.1957597678E+07
0.1967983716E+07
0.1978312858E+07
0.1988584957E+07
0.1998799885E+07
0.2008957531E+07
0.2019057800E+07
0.2029100616E+07
0.2039085916E+07
0.2049013656E+07
0.2058883804E+07
0.2068696346E+07
0.2078451280E+07
0.2088148619E+07
0.2097788390E+07
0.2107370633E+07
0.2116895399E+07
0.2126362754E+07
0.2135772774E+07
0.2145125547E+07
0.2154421173E+07
0.2163659762E+07
0.2172841433E+07
0.2181966319E+07
0.2191034558E+07
0.2200046300E+07
0.2209001703E+07
0.2217900934E+07
0.2226744170E+07
0.2235531591E+07
0.2244263390E+07
0.2252939764E+07
0.2261560918E+07
0.2270127065E+07
0.2278638421E+07
0.2287095211E+07
0.2295497666E+07
0.2303846020E+07
0.2312140514E+07
0.2320381395E+07
0.2328568914E+07
0.2336703324E+07
0.2344784886E+07
0.2352813864E+07
0.2360790524E+07
0.2368715137E+07
0.2376587979E+07
0.2384409327E+07
0.2392179461E+07
0.2399898665E+07
0.2407567225E+07
0.2415185429E+07
0.2422753569E+07
0.2430271937E+07
0.2437740827E+07
0.2445160538E+07
0.2452531366E+07
0.2459853611E+07
0.2467127574E+07
0.2474353559E+07
0.2481531866E+07
0.2488662802E+07
0.2495746670E+07
0.2502783776E+07
0.2509774427E+07
0.2516718929E+07
0.2523617589E+07
0.2530470713E+07
0.2537278609E+07
0.2544041585E+07
0.2550759947E+07
0.2557434003E+07
0.2564064059E+07
0.2570650422E+07
0.2577193397E+07
0.2583693291E+07
0.2590150408E+07
0.2596565052E+07
0.2602937528E+07
0.2609268138E+07
0.2615557184E+07
0.2621804967E+07
0.2628011788E+07
0.2634177946E+07
0.2640303739E+07
0.2646389464E+07
0.2652435417E+07
0.2658441893E+07
0.2664409186E+07
0.2670337587E+07
0.2676227389E+07
0.2682078880E+07
0.2687892348E+07
0.2693668082E+07
0.2699406365E+07
0.2705107482E+07
0.2710771716E+07
0.2716399347E+07
0.2721990655E+07
0.2727545917E+07
0.2733065411E+07
0.2738549410E+07
0.2743998187E+07
0.2749412014E+07
0.2754791161E+07
0.2760135895E+07
0.2765446483E+07
0.2770723190E+07
0.2775966278E+07
0.2781176009E+07
0.2786352641E+07
0.2791496433E+07
0.2796607641E+07
0.2801686519E+07
0.2806733319E+07
0.2811748292E+07
0.2816731687E+07
0.2821683751E+07
0.2826604729E+07
0.2831494865E+07
0.2836354401E+07
0.2841183576E+07
0.2845982630E+07
0.2850751797E+07
0.2855491314E+07
0.2860201412E+07
0.2864882323E+07
0.2869534277E+07
0.2874157500E+07
0.2878752219E+07
0.2883318658E+07
0.2887857039E+07
0.2892367582E+07
0.2896850506E+07
0.2901306028E+07
0.2905734364E+07
0.2910135728E+07
0.2914510330E+07
0.2918858381E+07
0.2923180090E+07
0.2927475662E+07
0.2931745305E+07
0.2935989219E+07
0.2940207608E+07
0.2944400671E+07
0.2948568607E+07
0.2952711612E+07
0.2956829882E+07
0.2960923609E+07
0.2964992985E+07
0.2969038201E+07
0.2973059446E+07
0.2977056905E+07
0.2981030766E+07
0.2984981210E+07
0.2988908422E+07
0.2992812581E+07
0.2996693866E+07
0.3000552455E+07
0.3004388525E+07
0.3008202250E+07
0.3011993802E+07
0.3015763354E+07
0.3019511076E+07
0.3023237135E+07
0.3026941701E+07
0.3030624937E+07
0.3034287009E+07
0.3037928080E+07
0.3041548310E+07
0.3045147860E+07
0.3048726889E+07
0.3052285553E+07
0.3055824010E+07
0.3059342412E+07
0.3062840914E+07
0.3066319667E+07
0.3069778823E+07
0.3073218529E+07
0.3076638934E+07
0.3080040185E+07
0.3083422427E+07
0.3086785803E+07
0.3090130458E+07
0.3093456531E+07
0.3096764165E+07
0.3100053496E+07
0.3103324665E+07
0.3106577806E+07
0.3109813056E+07
0.3113030549E+07
0.3116230417E+07
0.3119412793E+07
0.3122577808E+07
0.3125725590E+07
0.3128856269E+07
0.3131969972E+07
0.3135066825E+07
0.3138146953E+07
0.3141210479E+07
0.3144257528E+07
0.3147288221E+07
0.3150302677E+07
0.3153301019E+07
0.3156283363E+07
0.3159249827E+07
0.3162200528E+07
0.3165135582E+07
0.3168055103E+07
0.3170959205E+07
0.3173848000E+07
0.3176721599E+07
0.3179580114E+07
0.3182423654E+07
0.3185252328E+07
0.3188066242E+07
0.3190865505E+07
0.3193650222E+07
0.3196420497E+07
0.3199176436E+07
0.3201918140E+07
0.3204645713E+07
0.3207359255E+07
0.3210058866E+07
0.3212744648E+07
0.3215416697E+07
0.3218075113E+07
0.3220719991E+07
0.3223351429E+07
0.3225969521E+07
0.3228574362E+07
0.3231166046E+07
0.3233744666E+07
0.3236310313E+07
0.3238863079E+07
0.3241403054E+07
0.3243930329E+07
0.3246444992E+07
0.3248947131E+07
0.3251436834E+07
0.3253914187E+07
0.3256379277E+07
0.3258832188E+07
0.3261273006E+07
0.3263701813E+07
0.3266118693E+07
0.3268523729E+07
0.3270917001E+07
0.3273298592E+07
0.3275668580E+07
0.3278027046E+07
0.3280374069E+07
0.3282709726E+07
0.3285034096E+07
0.3287347255E+07
0.3289649280E+07
0.3291940247E+07
0.3294220229E+07
0.3296489302E+07
0.3298747539E+07
0.3300995014E+07
0.3303231799E+07
0.3305457966E+07
0.3307673586E+07
0.3309878730E+07
0.3312073468E+07
0.3314257870E+07
0.3316432004E+07
0.3318595939E+07
0.3320749743E+07
0.3322893482E+07
0.3325027225E+07
0.3327151036E+07
0.3329264982E+07
0.3331369127E+07
0.3333463536E+07
0.3335548273E+07
0.3337623402E+07
0.3339688985E+07
0.3341745085E+07
0.3343791764E+07
0.3345829083E+07
0.3347857103E+07
0.3349875884E+07
0.3351885487E+07
0.3353885971E+07
0.3355877395E+07
0.3357859817E+07
0.3359833295E+07
0.3361797887E+07
0.3363753650E+07
0.3365700640E+07
0.3367638914E+07
0.3369568527E+07
0.3371489535E+07
0.3373401992E+07
0.3375305953E+07
0.3377201472E+07
0.3379088602E+07
0.3380967395E+07
0.3382837906E+07
0.3384700186E+07
0.3386554287E+07
0.3388400260E+07
0.3390238156E+07
0.3392068027E+07
0.3393889921E+07
0.3395703889E+07
0.3397509981E+07
0.3399308244E+07
0.3401098729E+07
0.3402881482E+07
0.3404656553E+07
0.3406423988E+07
0.3408183835E+07
0.3409936140E+07
0.3411680950E+07
0.3413418310E+07
0.3415148267E+07
0.3416870865E+07
0.3418586150E+07
0.3420294167E+07
0.3421994959E+07
0.3423688570E+07
0.3425375044E+07
0.3427054425E+07
0.3428726754E+07
0.3430392076E+07
0.3432050431E+07
0.3433701862E+07
0.3435346411E+07
0.3436984119E+07
0.3438615026E+07
0.3440239174E+07
0.3441856602E+07
0.3443467352E+07
0.3445071462E+07
0.3446668972E+07
0.3448259921E+07
0.3449844348E+07
0.3451422292E+07
0.3452993790E+07
0.3454558881E+07
0.3456117603E+07
0.3457669993E+07
0.3459216087E+07
0.3460755924E+07
0.3462289538E+07
0.3463816968E+07
0.3465338248E+07
0.3466853415E+07
0.3468362504E+07
0.3469865550E+07
0.3471362588E+07
0.3472853653E+07
0.3474338779E+07
0.3475818001E+07
0.3477291352E+07
0.3478758867E+07
0.3480220578E+07
0.3481676519E+07
0.3483126723E+07
0.3484571222E+07
0.3486010049E+07
0.3487443237E+07
0.3488870816E+07
0.3490292820E+07
0.3491709279E+07
0.3493120225E+07
0.3494525690E+07
0.3495925702E+07
0.3497320295E+07
0.3498709497E+07
0.3500093339E+07
0.3501471852E+07
0.3502845064E+07
0.3504213005E+07
0.3505575706E+07
0.3506933194E+07
0.3508285499E+07
0.3509632649E+07
0.3510974673E+07
0.3512311600E+07
0.3513643457E+07
0.3514970273E+07
0.3516292074E+07
0.3517608889E+07
0.3518920745E+07
0.3520227669E+07
0.3521529688E+07
0.3522826828E+07
0.3524119117E+07
0.3525406580E+07
0.3526689244E+07
0.3527967135E+07
0.3529240279E+07
0.3530508701E+07
0.3531772426E+07
0.3533031481E+07
0.3534285890E+07
0.3535535678E+07
0.3536780870E+07
0.3538021490E+07
0.3539257563E+07
0.3540489113E+07
0.3541716165E+07
0.3542938741E+07
0.3544156867E+07
0.3545370565E+07
0.3546579859E+07
0.3547784772E+07
0.3548985328E+07
0.3550181548E+07
0.3551373457E+07
0.3552561077E+07
0.3553744430E+07
0.3554923538E+07
0.3556098425E+07
0.3557269111E+07
0.3558435618E+07
0.3559597969E+07
0.3560756186E+07
0.3561910288E+07
0.3563060299E+07
0.3564206238E+07
0.3565348128E+07
0.3566485988E+07
0.3567619840E+07
0.3568749705E+07
0.3569875601E+07
0.3570997551E+07
0.3572115575E+07
0.3573229691E+07
0.3574339921E+07
0.3575446283E+07
0.3576548799E+07
0.3577647486E+07
0.3578742366E+07
0.3579833456E+07
0.3580920776E+07
0.3582004346E+07
0.3583084183E+07
0.3584160307E+07
0.3585232737E+07
0.3586301491E+07
0.3587366587E+07
0.3588428044E+07
0.3589485879E+07
0.3590540112E+07
0.3591590760E+07
0.3592637840E+07
0.3593681371E+07
0.3594721370E+07
0.3595757854E+07
0.3596790841E+07
0.3597820349E+07
0.3598846393E+07
0.3599868993E+07
0.3600888163E+07
0.3601903922E+07
0.3602916285E+07
0.3603925270E+07
0.3604930893E+07
0.3605933170E+07
0.3606932118E+07
0.3607927753E+07
0.3608920090E+07
0.3609909147E+07
0.3610894938E+07
0.3611877480E+07
0.3612856789E+07
0.3613832879E+07
0.3614805767E+07
0.3615775467E+07
0.3616741996E+07
0.3617705368E+07
0.3618665598E+07
0.3619622701E+07
0.3620576693E+07
0.3621527589E+07
0.3622475402E+07
0.3623420147E+07
0.3624361840E+07
0.3625300494E+07
0.3626236125E+07
0.3627168745E+07
0.3628098370E+07
0.3629025014E+07
0.3629948690E+07
0.3630869413E+07
0.3631787196E+07
0.3632702053E+07
0.3633613998E+07
0.3634523044E+07
0.3635429206E+07
0.3636332496E+07
0.3637232927E+07
0.3638130514E+07
0.3639025269E+07
0.3639917205E+07
0.3640806336E+07
0.3641692674E+07
0.3642576232E+07
0.3643457023E+07
0.3644335060E+07
0.3645210355E+07
0.3646082922E+07
0.3646952772E+07
0.3647819917E+07
0.3648684371E+07
0.3649546146E+07
0.3650405253E+07
0.3651261705E+07
0.3652115514E+07
0.3652966692E+07
0.3653815251E+07
0.3654661202E+07
0.3655504558E+07
0.3656345330E+07
0.3657183529E+07
0.3658019168E+07
0.3658852258E+07
0.3659682810E+07
0.3660510836E+07
0.3661336347E+07
0.3662159354E+07
0.3662979868E+07
0.3663797901E+07
0.3664613464E+07
0.3665426566E+07
0.3666237221E+07
0.3667045437E+07
0.3667851226E+07
0.3668654599E+07
0.3669455567E+07
0.3670254140E+07
0.3671050328E+07
0.3671844142E+07
0.3672635592E+07
0.3673424690E+07
0.3674211444E+07
0.3674995866E+07
0.3675777965E+07
0.3676557752E+07
0.3677335237E+07
0.3678110429E+07
0.3678883339E+07
0.3679653976E+07
0.3680422351E+07
0.3681188473E+07
0.3681952352E+07
0.3682713998E+07
0.3683473420E+07
0.3684230627E+07
0.3684985630E+07
0.3685738437E+07
0.3686489059E+07
0.3687237504E+07
0.3687983782E+07
0.3688727902E+07
0.3689469873E+07
0.3690209704E+07
0.3690947405E+07
0.3691682985E+07
0.3692416452E+07
0.3693147815E+07
0.3693877084E+07
0.3694604267E+07
0.3695329372E+07
0.3696052410E+07
0.3696773388E+07
0.3697492315E+07
0.3698209199E+07
0.3698924050E+07
0.3699636876E+07
0.3700347684E+07
0.3701056485E+07
0.3701763285E+07
0.3702468093E+07
0.3703170919E+07
0.3703871768E+07
0.3704570651E+07
0.3705267575E+07
0.3705962549E+07
0.3706655579E+07
0.3707346675E+07
0.3708035844E+07
0.3708723094E+07
0.3709408434E+07
0.3710091870E+07
0.3710773411E+07
0.3711453064E+07
0.3712130838E+07
0.3712806739E+07
0.3713480776E+07
0.3714152956E+07
0.3714823287E+07
0.3715491776E+07
0.3716158430E+07
0.3716823257E+07
0.3717486265E+07
0.3718147461E+07
0.3718806852E+07
0.3719464445E+07
0.3720120248E+07
0.3720774267E+07
0.3721426511E+07
0.3722076985E+07
0.3722725698E+07
0.3723372656E+07
0.3724017866E+07
0.3724661336E+07
0.3725303071E+07
0.3725943080E+07
0.3726581369E+07
0.3727217944E+07
0.3727852813E+07
0.3728485982E+07
0.3729117458E+07
0.3729747248E+07
0.3730375358E+07
0.3731001795E+07
0.3731626566E+07
0.3732249677E+07
0.3732871134E+07
0.3733490945E+07
0.3734109115E+07
0.3734725651E+07
0.3735340559E+07
0.3735953846E+07
0.3736565519E+07
0.3737175582E+07
0.3737784043E+07
0.3738390908E+07
0.3738996183E+07
0.3739599874E+07
0.3740201987E+07
0.3740802529E+07
0.3741401505E+07
0.3741998922E+07
0.3742594785E+07
0.3743189100E+07
0.3743781874E+07
0.3744373112E+07
0.3744962821E+07
0.3745551005E+07
0.3746137671E+07
0.3746722825E+07
0.3747306473E+07
0.3747888619E+07
0.3748469270E+07
0.3749048432E+07
0.3749626111E+07
0.3750202311E+07
0.3750777038E+07
0.3751350298E+07
0.3751922097E+07
0.3752492440E+07
0.3753061333E+07
0.3753628780E+07
0.3754194788E+07
0.3754759362E+07
0.3755322507E+07
0.3755884228E+07
0.3756444532E+07
0.3757003422E+07
0.3757560905E+07
0.3758116986E+07
0.3758671670E+07
0.3759224962E+07
0.3759776867E+07
0.3760327390E+07
0.3760876537E+07
0.3761424313E+07
0.3761970722E+07
0.3762515770E+07
0.3763059462E+07
0.3763601803E+07
0.3764142797E+07
0.3764682450E+07
0.3765220767E+07
0.3765757752E+07
0.3766293411E+07
0.3766827748E+07
0.3767360768E+07
0.3767892476E+07
0.3768422876E+07
0.3768951974E+07
0.3769479774E+07
0.3770006281E+07
0.3770531500E+07
0.3771055435E+07
0.3771578090E+07
0.3772099472E+07
0.3772619583E+07
0.3773138429E+07
0.3773656014E+07
0.3774172344E+07
0.3774687421E+07
0.3775201251E+07
0.3775713839E+07
0.3776225188E+07
0.3776735304E+07
0.3777244190E+07
0.3777751851E+07
0.3778258291E+07
0.3778763515E+07
0.3779267527E+07
0.3779770332E+07
0.3780271933E+07
0.3780772335E+07
0.3781271542E+07
0.3781769558E+07
0.3782266388E+07
0.3782762036E+07
0.3783256506E+07
0.3783749802E+07
0.3784241928E+07
0.3784732888E+07
0.3785222687E+07
0.3785711328E+07
0.3786198816E+07
0.3786685154E+07
0.3787170347E+07
0.3787654399E+07
0.3788137313E+07
0.3788619094E+07
0.3789099745E+07
0.3789579271E+07
0.3790057675E+07
0.3790534961E+07
0.3791011133E+07
0.3791486196E+07
0.3791960152E+07
0.3792433005E+07
0.3792904760E+07
0.3793375421E+07
0.3793844990E+07
0.3794313472E+07
0.3794780870E+07
0.3795247189E+07
0.3795712431E+07
0.3796176601E+07
0.3796639702E+07
0.3797101738E+07
0.3797562713E+07
0.3798022629E+07
0.3798481492E+07
0.3798939303E+07
0.3799396068E+07
0.3799851789E+07
0.3800306469E+07
0.3800760114E+07
0.3801212725E+07
0.3801664307E+07
0.3802114863E+07
0.3802564396E+07
0.3803012910E+07
0.3803460409E+07
0.3803906895E+07
0.3804352372E+07
0.3804796843E+07
0.3805240313E+07
0.3805682784E+07
0.3806124259E+07
0.3806564742E+07
0.3807004236E+07
0.3807442745E+07
0.3807880271E+07
0.3808316819E+07
0.3808752391E+07
0.3809186990E+07
0.3809620620E+07
0.3810053284E+07
0.3810484985E+07
0.3810915726E+07
0.3811345511E+07
0.3811774342E+07
0.3812202224E+07
0.3812629158E+07
0.3813055148E+07
0.3813480197E+07
0.3813904309E+07
0.3814327485E+07
0.3814749730E+07
0.3815171047E+07
0.3815591438E+07
0.3816010906E+07
0.3816429454E+07
0.3816847086E+07
0.3817263805E+07
0.3817679613E+07
0.3818094513E+07
0.3818508508E+07
0.3818921602E+07
0.3819333797E+07
0.3819745095E+07
0.3820155501E+07
0.3820565017E+07
0.3820973645E+07
0.3821381388E+07
0.3821788250E+07
0.3822194233E+07
0.3822599341E+07
0.3823003575E+07
0.3823406938E+07
0.3823809434E+07
0.3824211065E+07
0.3824611834E+07
0.3825011744E+07
0.3825410797E+07
0.3825808997E+07
0.3826206345E+07
0.3826602845E+07
0.3826998499E+07
0.3827393310E+07
0.3827787280E+07
0.3828180413E+07
0.3828572711E+07
0.3828964176E+07
0.3829354811E+07
0.3829744619E+07
0.3830133603E+07
0.3830521764E+07
0.3830909107E+07
0.3831295632E+07
0.3831681343E+07
0.3832066242E+07
0.3832450332E+07
0.3832833615E+07
0.3833216094E+07
0.3833597771E+07
0.3833978649E+07
0.3834358731E+07
0.3834738018E+07
0.3835116514E+07
0.3835494220E+07
0.3835871139E+07
0.3836247274E+07
0.3836622627E+07
0.3836997200E+07
0.3837370997E+07
0.3837744018E+07
0.3838116267E+07
0.3838487747E+07
0.3838858458E+07
0.3839228404E+07
0.3839597588E+07
0.3839966010E+07
0.3840333675E+07
0.3840700583E+07
0.3841066738E+07
0.3841432142E+07
0.3841796796E+07
0.3842160704E+07
0.3842523868E+07
0.3842886289E+07
0.3843247970E+07
0.3843608913E+07
0.3843969121E+07
0.3844328596E+07
0.3844687340E+07
0.3845045355E+07
0.3845402643E+07
0.3845759207E+07
0.3846115049E+07
0.3846470171E+07
0.3846824574E+07
0.3847178262E+07
0.3847531237E+07
0.3847883500E+07
0.3848235053E+07
0.3848585900E+07
0.3848936041E+07
0.3849285480E+07
0.3849634217E+07
0.3849982256E+07
0.3850329598E+07
0.3850676246E+07
0.3851022201E+07
0.3851367465E+07
0.3851712041E+07
0.3852055931E+07
0.3852399136E+07
0.3852741659E+07
0.3853083502E+07
0.3853424666E+07
0.3853765154E+07
0.3854104968E+07
0.3854444109E+07
0.3854782580E+07
0.3855120383E+07
0.3855457519E+07
0.3855793991E+07
0.3856129800E+07
0.3856464949E+07
0.3856799439E+07
0.3857133272E+07
0.3857466451E+07
0.3857798976E+07
0.3858130851E+07
0.3858462077E+07
0.3858792655E+07
0.3859122588E+07
0.3859451878E+07
0.3859780526E+07
0.3860108534E+07
0.3860435905E+07
0.3860762639E+07
0.3861088740E+07
0.3861414208E+07
0.3861739045E+07
0.3862063254E+07
0.3862386836E+07
0.3862709793E+07
0.3863032126E+07
0.3863353838E+07
0.3863674931E+07
0.3863995405E+07
0.3864315263E+07
0.3864634507E+07
0.3864953138E+07
0.3865271158E+07
0.3865588570E+07
0.3865905373E+07
0.3866221571E+07
0.3866537165E+07
0.3866852157E+07
0.3867166549E+07
0.3867480341E+07
0.3867793536E+07
0.3868106136E+07
0.3868418142E+07
0.3868729556E+07
0.3869040380E+07
0.3869350615E+07
0.3869660263E+07
0.3869969325E+07
0.3870277804E+07
0.3870585700E+07
0.3870893016E+07
0.3871199753E+07
0.3871505913E+07
0.3871811498E+07
0.3872116508E+07
0.3872420946E+07
0.3872724813E+07
0.3873028110E+07
0.3873330841E+07
0.3873633005E+07
0.3873934604E+07
0.3874235641E+07
0.3874536116E+07
0.3874836032E+07
0.3875135389E+07
0.3875434190E+07
0.3875732436E+07
0.3876030128E+07
0.3876327268E+07
0.3876623857E+07
0.3876919897E+07
0.3877215390E+07
0.3877510337E+07
0.3877804739E+07
0.3878098598E+07
0.3878391916E+07
0.3878684694E+07
0.3878976933E+07
0.3879268635E+07
0.3879559801E+07
0.3879850434E+07
0.3880140533E+07
0.3880430102E+07
0.3880719140E+07
0.3881007651E+07
0.3881295634E+07
0.3881583092E+07
0.3881870026E+07
0.3882156437E+07
0.3882442327E+07
0.3882727698E+07
0.3883012550E+07
0.3883296885E+07
0.3883580704E+07
0.3883864009E+07
0.3884146802E+07
0.3884429083E+07
0.3884710854E+07
0.3884992116E+07
0.3885272871E+07
0.3885553120E+07
0.3885832865E+07
0.3886112106E+07
0.3886390845E+07
0.3886669084E+07
0.3886946824E+07
0.3887224066E+07
0.3887500811E+07
0.3887777061E+07
0.3888052818E+07
0.3888328081E+07
0.3888602854E+07
0.3888877136E+07
0.3889150930E+07
0.3889424237E+07
0.3889697057E+07
0.3889969393E+07
0.3890241245E+07
0.3890512615E+07
0.3890783504E+07
0.3891053913E+07
0.3891323844E+07
0.3891593298E+07
0.3891862276E+07
0.3892130780E+07
0.3892398810E+07
0.3892666367E+07
0.3892933454E+07
0.3893200072E+07
0.3893466221E+07
0.3893731902E+07
0.3893997118E+07
0.3894261869E+07
0.3894526156E+07
0.3894789981E+07
0.3895053345E+07
0.3895316249E+07
0.3895578695E+07
0.3895840682E+07
0.3896102214E+07
0.3896363290E+07
0.3896623912E+07
0.3896884081E+07
0.3897143799E+07
0.3897403066E+07
0.3897661884E+07
0.3897920254E+07
0.3898178177E+07
0.3898435654E+07
0.3898692686E+07
0.3898949275E+07
0.3899205421E+07
0.3899461127E+07
0.3899716392E+07
0.3899971217E+07
0.3900225606E+07
0.3900479557E+07
0.3900733073E+07
0.3900986154E+07
0.3901238802E+07
2
0.5574494226E+07
0.5586004187E+07
0.5597602970E+07
0.5609256605E+07
0.5620939402E+07
0.5632632849E+07
0.5644324245E+07
0.5656005357E+07
0.5667671264E+07
0.5679319408E+07
0.5690948850E+07
0.5702559720E+07
0.5714152800E+07
0.5725729229E+07
0.5737290298E+07
0.5748837306E+07
0.5760371467E+07
0.5771893853E+07
0.5783405359E+07
0.5794906691E+07
0.5806398363E+07
0.5817880704E+07
0.5829353869E+07
0.5840817856E+07
0.5852272525E+07
0.5863717611E+07
0.5875152749E+07
0.5886577487E+07
0.5897991305E+07
0.5909393629E+07
0.5920783846E+07
0.5932161319E+07
0.5943525394E+07
0.5954875413E+07
0.5966210722E+07
0.5977530679E+07
0.5988834658E+07
0.6000122057E+07
0.6011392300E+07
0.6022644843E+07
0.6033879170E+07
0.6045094802E+07
0.6056291296E+07
0.6067468242E+07
0.6078625266E+07
0.6089762029E+07
0.6100878227E+07
0.6111973589E+07
0.6123047874E+07
0.6134100874E+07
0.6145132406E+07
0.6156142317E+07
0.6167130477E+07
0.6178096779E+07
0.6189041138E+07
0.6199963487E+07
0.6210863777E+07
0.6221741973E+07
0.6232598055E+07
0.6243432013E+07
0.6254243848E+07
0.6265033567E+07
0.6275801188E+07
0.6286546729E+07
0.6297270215E+07
0.6307971672E+07
0.6318651129E+07
0.6329308614E+07
0.6339944154E+07
0.6350557773E+07
0.6361149496E+07
0.6371719340E+07
0.6382267322E+07
0.6392793452E+07
0.6403297734E+07
0.6413780169E+07
0.6424240750E+07
0.6434679464E+07
0.6445096292E+07
0.6455491208E+07
0.6465864177E+07
0.6476215160E+07
0.6486544109E+07
0.6496850969E+07
0.6507135679E+07
0.6517398170E+07
0.6527638366E+07
0.6537856185E+07
0.6548051537E+07
0.6558224327E+07
0.6568374453E+07
0.6578501807E+07
0.6588606275E+07
0.6598687738E+07
0.6608746071E+07
0.6618781145E+07
0.6628792826E+07
0.6638780974E+07
0.6648745447E+07
0.6658686098E+07
0.6668602778E+07
0.6678495331E+07
0.6688363603E+07
0.6698207433E+07
0.6708026661E+07
0.6717821123E+07
0.6727590653E+07
0.6737335085E+07
0.6747054251E+07
0.6756747982E+07
0.6766416109E+07
0.6776058462E+07
0.6785674870E+07
0.6795265163E+07
0.6804829173E+07
0.6814366730E+07
0.6823877665E+07
0.6833361811E+07
0.6842819003E+07
0.6852249076E+07
0.6861651865E+07
0.6871027211E+07
0.6880374954E+07
0.6889694936E+07
0.6898987003E+07
0.6908251001E+07
0.6917486781E+07
0.6926694196E+07
0.6935873100E+07
0.6945023351E+07
0.6954144812E+07
0.6963237347E+07
0.6972300822E+07
0.6981335109E+07
0.6990340082E+07
0.6999315619E+07
0.7008261601E+07
0.7017177912E+07
0.7026064441E+07
0.7034921079E+07
0.7043747723E+07
0.7052544271E+07
0.7061310627E+07
0.7070046698E+07
0.7078752394E+07
0.7087427630E+07
0.7096072324E+07
0.7104686398E+07
0.7113269778E+07
0.7121822395E+07
0.7130344181E+07
0.7138835074E+07
0.7147295016E+07
0.7155723952E+07
0.7164121830E+07
0.7172488603E+07
0.7180824228E+07
0.7189128664E+07
0.7197401875E+07
0.7205643829E+07
0.7213854496E+07
0.7222033852E+07
0.7230181874E+07
0.7238298543E+07
0.7246383846E+07
0.7254437770E+07
0.7262460307E+07
0.7270451452E+07
0.7278411205E+07
0.7286339566E+07
0.7294236540E+07
0.7302102136E+07
0.7309936365E+07
0.7317739241E+07
0.7325510781E+07
0.7333251006E+07
0.7340959938E+07
0.7348637603E+07
0.7356284029E+07
0.7363899250E+07
0.7371483297E+07
0.7379036209E+07
0.7386558024E+07
0.7394048785E+07
0.7401508535E+07
0.7408937321E+07
0.7416335193E+07
0.7423702202E+07
0.7431038401E+07
0.7438343846E+07
0.7445618596E+07
0.7452862711E+07
0.7460076253E+07
0.7467259286E+07
0.7474411876E+07
0.7481534092E+07
0.7488626003E+07
0.7495687681E+07
0.7502719201E+07
0.7509720636E+07
0.7516692064E+07
0.7523633564E+07
0.7530545215E+07
0.7537427100E+07
0.7544279301E+07
0.7551101903E+07
0.7557894993E+07
0.7564658656E+07
0.7571392983E+07
0.7578098062E+07
0.7584773986E+07
0.7591420846E+07
0.7598038736E+07
0.7604627750E+07
0.7611187984E+07
0.7617719535E+07
0.7624222500E+07
0.7630696979E+07
0.7637143069E+07
0.7643560873E+07
0.7649950491E+07
0.7656312025E+07
0.7662645579E+07
0.7668951255E+07
0.7675229158E+07
0.7681479393E+07
0.7687702066E+07
0.7693897282E+07
0.7700065150E+07
0.7706205775E+07
0.7712319267E+07
0.7718405733E+07
0.7724465283E+07
0.7730498025E+07
0.7736504070E+07
0.7742483528E+07
0.7748436509E+07
0.7754363124E+07
0.7760263485E+07
0.7766137702E+07
0.7771985889E+07
0.7777808156E+07
0.7783604616E+07
0.7789375381E+07
0.7795120564E+07
0.7800840279E+07
0.7806534637E+07
0.7812203752E+07
0.7817847737E+07
0.7823466706E+07
0.7829060771E+07
0.7834630046E+07
0.7840174645E+07
0.7845694681E+07
0.7851190268E+07
0.7856661518E+07
0.7862108545E+07
0.7867531463E+07
0.7872930385E+07
0.7878305424E+07
0.7883656694E+07
0.7888984306E+07
0.7894288375E+07
0.7899569012E+07
0.7904826331E+07
0.7910060444E+07
0.7915271463E+07
0.7920459500E+07
0.7925624668E+07
0.7930767078E+07
0.7935886842E+07
0.7940984070E+07
0.7946058874E+07
0.7951111365E+07
0.7956141654E+07
0.7961149850E+07
0.7966136063E+07
0.7971100405E+07
0.7976042983E+07
0.7980963908E+07
0.7985863287E+07
0.7990741230E+07
0.7995597846E+07
0.8000433241E+07
0.8005247524E+07
0.8010040801E+07
0.8014813180E+07
0.8019564768E+07
0.8024295671E+07
0.8029005994E+07
0.8033695843E+07
0.8038365323E+07
0.8043014540E+07
0.8047643597E+07
0.8052252598E+07
0.8056841648E+07
0.8061410849E+07
0.8065960304E+07
0.8070490117E+07
0.8075000388E+07
0.8079491219E+07
0.8083962712E+07
0.8088414968E+07
0.8092848087E+07
0.8097262169E+07
0.8101657313E+07
0.8106033619E+07
0.8110391186E+07
0.8114730111E+07
0.8119050493E+07
0.8123352430E+07
0.8127636017E+07
0.8131901352E+07
0.8136148531E+07
0.8140377649E+07
0.8144588803E+07
0.8148782086E+07
0.8152957593E+07
0.8157115417E+07
0.8161255654E+07
0.8165378395E+07
0.8169483733E+07
0.8173571760E+07
0.8177642568E+07
0.8181696248E+07
0.8185732892E+07
0.8189752588E+07
0.8193755428E+07
0.8197741501E+07
0.8201710895E+07
0.8205663700E+07
0.8209600003E+07
0.8213519893E+07
0.8217423455E+07
0.8221310778E+07
0.8225181947E+07
0.8229037048E+07
0.8232876167E+07
0.8236699388E+07
0.8240506797E+07
0.8244298477E+07
0.8248074511E+07
0.8251834984E+07
0.8255579978E+07
0.8259309574E+07
0.8263023856E+07
0.8266722904E+07
0.8270406799E+07
0.8274075623E+07
0.8277729454E+07
0.8281368373E+07
0.8284992458E+07
0.8288601790E+07
0.8292196445E+07
0.8295776503E+07
0.8299342039E+07
0.8302893132E+07
0.8306429859E+07
0.8309952294E+07
0.8313460515E+07
0.8316954596E+07
0.8320434613E+07
0.8323900639E+07
0.8327352750E+07
0.8330791018E+07
0.8334215517E+07
0.8337626320E+07
0.8341023498E+07
0.8344407125E+07
0.8347777272E+07
0.8351134010E+07
0.8354477409E+07
0.8357807540E+07
0.8361124474E+07
0.8364428279E+07
0.8367719025E+07
0.8370996780E+07
0.8374261613E+07
0.8377513592E+07
0.8380752785E+07
0.8383979258E+07
0.8387193079E+07
0.8390394313E+07
0.8393583027E+07
0.8396759287E+07
0.8399923158E+07
0.8403074704E+07
0.8406213990E+07
0.8409341080E+07
0.8412456039E+07
0.8415558928E+07
0.8418649812E+07
0.8421728753E+07
0.8424795813E+07
0.8427851054E+07
0.8430894537E+07
0.8433926324E+07
0.8436946476E+07
0.8439955052E+07
0.8442952114E+07
0.8445937720E+07
0.8448911930E+07
0.8451874803E+07
0.8454826398E+07
0.8457766773E+07
0.8460695986E+07
0.8463614095E+07
0.8466521157E+07
0.8469417228E+07
0.8472302366E+07
0.8475176627E+07
0.8478040067E+07
0.8480892741E+07
0.8483734704E+07
0.8486566012E+07
0.8489386719E+07
0.8492196879E+07
0.8494996547E+07
0.8497785776E+07
0.8500564619E+07
0.8503333129E+07
0.8506091359E+07
0.8508839362E+07
0.8511577189E+07
0.8514304893E+07
0.8517022524E+07
0.8519730134E+07
0.8522427773E+07
0.8525115492E+07
0.8527793342E+07
0.8530461373E+07
0.8533119633E+07
0.8535768172E+07
0.8538407039E+07
0.8541036284E+07
0.8543655954E+07
0.8546266098E+07
0.8548866763E+07
0.8551457997E+07
0.8554039847E+07
0.8556612361E+07
0.8559175585E+07
0.8561729566E+07
0.8564274350E+07
0.8566809982E+07
0.8569336508E+07
0.8571853975E+07
0.8574362426E+07
0.8576861906E+07
0.8579352461E+07
0.8581834134E+07
0.8584306970E+07
0.8586771012E+07
0.8589226304E+07
0.8591672889E+07
0.8594110810E+07
0.8596540110E+07
0.8598960831E+07
0.8601373015E+07
0.8603776705E+07
0.8606171942E+07
0.8608558767E+07
0.8610937223E+07
0.8613307349E+07
0.8615669187E+07
0.8618022777E+07
0.8620368160E+07
0.8622705375E+07
0.8625034462E+07
0.8627355461E+07
0.8629668411E+07
0.8631973351E+07
0.8634270320E+07
0.8636559357E+07
0.8638840500E+07
0.8641113787E+07
0.8643379257E+07
0.8645636946E+07
0.8647886893E+07
0.8650129134E+07
0.8652363708E+07
0.8654590649E+07
0.8656809997E+07
0.8659021785E+07
0.8661226052E+07
0.8663422832E+07
0.8665612163E+07
0.8667794078E+07
0.8669968614E+07
0.8672135805E+07
0.8674295688E+07
0.8676448295E+07
0.8678593663E+07
0.8680731825E+07
0.8682862815E+07
0.8684986667E+07
0.8687103416E+07
0.8689213094E+07
0.8691315736E+07
0.8693411373E+07
0.8695500040E+07
0.8697581768E+07
0.8699656591E+07
0.8701724541E+07
0.8703785649E+07
0.8705839949E+07
0.8707887472E+07
0.8709928249E+07
0.8711962312E+07
0.8713989693E+07
0.8716010422E+07
0.8718024530E+07
0.8720032048E+07
0.8722033007E+07
0.8724027437E+07
0.8726015368E+07
0.8727996831E+07
0.8729971854E+07
0.8731940469E+07
0.8733902704E+07
0.8735858588E+07
0.8737808152E+07
0.8739751423E+07
0.8741688432E+07
0.8743619206E+07
0.8745543773E+07
0.8747462164E+07
0.8749374405E+07
0.8751280524E+07
0.8753180550E+07
0.8755074510E+07
0.8756962433E+07
0.8758844344E+07
0.8760720272E+07
0.8762590244E+07
0.8764454286E+07
0.8766312425E+07
0.8768164689E+07
0.8770011103E+07
0.8771851694E+07
0.8773686487E+07
0.8775515510E+07
0.8777338788E+07
0.8779156347E+07
0.8780968212E+07
0.8782774409E+07
0.8784574963E+07
0.8786369900E+07
0.8788159243E+07
0.8789943019E+07
0.8791721253E+07
0.8793493967E+07
0.8795261188E+07
0.8797022940E+07
0.8798779246E+07
0.8800530131E+07
0.8802275619E+07
0.8804015733E+07
0.8805750498E+07
0.8807479936E+07
0.8809204071E+07
0.8810922927E+07
0.8812636527E+07
0.8814344894E+07
0.8816048050E+07
0.8817746018E+07
0.8819438821E+07
0.8821126482E+07
0.8822809023E+07
0.8824486466E+07
0.8826158834E+07
0.8827826148E+07
0.8829488430E+07
0.8831145703E+07
0.8832797987E+07
0.8834445304E+07
0.8836087677E+07
0.8837725126E+07
0.8839357671E+07
0.8840985336E+07
0.8842608140E+07
0.8844226104E+07
0.8845839249E+07
0.8847447595E+07
0.8849051164E+07
0.8850649976E+07
0.8852244050E+07
0.8853833408E+07
0.8855418068E+07
0.8856998052E+07
0.8858573379E+07
0.8860144069E+07
0.8861710141E+07
0.8863271615E+07
0.8864828510E+07
0.8866380846E+07
0.8867928642E+07
0.8869471917E+07
0.8871010691E+07
0.8872544981E+07
0.8874074808E+07
0.8875600188E+07
0.8877121143E+07
0.8878637689E+07
0.8880149845E+07
0.8881657630E+07
0.8883161061E+07
0.8884660157E+07
0.8886154937E+07
0.8887645417E+07
0.8889131616E+07
0.8890613551E+07
0.8892091241E+07
0.8893564702E+07
0.8895033952E+07
0.8896499009E+07
0.8897959890E+07
0.8899416612E+07
0.8900869192E+07
0.8902317647E+07
0.8903761994E+07
0.8905202251E+07
0.8906638433E+07
0.8908070557E+07
0.8909498640E+07
0.8910922699E+07
0.8912342749E+07
0.8913758808E+07
0.8915170891E+07
0.8916579015E+07
0.8917983195E+07
0.8919383448E+07
0.8920779790E+07
0.8922172236E+07
0.8923560801E+07
0.8924945503E+07
0.8926326356E+07
0.8927703375E+07
0.8929076577E+07
0.8930445977E+07
0.8931811589E+07
0.8933173429E+07
0.8934531512E+07
0.8935885854E+07
0.8937236468E+07
0.8938583370E+07
0.8939926575E+07
0.8941266098E+07
0.8942601952E+07
0.8943934153E+07
0.8945262715E+07
0.8946587653E+07
0.8947908981E+07
0.8949226713E+07
0.8950540863E+07
0.8951851446E+07
0.8953158475E+07
0.8954461965E+07
0.8955761929E+07
0.8957058382E+07
0.8958351336E+07
0.8959640807E+07
0.8960926807E+07
0.8962209350E+07
0.8963488449E+07
0.8964764118E+07
0.8966036371E+07
0.8967305220E+07
0.8968570679E+07
0.8969832761E+07
0.8971091479E+07
0.8972346846E+07
0.8973598876E+07
0.8974847580E+07
0.8976092972E+07
0.8977335065E+07
0.8978573871E+07
0.8979809403E+07
0.8981041674E+07
0.8982270695E+07
0.8983496481E+07
0.8984719042E+07
0.8985938392E+07
0.8987154542E+07
0.8988367505E+07
0.8989577293E+07
0.8990783918E+07
0.8991987392E+07
0.8993187727E+07
0.8994384935E+07
0.8995579028E+07
0.8996770018E+07
0.8997957916E+07
0.8999142735E+07
0.9000324485E+07
0.9001503178E+07
0.9002678827E+07
0.9003851441E+07
0.9005021033E+07
0.9006187615E+07
0.9007351197E+07
0.9008511790E+07
0.9009669406E+07
0.9010824057E+07
0.9011975752E+07
0.9013124503E+07
0.9014270321E+07
0.9015413218E+07
0.9016553203E+07
0.9017690288E+07
0.9018824483E+07
0.9019955799E+07
0.9021084247E+07
0.9022209838E+07
0.9023332581E+07
0.9024452488E+07
0.9025569569E+07
0.9026683834E+07
0.9027795294E+07
0.9028903959E+07
0.9030009839E+07
0.9031112945E+07
0.9032213286E+07
0.9033310873E+07
0.9034405716E+07
0.9035497825E+07
0.9036587210E+07
0.9037673881E+07
0.9038757847E+07
0.9039839118E+07
0.9040917705E+07
0.9041993617E+07
0.9043066864E+07
0.9044137455E+07
0.9045205400E+07
0.9046270708E+07
0.9047333390E+07
0.9048393454E+07
0.9049450910E+07
0.9050505767E+07
0.9051558035E+07
0.9052607723E+07
0.9053654840E+07
0.9054699395E+07
0.9055741398E+07
0.9056780858E+07
0.9057817784E+07
0.9058852184E+07
0.9059884068E+07
0.9060913445E+07
0.9061940324E+07
0.9062964713E+07
0.9063986622E+07
0.9065006059E+07
0.9066023033E+07
0.9067037552E+07
0.9068049626E+07
0.9069059263E+07
0.9070066471E+07
0.9071071260E+07
0.9072073637E+07
0.9073073611E+07
0.9074071190E+07
0.9075066384E+07
0.9076059200E+07
0.9077049646E+07
0.9078037732E+07
0.9079023464E+07
0.9080006852E+07
0.9080987904E+07
0.9081966627E+07
0.9082943029E+07
0.9083917120E+07
0.9084888906E+07
0.9085858397E+07
0.9086825599E+07
0.9087790521E+07
0.9088753170E+07
0.9089713555E+07
0.9090671683E+07
0.9091627562E+07
0.9092581199E+07
0.9093532604E+07
0.9094481782E+07
0.9095428742E+07
0.9096373491E+07
0.9097316038E+07
0.9098256389E+07
0.9099194551E+07
0.9100130534E+07
0.9101064343E+07
0.9101995986E+07
0.9102925471E+07
0.9103852805E+07
0.9104777996E+07
0.9105701050E+07
0.9106621974E+07
0.9107540777E+07
0.9108457465E+07
0.9109372045E+07
0.9110284525E+07
0.9111194911E+07
0.9112103211E+07
0.9113009432E+07
0.9113913580E+07
0.9114815662E+07
0.9115715686E+07
0.9116613659E+07
0.9117509586E+07
0.9118403476E+07
0.9119295335E+07
0.9120185169E+07
0.9121072986E+07
0.9121958792E+07
0.9122842593E+07
0.9123724398E+07
0.9124604211E+07
0.9125482040E+07
0.9126357891E+07
0.9127231772E+07
0.9128103687E+07
0.9128973645E+07
0.9129841650E+07
0.9130707711E+07
0.9131571833E+07
0.9132434022E+07
0.9133294285E+07
0.9134152628E+07
0.9135009058E+07
0.9135863581E+07
0.9136716203E+07
0.9137566930E+07
0.9138415768E+07
0.9139262724E+07
0.9140107804E+07
0.9140951014E+07
0.9141792359E+07
0.9142631847E+07
0.9143469483E+07
0.9144305273E+07
0.9145139222E+07
0.9145971338E+07
0.9146801626E+07
0.9147630091E+07
0.9148456741E+07
0.9149281580E+07
0.9150104614E+07
0.9150925849E+07
0.9151745292E+07
0.9152562947E+07
0.9153378821E+07
0.9154192919E+07
0.9155005247E+07
0.9155815811E+07
0.9156624615E+07
0.9157431667E+07
0.9158236971E+07
0.9159040533E+07
0.9159842359E+07
0.9160642453E+07
0.9161440822E+07
0.9162237472E+07
0.9163032406E+07
0.9163825632E+07
0.9164617154E+07
0.9165406978E+07
0.9166195109E+07
0.9166981552E+07
0.9167766313E+07
0.9168549397E+07
0.9169330810E+07
0.9170110556E+07
0.9170888641E+07
0.9171665070E+07
0.9172439848E+07
0.9173212981E+07
0.9173984473E+07
0.9174754330E+07
0.9175522557E+07
0.9176289159E+07
0.9177054140E+07
0.9177817507E+07
0.9178579264E+07
0.9179339415E+07
0.9180097967E+07
0.9180854924E+07
0.9181610290E+07
0.9182364072E+07
0.9183116273E+07
0.9183866899E+07
0.9184615954E+07
0.9185363444E+07
0.9186109372E+07
0.9186853745E+07
0.9187596567E+07
0.9188337842E+07
0.9189077575E+07
0.9189815771E+07
0.9190552435E+07
0.9191287572E+07
0.9192021185E+07
0.9192753281E+07
0.9193483862E+07
0.9194212935E+07
0.9194940503E+07
0.9195666571E+07
0.9196391144E+07
0.9197114226E+07
0.9197835822E+07
0.9198555937E+07
0.9199274574E+07
0.9199991738E+07
0.9200707434E+07
0.9201421666E+07
0.9202134439E+07
0.9202845756E+07
0.9203555623E+07
0.9204264044E+07
0.9204971023E+07
0.9205676564E+07
0.9206380672E+07
0.9207083350E+07
0.9207784604E+07
0.9208484438E+07
0.9209182855E+07
0.9209879861E+07
0.9210575458E+07
0.9211269652E+07
0.9211962447E+07
0.9212653847E+07
0.9213343855E+07
0.9214032476E+07
0.9214719715E+07
0.9215405575E+07
0.9216090060E+07
0.9216773174E+07
0.9217454923E+07
0.9218135308E+07
0.9218814335E+07
0.9219492008E+07
0.9220168330E+07
0.9220843306E+07
0.9221516939E+07
0.9222189233E+07
0.9222860193E+07
0.9223529823E+07
0.9224198125E+07
0.9224865104E+07
0.9225530764E+07
0.9226195109E+07
0.9226858143E+07
0.9227519869E+07
0.9228180291E+07
0.9228839413E+07
0.9229497239E+07
0.9230153773E+07
0.9230809018E+07
0.9231462978E+07
0.9232115657E+07
0.9232767058E+07
0.9233417185E+07
0.9234066043E+07
0.9234713634E+07
0.9235359962E+07
0.9236005031E+07
0.9236648844E+07
0.9237291405E+07
0.9237932718E+07
0.9238572787E+07
0.9239211614E+07
0.9239849203E+07
0.9240485559E+07
0.9241120684E+07
0.9241754582E+07
0.9242387256E+07
0.9243018710E+07
0.9243648948E+07
0.9244277973E+07
0.9244905788E+07
0.9245532397E+07
0.9246157803E+07
0.9246782010E+07
0.9247405021E+07
0.9248026839E+07
0.9248647468E+07
0.9249266911E+07
0.9249885172E+07
0.9250502254E+07
0.9251118160E+07
0.9251732893E+07
0.9252346457E+07
0.9252958856E+07
0.9253570091E+07
0.9254180168E+07
0.9254789088E+07
0.9255396855E+07
0.9256003473E+07
0.9256608944E+07
0.9257213272E+07
0.9257816460E+07
0.9258418511E+07
0.9259019429E+07
0.9259619216E+07
0.9260217876E+07
0.9260815411E+07
0.9261411825E+07
0.9262007122E+07
0.9262601303E+07
0.9263194373E+07
0.9263786334E+07
0.9264377189E+07
0.9264966942E+07
0.9265555595E+07
0.9266143152E+07
0.9266729615E+07
0.9267314988E+07
0.9267899273E+07
0.9268482474E+07
0.9269064593E+07
0.9269645633E+07
0.9270225599E+07
0.9270804491E+07
0.9271382314E+07
0.9271959070E+07
0.9272534762E+07
0.9273109393E+07
0.9273682966E+07
0.9274255484E+07
0.9274826950E+07
0.9275397366E+07
0.9275966736E+07
0.9276535062E+07
0.9277102347E+07
0.9277668594E+07
0.9278233805E+07
0.9278797985E+07
0.9279361134E+07
0.9279923257E+07
0.9280484355E+07
0.9281044433E+07
0.9281603491E+07
0.9282161534E+07
0.9282718564E+07
0.9283274583E+07
0.9283829595E+07
0.9284383601E+07
0.9284936606E+07
0.9285488610E+07
0.9286039618E+07
0.9286589632E+07
0.9287138654E+07
0.9287686687E+07
0.9288233734E+07
0.9288779797E+07
0.9289324879E+07
0.9289868982E+07
0.9290412110E+07
0.9290954265E+07
0.9291495448E+07
0.9292035664E+07
0.9292574914E+07
0.9293113202E+07
0.9293650529E+07
0.9294186898E+07
0.9294722311E+07
0.9295256772E+07
0.9295790283E+07
0.9296322845E+07
0.9296854463E+07
0.9297385137E+07
0.9297914872E+07
0.9298443668E+07
0.9298971529E+07
0.9299498457E+07
0.9300024455E+07
0.9300549524E+07
0.9301073668E+07
0.9301596888E+07
0.9302119188E+07
0.9302640569E+07
0.9303161035E+07
0.9303680586E+07
0.9304199227E+07
0.9304716958E+07
0.9305233783E+07
0.9305749704E+07
0.9306264723E+07
0.9306778842E+07
0.9307292064E+07
0.9307804392E+07
0.9308315827E+07
0.9308826371E+07
0.9309336028E+07
0.9309844799E+07
0.9310352687E+07
0.9310859694E+07
0.9311365821E+07
0.9311871073E+07
0.9312375450E+07
0.9312878955E+07
0.9313381590E+07
0.9313883357E+07
0.9314384259E+07
0.9314884298E+07
0.9315383476E+07
0.9315881796E+07
0.9316379258E+07
0.9316875867E+07
0.9317371623E+07
0.9317866529E+07
0.9318360587E+07
0.9318853800E+07
0.9319346169E+07
0.9319837696E+07
0.9320328384E+07
0.9320818235E+07
0.9321307251E+07
0.9321795434E+07
0.9322282787E+07
0.9322769310E+07
0.9323255007E+07
0.9323739879E+07
0.9324223929E+07
0.9324707158E+07
0.9325189569E+07
0.9325671164E+07
0.9326151945E+07
0.9326631913E+07
0.9327111071E+07
0.9327589421E+07
0.9328066965E+07
0.9328543705E+07
0.9329019642E+07
0.9329494780E+07
0.9329969119E+07
0.9330442663E+07
0.9330915412E+07
0.9331387369E+07
0.9331858536E+07
0.9332328915E+07
0.9332798508E+07
0.9333267316E+07
0.9333735342E+07
0.9334202587E+07
0.9334669054E+07
0.9335134745E+07
0.9335599660E+07
0.9336063803E+07
0.9336527176E+07
0.9336989779E+07
0.9337451615E+07
0.9337912686E+07
0.9338372994E+07
0.9338832541E+07
0.9339291328E+07
0.9339749357E+07
0.9340206630E+07
0.9340663150E+07
0.9341118918E+07
0.9341573935E+07
0.9342028204E+07
0.9342481726E+07
0.9342934503E+07
0.9343386538E+07
0.9343837831E+07
0.9344288385E+07
0.9344738202E+07
0.9345187283E+07
0.9345635629E+07
0.9346083244E+07
0.9346530128E+07
0.9346976284E+07
0.9347421712E+07
0.9347866416E+07
0.9348310396E+07
0.9348753655E+07
0.9349196194E+07
0.9349638014E+07
0.9350079119E+07
0.9350519508E+07
0.9350959185E+07
0.9351398150E+07
0.9351836406E+07
0.9352273954E+07
0.9352710796E+07
0.9353146933E+07
0.9353582368E+07
0.9354017101E+07
0.9354451136E+07
3
0.1072077816E+08
0.1073161640E+08
0.1074238222E+08
0.1075310465E+08
0.1076380679E+08
0.1077450658E+08
0.1078521768E+08
0.1079595040E+08
0.1080671239E+08
0.1081750925E+08
0.1082834502E+08
0.1083922253E+08
0.1085014367E+08
0.1086110962E+08
0.1087212101E+08
0.1088317803E+08
0.1089428056E+08
0.1090542823E+08
0.1091662044E+08
0.1092785649E+08
0.1093913556E+08
0.1095045672E+08
0.1096181904E+08
0.1097322150E+08
0.1098466311E+08
0.1099614283E+08
0.1100765966E+08
0.1101921259E+08
0.1103080062E+08
0.1104242280E+08
0.1105407818E+08
0.1106576585E+08
0.1107748493E+08
0.1108923457E+08
0.1110101395E+08
0.1111282228E+08
0.1112465882E+08
0.1113652284E+08
0.1114841366E+08
0.1116033062E+08
0.1117227309E+08
0.1118424046E+08
0.1119623217E+08
0.1120824766E+08
0.1122028640E+08
0.1123234788E+08
0.1124443163E+08
0.1125653715E+08
0.1126866400E+08
0.1128081173E+08
0.1129297990E+08
0.1130516809E+08
0.1131737589E+08
0.1132960287E+08
0.1134184862E+08
0.1135411274E+08
0.1136639482E+08
0.1137869444E+08
0.1139101119E+08
0.1140334464E+08
0.1141569437E+08
0.1142805995E+08
0.1144044093E+08
0.1145283686E+08
0.1146524728E+08
0.1147767172E+08
0.1149010968E+08
0.1150256068E+08
0.1151502419E+08
0.1152749971E+08
0.1153998668E+08
0.1155248457E+08
0.1156499281E+08
0.1157751082E+08
0.1159003801E+08
0.1160257378E+08
0.1161511751E+08
0.1162766857E+08
0.1164022633E+08
0.1165279013E+08
0.1166535931E+08
0.1167793319E+08
0.1169051110E+08
0.1170309233E+08
0.1171567620E+08
0.1172826197E+08
0.1174084895E+08
0.1175343641E+08
0.1176602362E+08
0.1177860984E+08
0.1179119433E+08
0.1180377636E+08
0.1181635518E+08
0.1182893004E+08
0.1184150019E+08
0.1185406489E+08
0.1186662339E+08
0.1187917493E+08
0.1189171878E+08
0.1190425419E+08
0.1191678041E+08
0.1192929672E+08
0.1194180238E+08
0.1195429665E+08
0.1196677883E+08
0.1197924818E+08
0.1199170400E+08
0.1200414559E+08
0.1201657225E+08
0.1202898329E+08
0.1204137803E+08
0.1205375581E+08
0.1206611595E+08
0.1207845781E+08
0.1209078075E+08
0.1210308413E+08
0.1211536733E+08
0.1212762973E+08
0.1213987075E+08
0.1215208978E+08
0.1216428626E+08
0.1217645961E+08
0.1218860927E+08
0.1220073472E+08
0.1221283542E+08
0.1222491084E+08
0.1223696048E+08
0.1224898384E+08
0.1226098045E+08
0.1227294984E+08
0.1228489153E+08
0.1229680510E+08
0.1230869010E+08
0.1232054612E+08
0.1233237274E+08
0.1234416958E+08
0.1235593623E+08
0.1236767234E+08
0.1237937754E+08
0.1239105147E+08
0.1240269381E+08
0.1241430423E+08
0.1242588241E+08
0.1243742805E+08
0.1244894086E+08
0.1246042056E+08
0.1247186688E+08
0.1248327955E+08
0.1249465834E+08
0.1250600300E+08
0.1251731331E+08
0.1252858905E+08
0.1253983002E+08
0.1255103600E+08
0.1256220683E+08
0.1257334232E+08
0.1258444230E+08
0.1259550661E+08
0.1260653511E+08
0.1261752765E+08
0.1262848410E+08
0.1263940433E+08
0.1265028823E+08
0.1266113569E+08
0.1267194662E+08
0.1268272091E+08
0.1269345849E+08
0.1270415928E+08
0.1271482320E+08
0.1272545020E+08
0.1273604022E+08
0.1274659322E+08
0.1275710914E+08
0.1276758796E+08
0.1277802964E+08
0.1278843416E+08
0.1279880150E+08
0.1280913166E+08
0.1281942462E+08
0.1282968038E+08
0.1283989895E+08
0.1285008035E+08
0.1286022458E+08
0.1287033166E+08
0.1288040162E+08
0.1289043449E+08
0.1290043030E+08
0.1291038909E+08
0.1292031090E+08
0.1293019578E+08
0.1294004378E+08
0.1294985495E+08
0.1295962935E+08
0.1296936705E+08
0.1297906810E+08
0.1298873258E+08
0.1299836055E+08
0.1300795210E+08
0.1301750729E+08
0.1302702621E+08
0.1303650895E+08
0.1304595559E+08
0.1305536621E+08
0.1306474091E+08
0.1307407979E+08
0.1308338293E+08
0.1309265045E+08
0.1310188243E+08
0.1311107897E+08
0.1312024020E+08
0.1312936620E+08
0.1313845710E+08
0.1314751299E+08
0.1315653399E+08
0.1316552022E+08
0.1317447178E+08
0.1318338880E+08
0.1319227139E+08
0.1320111968E+08
0.1320993377E+08
0.1321871380E+08
0.1322745989E+08
0.1323617215E+08
0.1324485072E+08
0.1325349572E+08
0.1326210727E+08
0.1327068551E+08
0.1327923055E+08
0.1328774254E+08
0.1329622160E+08
0.1330466787E+08
0.1331308146E+08
0.1332146251E+08
0.1332981117E+08
0.1333812755E+08
0.1334641179E+08
0.1335466402E+08
0.1336288439E+08
0.1337107302E+08
0.1337923004E+08
0.1338735559E+08
0.1339544982E+08
0.1340351284E+08
0.1341154480E+08
0.1341954584E+08
0.1342751608E+08
0.1343545567E+08
0.1344336474E+08
0.1345124342E+08
0.1345909185E+08
0.1346691017E+08
0.1347469851E+08
0.1348245702E+08
0.1349018581E+08
0.1349788504E+08
0.1350555482E+08
0.1351319531E+08
0.1352080664E+08
0.1352838893E+08
0.1353594232E+08
0.1354346696E+08
0.1355096296E+08
0.1355843048E+08
0.1356586963E+08
0.1357328055E+08
0.1358066338E+08
0.1358801825E+08
0.1359534529E+08
0.1360264463E+08
0.1360991641E+08
0.1361716075E+08
0.1362437778E+08
0.1363156765E+08
0.1363873047E+08
0.1364586637E+08
0.1365297549E+08
0.1366005796E+08
0.1366711390E+08
0.1367414344E+08
0.1368114670E+08
0.1368812382E+08
0.1369507492E+08
0.1370200013E+08
0.1370889957E+08
0.1371577337E+08
0.1372262165E+08
0.1372944454E+08
0.1373624216E+08
0.1374301463E+08
0.1374976208E+08
0.1375648462E+08
0.1376318238E+08
0.1376985548E+08
0.1377650405E+08
0.1378312819E+08
0.1378972803E+08
0.1379630369E+08
0.1380285529E+08
0.1380938294E+08
0.1381588677E+08
0.1382236688E+08
0.1382882339E+08
0.1383525643E+08
0.1384166610E+08
0.1384805252E+08
0.1385441580E+08
0.1386075606E+08
0.1386707341E+08
0.1387336796E+08
0.1387963982E+08
0.1388588911E+08
0.1389211593E+08
0.1389832039E+08
0.1390450261E+08
0.1391066270E+08
0.1391680075E+08
0.1392291688E+08
0.1392901120E+08
0.1393508380E+08
0.1394113481E+08
0.1394716432E+08
0.1395317244E+08
0.1395915928E+08
0.1396512493E+08
0.1397106950E+08
0.1397699309E+08
0.1398289581E+08
0.1398877775E+08
0.1399463902E+08
0.1400047972E+08
0.1400629995E+08
0.1401209980E+08
0.1401787938E+08
0.1402363879E+08
0.1402937812E+08
0.1403509746E+08
0.1404079693E+08
0.1404647660E+08
0.1405213658E+08
0.1405777697E+08
0.1406339785E+08
0.1406899933E+08
0.1407458149E+08
0.1408014443E+08
0.1408568824E+08
0.1409121301E+08
0.1409671883E+08
0.1410220580E+08
0.1410767401E+08
0.1411312354E+08
0.1411855449E+08
0.1412396693E+08
0.1412936097E+08
0.1413473669E+08
0.1414009418E+08
0.1414543352E+08
0.1415075480E+08
0.1415605811E+08
0.1416134353E+08
0.1416661114E+08
0.1417186104E+08
0.1417709330E+08
0.1418230801E+08
0.1418750525E+08
0.1419268511E+08
0.1419784766E+08
0.1420299298E+08
0.1420812117E+08
0.1421323230E+08
0.1421832644E+08
0.1422340369E+08
0.1422846411E+08
0.1423350779E+08
0.1423853481E+08
0.1424354524E+08
0.1424853916E+08
0.1425351665E+08
0.1425847778E+08
0.1426342264E+08
0.1426835129E+08
0.1427326381E+08
0.1427816028E+08
0.1428304077E+08
0.1428790536E+08
0.1429275411E+08
0.1429758711E+08
0.1430240442E+08
0.1430720612E+08
0.1431199227E+08
0.1431676296E+08
0.1432151825E+08
0.1432625821E+08
0.1433098291E+08
0.1433569243E+08
0.1434038683E+08
0.1434506617E+08
0.1434973054E+08
0.1435437999E+08
0.1435901460E+08
0.1436363444E+08
0.1436823956E+08
0.1437283004E+08
0.1437740595E+08
0.1438196734E+08
0.1438651429E+08
0.1439104686E+08
0.1439556511E+08
0.1440006911E+08
0.1440455893E+08
0.1440903463E+08
0.1441349626E+08
0.1441794390E+08
0.1442237761E+08
0.1442679744E+08
0.1443120347E+08
0.1443559575E+08
0.1443997434E+08
0.1444433931E+08
0.1444869071E+08
0.1445302861E+08
0.1445735307E+08
0.1446166414E+08
0.1446596188E+08
0.1447024636E+08
0.1447451763E+08
0.1447877575E+08
0.1448302078E+08
0.1448725277E+08
0.1449147179E+08
0.1449567789E+08
0.1449987112E+08
0.1450405155E+08
0.1450821923E+08
0.1451237421E+08
0.1451651655E+08
0.1452064631E+08
0.1452476354E+08
0.1452886829E+08
0.1453296062E+08
0.1453704058E+08
0.1454110823E+08
0.1454516362E+08
0.1454920680E+08
0.1455323783E+08
0.1455725676E+08
0.1456126363E+08
0.1456525851E+08
0.1456924144E+08
0.1457321247E+08
0.1457717166E+08
0.1458111905E+08
0.1458505471E+08
0.1458897866E+08
0.1459289098E+08
0.1459679170E+08
0.1460068088E+08
0.1460455856E+08
0.1460842479E+08
0.1461227963E+08
0.1461612312E+08
0.1461995530E+08
0.1462377623E+08
0.1462758596E+08
0.1463138452E+08
0.1463517198E+08
0.1463894837E+08
0.1464271373E+08
0.1464646813E+08
0.1465021160E+08
0.1465394418E+08
0.1465766594E+08
0.1466137690E+08
0.1466507711E+08
0.1466876663E+08
0.1467244548E+08
0.1467611373E+08
0.1467977141E+08
0.1468341856E+08
0.1468705524E+08
0.1469068147E+08
0.1469429732E+08
0.1469790281E+08
0.1470149799E+08
0.1470508291E+08
0.1470865760E+08
0.1471222211E+08
0.1471577648E+08
0.1471932075E+08
0.1472285497E+08
0.1472637916E+08
0.1472989339E+08
0.1473339767E+08
0.1473689207E+08
0.1474037661E+08
0.1474385133E+08
0.1474731628E+08
0.1475077150E+08
0.1475421702E+08
0.1475765289E+08
0.1476107914E+08
0.1476449581E+08
0.1476790294E+08
0.1477130057E+08
0.1477468874E+08
0.1477806748E+08
0.1478143683E+08
0.1478479684E+08
0.1478814753E+08
0.1479148895E+08
0.1479482113E+08
0.1479814411E+08
0.1480145792E+08
0.1480476261E+08
0.1480805820E+08
0.1481134474E+08
0.1481462226E+08
0.1481789080E+08
0.1482115038E+08
0.1482440106E+08
0.1482764285E+08
0.1483087581E+08
0.1483409995E+08
0.1483731532E+08
0.1484052195E+08
0.1484371988E+08
0.1484690914E+08
0.1485008976E+08
0.1485326177E+08
0.1485642522E+08
0.1485958013E+08
0.1486272654E+08
0.1486586448E+08
0.1486899398E+08
0.1487211508E+08
0.1487522780E+08
0.1487833219E+08
0.1488142827E+08
0.1488451608E+08
0.1488759565E+08
0.1489066700E+08
0.1489373017E+08
0.1489678520E+08
0.1489983211E+08
0.1490287094E+08
0.1490590171E+08
0.1490892445E+08
0.1491193921E+08
0.1491494600E+08
0.1491794486E+08
0.1492093582E+08
0.1492391891E+08
0.1492689416E+08
0.1492986159E+08
0.1493282124E+08
0.1493577314E+08
0.1493871732E+08
0.1494165381E+08
0.1494458263E+08
0.1494750381E+08
0.1495041738E+08
0.1495332338E+08
0.1495622183E+08
0.1495911276E+08
0.1496199619E+08
0.1496487216E+08
0.1496774069E+08
0.1497060181E+08
0.1497345555E+08
0.1497630193E+08
0.1497914099E+08
0.1498197275E+08
0.1498479724E+08
0.1498761448E+08
0.1499042450E+08
0.1499322733E+08
0.1499602300E+08
0.1499881153E+08
0.1500159294E+08
0.1500436727E+08
0.1500713455E+08
0.1500989478E+08
0.1501264801E+08
0.1501539426E+08
0.1501813355E+08
0.1502086591E+08
0.1502359137E+08
0.1502630994E+08
0.1502902166E+08
0.1503172655E+08
0.1503442464E+08
0.1503711594E+08
0.1503980049E+08
0.1504247831E+08
0.1504514943E+08
0.1504781386E+08
0.1505047163E+08
0.1505312277E+08
0.1505576729E+08
0.1505840524E+08
0.1506103662E+08
0.1506366146E+08
0.1506627979E+08
0.1506889162E+08
0.1507149699E+08
0.1507409591E+08
0.1507668841E+08
0.1507927452E+08
0.1508185424E+08
0.1508442762E+08
0.1508699466E+08
0.1508955539E+08
0.1509210984E+08
0.1509465803E+08
0.1509719997E+08
0.1509973570E+08
0.1510226523E+08
0.1510478859E+08
0.1510730579E+08
0.1510981686E+08
0.1511232183E+08
0.1511482070E+08
0.1511731351E+08
0.1511980028E+08
0.1512228102E+08
0.1512475576E+08
0.1512722452E+08
0.1512968731E+08
0.1513214417E+08
0.1513459511E+08
0.1513704015E+08
0.1513947932E+08
0.1514191262E+08
0.1514434009E+08
0.1514676175E+08
0.1514917761E+08
0.1515158769E+08
0.1515399202E+08
0.1515639061E+08
0.1515878349E+08
0.1516117067E+08
0.1516355217E+08
0.1516592802E+08
0.1516829823E+08
0.1517066282E+08
0.1517302181E+08
0.1517537523E+08
0.1517772308E+08
0.1518006540E+08
0.1518240219E+08
0.1518473348E+08
0.1518705928E+08
0.1518937962E+08
0.1519169451E+08
0.1519400398E+08
0.1519630803E+08
0.1519860669E+08
0.1520089999E+08
0.1520318792E+08
0.1520547052E+08
0.1520774780E+08
0.1521001978E+08
0.1521228648E+08
0.1521454791E+08
0.1521680410E+08
0.1521905506E+08
0.1522130080E+08
0.1522354135E+08
0.1522577673E+08
0.1522800694E+08
0.1523023202E+08
0.1523245197E+08
0.1523466681E+08
0.1523687656E+08
0.1523908124E+08
0.1524128087E+08
0.1524347545E+08
0.1524566501E+08
0.1524784957E+08
0.1525002913E+08
0.1525220372E+08
0.1525437336E+08
0.1525653806E+08
0.1525869783E+08
0.1526085270E+08
0.1526300267E+08
0.1526514777E+08
0.1526728802E+08
0.1526942342E+08
0.1527155399E+08
0.1527367975E+08
0.1527580072E+08
0.1527791691E+08
0.1528002833E+08
0.1528213501E+08
0.1528423696E+08
0.1528633418E+08
0.1528842671E+08
0.1529051455E+08
0.1529259772E+08
0.1529467623E+08
0.1529675011E+08
0.1529881936E+08
0.1530088399E+08
0.1530294404E+08
0.1530499950E+08
0.1530705039E+08
0.1530909674E+08
0.1531113855E+08
0.1531317584E+08
0.1531520862E+08
0.1531723691E+08
0.1531926072E+08
0.1532128006E+08
0.1532329496E+08
0.1532530542E+08
0.1532731147E+08
0.1532931310E+08
0.1533131035E+08
0.1533330321E+08
0.1533529171E+08
0.1533727586E+08
0.1533925568E+08
0.1534123117E+08
0.1534320235E+08
0.1534516924E+08
0.1534713184E+08
0.1534909018E+08
0.1535104427E+08
0.1535299411E+08
0.1535493972E+08
0.1535688112E+08
0.1535881832E+08
0.1536075133E+08
0.1536268017E+08
0.1536460485E+08
0.1536652538E+08
0.1536844177E+08
0.1537035404E+08
0.1537226220E+08
0.1537416627E+08
0.1537606625E+08
0.1537796216E+08
0.1537985401E+08
0.1538174182E+08
0.1538362560E+08
0.1538550535E+08
0.1538738110E+08
0.1538925285E+08
0.1539112062E+08
0.1539298442E+08
0.1539484426E+08
0.1539670016E+08
0.1539855212E+08
0.1540040016E+08
0.1540224429E+08
0.1540408452E+08
0.1540592087E+08
0.1540775335E+08
0.1540958196E+08
0.1541140673E+08
0.1541322766E+08
0.1541504476E+08
0.1541685805E+08
0.1541866753E+08
0.1542047323E+08
0.1542227514E+08
0.1542407329E+08
0.1542586768E+08
0.1542765833E+08
0.1542944525E+08
0.1543122844E+08
0.1543300792E+08
0.1543478371E+08
0.1543655580E+08
0.1543832422E+08
0.1544008897E+08
0.1544185007E+08
0.1544360753E+08
0.1544536135E+08
0.1544711155E+08
0.1544885814E+08
0.1545060113E+08
0.1545234054E+08
0.1545407636E+08
0.1545580862E+08
0.1545753732E+08
0.1545926247E+08
0.1546098409E+08
0.1546270219E+08
0.1546441677E+08
0.1546612785E+08
0.1546783543E+08
0.1546953953E+08
0.1547124016E+08
0.1547293733E+08
0.1547463105E+08
0.1547632132E+08
0.1547800816E+08
0.1547969159E+08
0.1548137160E+08
0.1548304821E+08
0.1548472143E+08
0.1548639127E+08
0.1548805774E+08
0.1548972085E+08
0.1549138061E+08
0.1549303702E+08
0.1549469011E+08
0.1549633987E+08
0.1549798633E+08
0.1549962948E+08
0.1550126934E+08
0.1550290592E+08
0.1550453922E+08
0.1550616926E+08
0.1550779605E+08
0.1550941959E+08
0.1551103990E+08
0.1551265698E+08
0.1551427085E+08
0.1551588151E+08
0.1551748898E+08
0.1551909325E+08
0.1552069435E+08
0.1552229228E+08
0.1552388704E+08
0.1552547866E+08
0.1552706714E+08
0.1552865248E+08
0.1553023470E+08
0.1553181380E+08
0.1553338980E+08
0.1553496270E+08
0.1553653251E+08
0.1553809924E+08
0.1553966290E+08
0.1554122351E+08
0.1554278105E+08
0.1554433556E+08
0.1554588703E+08
0.1554743547E+08
0.1554898090E+08
0.1555052331E+08
0.1555206273E+08
0.1555359915E+08
0.1555513259E+08
0.1555666306E+08
0.1555819056E+08
0.1555971509E+08
0.1556123668E+08
0.1556275533E+08
0.1556427105E+08
0.1556578384E+08
0.1556729371E+08
0.1556880068E+08
0.1557030474E+08
0.1557180592E+08
0.1557330421E+08
0.1557479962E+08
0.1557629217E+08
0.1557778185E+08
0.1557926869E+08
0.1558075268E+08
0.1558223384E+08
0.1558371217E+08
0.1558518767E+08
0.1558666037E+08
0.1558813026E+08
0.1558959736E+08
0.1559106167E+08
0.1559252320E+08
0.1559398196E+08
0.1559543795E+08
0.1559689118E+08
0.1559834166E+08
0.1559978940E+08
0.1560123441E+08
0.1560267669E+08
0.1560411625E+08
0.1560555310E+08
0.1560698724E+08
0.1560841869E+08
0.1560984745E+08
0.1561127353E+08
0.1561269693E+08
0.1561411766E+08
0.1561553574E+08
0.1561695116E+08
0.1561836393E+08
0.1561977407E+08
0.1562118158E+08
0.1562258646E+08
0.1562398873E+08
0.1562538839E+08
0.1562678544E+08
0.1562817990E+08
0.1562957177E+08
0.1563096106E+08
0.1563234778E+08
0.1563373193E+08
0.1563511352E+08
0.1563649256E+08
0.1563786905E+08
0.1563924300E+08
0.1564061442E+08
0.1564198331E+08
0.1564334969E+08
0.1564471355E+08
0.1564607491E+08
0.1564743377E+08
0.1564879014E+08
0.1565014402E+08
0.1565149543E+08
0.1565284436E+08
0.1565419083E+08
0.1565553484E+08
0.1565687640E+08
0.1565821551E+08
0.1565955219E+08
0.1566088643E+08
0.1566221825E+08
0.1566354764E+08
0.1566487463E+08
0.1566619921E+08
0.1566752139E+08
0.1566884117E+08
0.1567015857E+08
0.1567147359E+08
0.1567278623E+08
0.1567409651E+08
0.1567540442E+08
0.1567670998E+08
0.1567801319E+08
0.1567931406E+08
0.1568061259E+08
0.1568190878E+08
0.1568320266E+08
0.1568449421E+08
0.1568578346E+08
0.1568707039E+08
0.1568835503E+08
0.1568963737E+08
0.1569091742E+08
0.1569219520E+08
0.1569347069E+08
0.1569474392E+08
0.1569601488E+08
0.1569728358E+08
0.1569855003E+08
0.1569981423E+08
0.1570107620E+08
0.1570233592E+08
0.1570359342E+08
0.1570484870E+08
0.1570610176E+08
0.1570735260E+08
0.1570860124E+08
0.1570984768E+08
0.1571109193E+08
0.1571233398E+08
0.1571357386E+08
0.1571481155E+08
0.1571604708E+08
0.1571728043E+08
0.1571851163E+08
0.1571974067E+08
0.1572096756E+08
0.1572219231E+08
0.1572341492E+08
0.1572463540E+08
0.1572585374E+08
0.1572706997E+08
0.1572828408E+08
0.1572949608E+08
0.1573070597E+08
0.1573191376E+08
0.1573311946E+08
0.1573432306E+08
0.1573552458E+08
0.1573672403E+08
0.1573792139E+08
0.1573911669E+08
0.1574030993E+08
0.1574150111E+08
0.1574269024E+08
0.1574387731E+08
0.1574506235E+08
0.1574624535E+08
0.1574742631E+08
0.1574860525E+08
0.1574978217E+08
0.1575095707E+08
0.1575212996E+08
0.1575330084E+08
0.1575446972E+08
0.1575563660E+08
0.1575680149E+08
0.1575796440E+08
0.1575912532E+08
0.1576028427E+08
0.1576144125E+08
0.1576259625E+08
0.1576374930E+08
0.1576490039E+08
0.1576604953E+08
0.1576719672E+08
0.1576834197E+08
0.1576948528E+08
0.1577062666E+08
0.1577176611E+08
0.1577290364E+08
0.1577403925E+08
0.1577517294E+08
0.1577630473E+08
0.1577743462E+08
0.1577856260E+08
0.1577968869E+08
0.1578081289E+08
0.1578193520E+08
0.1578305564E+08
0.1578417420E+08
0.1578529088E+08
0.1578640571E+08
0.1578751866E+08
0.1578862976E+08
0.1578973901E+08
0.1579084641E+08
0.1579195197E+08
0.1579305568E+08
0.1579415757E+08
0.1579525762E+08
0.1579635584E+08
0.1579745225E+08
0.1579854684E+08
0.1579963961E+08
0.1580073058E+08
0.1580181974E+08
0.1580290710E+08
0.1580399267E+08
0.1580507645E+08
0.1580615845E+08
0.1580723866E+08
0.1580831709E+08
0.1580939375E+08
0.1581046864E+08
0.1581154177E+08
0.1581261313E+08
0.1581368274E+08
0.1581475060E+08
0.1581581671E+08
0.1581688108E+08
0.1581794371E+08
0.1581900460E+08
0.1582006376E+08
0.1582112120E+08
0.1582217691E+08
0.1582323091E+08
0.1582428319E+08
0.1582533376E+08
0.1582638262E+08
0.1582742979E+08
0.1582847525E+08
0.1582951902E+08
0.1583056110E+08
0.1583160150E+08
0.1583264021E+08
0.1583367725E+08
0.1583471261E+08
0.1583574630E+08
0.1583677833E+08
0.1583780869E+08
0.1583883740E+08
0.1583986445E+08
0.1584088986E+08
0.1584191362E+08
0.1584293573E+08
0.1584395621E+08
0.1584497505E+08
0.1584599226E+08
0.1584700785E+08
0.1584802181E+08
0.1584903415E+08
0.1585004488E+08
0.1585105399E+08
0.1585206150E+08
0.1585306741E+08
0.1585407171E+08
0.1585507442E+08
0.1585607554E+08
0.1585707506E+08
0.1585807300E+08
0.1585906936E+08
0.1586006415E+08
0.1586105736E+08
0.1586204899E+08
0.1586303906E+08
0.1586402757E+08
0.1586501452E+08
0.1586599991E+08
0.1586698376E+08
0.1586796605E+08
0.1586894679E+08
0.1586992600E+08
0.1587090367E+08
0.1587187980E+08
0.1587285441E+08
0.1587382748E+08
0.1587479903E+08
0.1587576907E+08
0.1587673758E+08
0.1587770458E+08
0.1587867008E+08
0.1587963406E+08
0.1588059655E+08
0.1588155753E+08
0.1588251702E+08
0.1588347502E+08
0.1588443153E+08
0.1588538655E+08
0.1588634009E+08
0.1588729215E+08
0.1588824274E+08
0.1588919185E+08
0.1589013950E+08
0.1589108568E+08
0.1589203040E+08
0.1589297366E+08
0.1589391546E+08
0.1589485582E+08
0.1589579472E+08
0.1589673218E+08
0.1589766820E+08
0.1589860278E+08
0.1589953592E+08
0.1590046763E+08
0.1590139791E+08
0.1590232677E+08
0.1590325421E+08
0.1590418022E+08
0.1590510482E+08
0.1590602801E+08
0.1590694978E+08
0.1590787015E+08
0.1590878912E+08
0.1590970668E+08
0.1591062285E+08
0.1591153763E+08
0.1591245101E+08
0.1591336301E+08
0.1591427362E+08
0.1591518285E+08
0.1591609071E+08
0.1591699719E+08
0.1591790229E+08
0.1591880603E+08
0.1591970840E+08
0.1592060941E+08
0.1592150905E+08
0.1592240734E+08
0.1592330428E+08
0.1592419987E+08
0.1592509411E+08
0.1592598700E+08
0.1592687855E+08
0.1592776876E+08
0.1592865764E+08
0.1592954519E+08
0.1593043140E+08
0.1593131629E+08
0.1593219985E+08
0.1593308209E+08
0.1593396301E+08
0.1593484262E+08
0.1593572092E+08
0.1593659790E+08
0.1593747358E+08
0.1593834796E+08
0.1593922103E+08
0.1594009281E+08
0.1594096329E+08
0.1594183248E+08
0.1594270038E+08
0.1594356699E+08
0.1594443232E+08
0.1594529637E+08
0.1594615914E+08
0.1594702064E+08
0.1594788086E+08
0.1594873981E+08
