# Percentage of O2 Contained in Each Group
9.9944320611e-01
5.5644295474e-04
3.5068879488e-07
2.4973726154e-10
2.0057913853e-13
1.8133986070e-16
1.8419509579e-19
2.0981862816e-22
2.6757828055e-25
3.8144787723e-28
6.0705923217e-31
1.0774241954e-33
2.1309876251e-36
4.6947582785e-39
1.0833658744e-41
5.6285530394e-16
4.6885652073e-19
4.4179512464e-22
4.6982423401e-25
5.6258284889e-28
7.5685664187e-31
1.1435500840e-33
3.6426710309e-39
1.0071221204e-42
9.6364015558e-47
5.3959180653e-51
1.1258796157e-54
2.7011141488e-58
1.0995806545e-61
8.4999916402e-65
9.0804757979e-68
1.5512935389e-70
6.9894913763e-73
2.4001706980e-75
2.7251613830e-77
3.8462886166e-79
1.1097913560e-80
3.4032198497e-82
2.9506550787e-83
1.9357882077e-84
9.1914977121e-85
4.0636694097e-85
1.1285155025e-85
1.2101385932e-85
1.8714678691e-85
