# Percentage of N2 Contained in Each Group
9.9998570608e-01
1.4293685662e-05
2.3353087882e-10
4.3637282969e-15
9.3310950667e-20
2.2845510179e-24
6.4074209116e-29
2.0596454192e-33
7.5916888721e-38
3.2102004563e-42
1.5580876886e-46
8.6845445888e-51
5.5621336652e-55
4.0958500243e-59
3.4701637055e-63
3.3852114933e-67
3.8055582343e-71
4.9346743559e-75
7.3886778642e-79
1.2789644807e-82
2.5627851712e-86
5.9534868875e-90
1.6060347052e-93
5.0403352062e-97
1.8440244652e-100
7.8822882874e-104
3.9462693099e-107
2.3203271296e-110
1.6070465945e-113
1.3153344818e-116
1.2767667562e-119
1.4754740138e-122
2.0385420835e-125
3.3826463041e-128
6.7747014211e-131
1.6464399917e-133
4.8835829467e-136
1.7790246747e-138
8.0130575080e-141
4.4949486446e-143
3.1645788562e-145
2.8192845635e-147
3.2059485376e-149
4.6956387010e-151
8.9409435077e-153
2.2339092371e-154
7.3903165620e-156
3.2643695504e-157
1.9390616968e-158
1.5576327640e-159
1.6986058493e-160
2.5212296018e-161
5.1059786072e-162
1.4118820282e-162
5.2556901397e-163
2.4926320548e-163
1.3600847773e-163
6.9794189861e-164
3.4414544887e-164
1.2954210655e-164
1.9527768105e-165
