#-------------------------------------
#Species file for CIII
#-------------------------------------
NAME = Cpp

#-------------------------------------
#Molecular mass [kg/mol]
MOLAR_MASS = 12.01045e-3

#-------------------------------------
#Number of atoms 
NB_ATOMS = 1

#-------------------------------------
#Chemical elements (symbols and quantities)
ELEM_NAME = em C
ELEM_QUANT = -2 1

#--------------------------------------
#Formation energy [J/mol]
EF = 4150498.8574131411d0

#--------------------------------------
#Electric charge
CHARGE = 2

#--------------------------------------
#Ionization potential [eV]
IP = 47.88778d0

#--------------------------------------
#Thermal model for internal energy (e.g. RR, HO, EL, RR_HO,...)
#RR = Rigid-rotor
#HO = Harmomic oscillator
#EL = Electronic energy computed based on a Boltzmann distribution of electronic levels 
#NONE = pure State-to-State approach for internal energy levels
MODEL = EL

#--------------------------------------
#Electronic levels degeneracies and energies [eV]
NB_ELEC_LEVELS=  133
0.10000000E+01 0.00000000E+00
0.10000000E+01 0.64926880E+01
0.30000000E+01 0.64956250E+01
0.50000000E+01 0.65026130E+01
0.30000000E+01 0.12690036E+02
0.10000000E+01 0.17038615E+02
0.30000000E+01 0.17042173E+02
0.50000000E+01 0.17048076E+02
0.50000000E+01 0.18086335E+02
0.10000000E+01 0.22629581E+02
0.30000000E+01 0.29534648E+02
0.10000000E+01 0.30645206E+02
0.30000000E+01 0.32103388E+02
0.10000000E+01 0.32199384E+02
0.30000000E+01 0.32200087E+02
0.50000000E+01 0.32201709E+02
0.30000000E+01 0.33477076E+02
0.50000000E+01 0.33477212E+02
0.70000000E+01 0.33477561E+02
0.50000000E+01 0.34279505E+02
0.10000000E+01 0.38213985E+02
0.30000000E+01 0.38217994E+02
0.50000000E+01 0.38226472E+02
0.30000000E+01 0.38367799E+02
0.30000000E+01 0.38435885E+02
0.10000000E+01 0.38648541E+02
0.10000000E+01 0.39401466E+02
0.30000000E+01 0.39401745E+02
0.50000000E+01 0.39402339E+02
0.30000000E+01 0.39640271E+02
0.30000000E+01 0.39849923E+02
0.50000000E+01 0.39851836E+02
0.70000000E+01 0.39854726E+02
0.50000000E+01 0.39923368E+02
0.70000000E+01 0.39924099E+02
0.90000000E+01 0.39925140E+02
0.30000000E+01 0.39973026E+02
0.70000000E+01 0.40009951E+02
0.30000000E+01 0.40056428E+02
0.50000000E+01 0.40059463E+02
0.70000000E+01 0.40064294E+02
0.50000000E+01 0.40197225E+02
0.30000000E+01 0.40577334E+02
0.10000000E+01 0.40875777E+02
0.30000000E+01 0.40878392E+02
0.50000000E+01 0.40882992E+02
0.50000000E+01 0.41248461E+02
0.50000000E+01 0.41301394E+02
0.50000000E+01 0.41334721E+02
0.70000000E+01 0.41337763E+02
0.90000000E+01 0.41342188E+02
0.30000000E+01 0.41864006E+02
0.50000000E+01 0.41865606E+02
0.70000000E+01 0.41867981E+02
0.10000000E+01 0.41970428E+02
0.30000000E+01 0.42146533E+02
0.50000000E+01 0.42167254E+02
0.30000000E+01 0.42170439E+02
0.10000000E+01 0.42172212E+02
0.70000000E+01 0.42324602E+02
0.30000000E+01 0.42558571E+02
0.50000000E+01 0.42679450E+02
0.30000000E+01 0.42679860E+02
0.10000000E+01 0.42680156E+02
0.10000000E+01 0.42786380E+02
0.30000000E+01 0.42836115E+02
0.50000000E+01 0.42836134E+02
0.70000000E+01 0.42836187E+02
0.70000000E+01 0.42970345E+02
0.90000000E+01 0.42970345E+02
0.90000000E+01 0.42970358E+02
0.11000000E+02 0.42970380E+02
0.50000000E+01 0.42980156E+02
0.30000000E+01 0.42986900E+02
0.50000000E+01 0.43041348E+02
0.70000000E+01 0.43041518E+02
0.90000000E+01 0.43041785E+02
0.70000000E+01 0.43253126E+02
0.30000000E+01 0.43996788E+02
0.10000000E+01 0.44268481E+02
0.30000000E+01 0.44268579E+02
0.50000000E+01 0.44268710E+02
0.30000000E+01 0.44275957E+02
0.30000000E+01 0.44398466E+02
0.50000000E+01 0.44398466E+02
0.70000000E+01 0.44398466E+02
0.90000000E+01 0.44472162E+02
0.70000000E+01 0.44472160E+02
0.90000000E+01 0.44472160E+02
0.11000000E+02 0.44472190E+02
0.50000000E+01 0.44477214E+02
0.11000000E+02 0.44482590E+02
0.90000000E+01 0.44482590E+02
0.11000000E+02 0.44482590E+02
0.13000000E+02 0.44482590E+02
0.50000000E+01 0.44491732E+02
0.70000000E+01 0.44491769E+02
0.90000000E+01 0.44491821E+02
0.70000000E+01 0.44525447E+02
0.30000000E+01 0.45082300E+02
0.30000000E+01 0.45241300E+02
0.30000000E+01 0.45333300E+02
0.50000000E+01 0.45333300E+02
0.70000000E+01 0.45333300E+02
0.70000000E+01 0.45378020E+02
0.90000000E+01 0.45378020E+02
0.11000000E+02 0.45378020E+02
0.50000000E+01 0.45381700E+02
0.50000000E+01 0.45386770E+02
0.70000000E+01 0.45386770E+02
0.90000000E+01 0.45386770E+02
0.30000000E+01 0.45865000E+02
0.30000000E+01 0.45936000E+02
0.50000000E+01 0.45936000E+02
0.70000000E+01 0.45936000E+02
0.30000000E+01 0.46348800E+02
0.50000000E+01 0.46348800E+02
0.70000000E+01 0.46348800E+02
0.10000000E+01 0.46652540E+02
0.30000000E+01 0.46655150E+02
0.50000000E+01 0.46668100E+02
0.30000000E+01 0.47251050E+02
0.30000000E+01 0.47356000E+02
0.50000000E+01 0.47358400E+02
0.70000000E+01 0.47363000E+02
0.10000000E+01 0.47652700E+02
0.30000000E+01 0.47655200E+02
0.50000000E+01 0.47660190E+02
0.50000000E+01 0.47813030E+02
0.50000000E+01 0.47835240E+02
0.50000000E+01 0.47836300E+02
0.70000000E+01 0.47836300E+02
0.90000000E+01 0.47836300E+02
