#-------------------------------------
#Species file for NIII
#-------------------------------------
NAME = Npp

#-------------------------------------
#Molecular mass [kg/mol]
MOLAR_MASS = 14.00615d-3

#-------------------------------------
#Number of atoms 
NB_ATOMS = 1

#-------------------------------------
#Chemical elements (symbols and quantities)
ELEM_NAME = em N
ELEM_QUANT = -2 1

#--------------------------------------
#Formation energy [J/mol^-1]
EF = 4729270.1100435471d0  

#--------------------------------------
#Electric charge
CHARGE = 2

#--------------------------------------
#Nuclear charge (or atomic number)
NUCLEAR_CHARGE = 7

#--------------------------------------
#Ionization potential [eV]
IP = 47.4453d0

#--------------------------------------
#Thermal model for internal energy (e.g. RR, HO, EL, RR_HO,...,)
#RR = Rigid-rotor
#HO = Harmomic oscillator
#EL = Electronic energy computed based on a Boltzmann distribution electronic levels 
#NONE = pure State-to-State approach for internal energy levels
MODEL = EL

#--------------------------------------
#Electronic levels degeneracies and energies [eV]
NB_ELEC_LEVELS=  128
0.20000000E+01 0.00000000E+00
0.40000000E+01 0.21620000E-01
0.20000000E+01 0.70903000E+01
0.40000000E+01 0.70977000E+01
0.60000000E+01 0.71077500E+01
0.60000000E+01 0.12525370E+02
0.40000000E+01 0.12526200E+02
0.20000000E+01 0.16242460E+02
0.20000000E+01 0.18086280E+02
0.40000000E+01 0.18099930E+02
0.40000000E+01 0.23159890E+02
0.60000000E+01 0.25178040E+02
0.40000000E+01 0.25179810E+02
0.20000000E+01 0.27437980E+02
0.20000000E+01 0.28566490E+02
0.40000000E+01 0.28567030E+02
0.20000000E+01 0.30458630E+02
0.40000000E+01 0.30463080E+02
0.40000000E+01 0.33133340E+02
0.60000000E+01 0.33134030E+02
0.20000000E+01 0.35649100E+02
0.40000000E+01 0.35656800E+02
0.60000000E+01 0.35671110E+02
0.20000000E+01 0.36842050E+02
0.40000000E+01 0.36856090E+02
0.20000000E+01 0.37329480E+02
0.20000000E+01 0.38327380E+02
0.40000000E+01 0.38334080E+02
0.20000000E+01 0.38392480E+02
0.40000000E+01 0.38396890E+02
0.60000000E+01 0.38404540E+02
0.80000000E+01 0.38416480E+02
0.20000000E+01 0.38644670E+02
0.40000000E+01 0.38647760E+02
0.40000000E+01 0.38957980E+02
0.20000000E+01 0.39339390E+02
0.40000000E+01 0.39344670E+02
0.60000000E+01 0.39351990E+02
0.40000000E+01 0.39395690E+02
0.60000000E+01 0.39399640E+02
0.60000000E+01 0.39710550E+02
0.80000000E+01 0.39710690E+02
0.40000000E+01 0.39796220E+02
0.60000000E+01 0.39807210E+02
0.20000000E+01 0.40550020E+02
0.40000000E+01 0.40943560E+02
0.60000000E+01 0.40947830E+02
0.80000000E+01 0.40954270E+02
0.10000000E+02 0.40963130E+02
0.20000000E+01 0.41260860E+02
0.40000000E+01 0.41262490E+02
0.60000000E+01 0.41265160E+02
0.80000000E+01 0.41268640E+02
0.20000000E+01 0.41375010E+02
0.40000000E+01 0.41477700E+02
0.60000000E+01 0.41481180E+02
0.60000000E+01 0.41684340E+02
0.40000000E+01 0.41691120E+02
0.20000000E+01 0.41695460E+02
0.20000000E+01 0.41925740E+02
0.40000000E+01 0.41926760E+02
0.60000000E+01 0.42122960E+02
0.80000000E+01 0.42136710E+02
0.40000000E+01 0.42396110E+02
0.60000000E+01 0.42396250E+02
0.40000000E+01 0.42488330E+02
0.60000000E+01 0.42495480E+02
0.80000000E+01 0.42495600E+02
0.20000000E+01 0.42497130E+02
0.80000000E+01 0.42541100E+02
0.10000000E+02 0.42541100E+02
0.20000000E+01 0.43372750E+02
0.20000000E+01 0.43821050E+02
0.40000000E+01 0.43821280E+02
0.40000000E+01 0.43956180E+02
0.60000000E+01 0.43956180E+02
0.60000000E+01 0.44008700E+02
0.80000000E+01 0.44008700E+02
0.80000000E+01 0.44041210E+02
0.10000000E+02 0.44041210E+02
0.10000000E+02 0.44045990E+02
0.12000000E+02 0.44045990E+02
0.20000000E+01 0.44528690E+02
0.40000000E+01 0.44890500E+02
0.60000000E+01 0.44890500E+02
0.60000000E+01 0.44922070E+02
0.80000000E+01 0.44922070E+02
0.80000000E+01 0.44945700E+02
0.10000000E+02 0.44945700E+02
0.10000000E+02 0.44948880E+02
0.12000000E+02 0.44948880E+02
0.20000000E+01 0.45253510E+02
0.40000000E+01 0.45494800E+02
0.60000000E+01 0.45494800E+02
0.20000000E+01 0.45689960E+02
0.40000000E+01 0.45697880E+02
0.60000000E+01 0.45712510E+02
0.20000000E+01 0.45737000E+02
0.40000000E+01 0.45907500E+02
0.60000000E+01 0.45907500E+02
0.20000000E+01 0.45919400E+02
0.20000000E+01 0.46078340E+02
0.40000000E+01 0.46202800E+02
0.60000000E+01 0.46202800E+02
0.40000000E+01 0.46289020E+02
0.60000000E+01 0.46292690E+02
0.20000000E+01 0.46321190E+02
0.40000000E+01 0.46423000E+02
0.60000000E+01 0.46423000E+02
0.20000000E+01 0.46462630E+02
0.40000000E+01 0.46469870E+02
0.20000000E+01 0.46503450E+02
0.40000000E+01 0.46587600E+02
0.60000000E+01 0.46587600E+02
0.20000000E+01 0.46636090E+02
0.20000000E+01 0.46711100E+02
0.40000000E+01 0.46716710E+02
0.60000000E+01 0.46724290E+02
0.80000000E+01 0.46735250E+02
0.20000000E+01 0.46748350E+02
0.20000000E+01 0.46813690E+02
0.40000000E+01 0.46817830E+02
0.40000000E+01 0.46919690E+02
0.20000000E+01 0.47027220E+02
0.40000000E+01 0.47032760E+02
0.60000000E+01 0.47039310E+02
0.40000000E+01 0.47289000E+02
0.60000000E+01 0.47301810E+02
