#-------------------------------------
#Species file for NIV
#-------------------------------------
NAME = Nppp

#-------------------------------------
#Molecular mass [kg/mol]
MOLAR_MASS = 14.00615d-3

#-------------------------------------
#Number of atoms 
NB_ATOMS = 1

#-------------------------------------
#Chemical elements (symbols and quantities)
ELEM_NAME = em N
ELEM_QUANT = -3 1

#--------------------------------------
#Formation energy [J/mol^-1]
EF = 9307083.5988284890d0

#--------------------------------------
#Electric charge
CHARGE = 3

#--------------------------------------
#Nuclear charge (or atomic number)
NUCLEAR_CHARGE = 7

#--------------------------------------
#Ionization potential [eV]
IP = 77.4735d0

#--------------------------------------
#Thermal model for internal energy (e.g. RR, HO, EL, RR_HO,...,)
#RR = Rigid-rotor
#HO = Harmomic oscillator
#EL = Electronic energy computed based on a Boltzmann distribution electronic levels 
#NONE = pure State-to-State approach for internal energy levels
MODEL = EL

#--------------------------------------
#Electronic levels degeneracies and energies [eV]
NB_ELEC_LEVELS=  167
0.10000000E+01 0.00000000E+00
0.10000000E+01 0.83328800E+01
0.30000000E+01 0.83407000E+01
0.50000000E+01 0.83585600E+01
0.30000000E+01 0.16203980E+02
0.10000000E+01 0.21763620E+02
0.30000000E+01 0.21772630E+02
0.50000000E+01 0.21788100E+02
0.50000000E+01 0.23418450E+02
0.10000000E+01 0.29182070E+02
0.30000000E+01 0.46777350E+02
0.10000000E+01 0.48211830E+02
0.30000000E+01 0.50154390E+02
0.10000000E+01 0.50334060E+02
0.30000000E+01 0.50336030E+02
0.50000000E+01 0.50340410E+02
0.30000000E+01 0.52079040E+02
0.50000000E+01 0.52079510E+02
0.70000000E+01 0.52080550E+02
0.50000000E+01 0.53209010E+02
0.10000000E+01 0.57688830E+02
0.30000000E+01 0.57698650E+02
0.50000000E+01 0.57719180E+02
0.30000000E+01 0.58648160E+02
0.30000000E+01 0.59622040E+02
0.30000000E+01 0.60070120E+02
0.50000000E+01 0.60082110E+02
0.70000000E+01 0.60100870E+02
0.30000000E+01 0.60455610E+02
0.10000000E+01 0.61279570E+02
0.30000000E+01 0.61286530E+02
0.50000000E+01 0.61298040E+02
0.50000000E+01 0.61422540E+02
0.70000000E+01 0.61432010E+02
0.90000000E+01 0.61444800E+02
0.30000000E+01 0.61749770E+02
0.50000000E+01 0.61782600E+02
0.50000000E+01 0.61955630E+02
0.50000000E+01 0.62448410E+02
0.30000000E+01 0.62449840E+02
0.10000000E+01 0.62450820E+02
0.30000000E+01 0.62680710E+02
0.50000000E+01 0.62684950E+02
0.70000000E+01 0.62690200E+02
0.70000000E+01 0.62771310E+02
0.30000000E+01 0.62863450E+02
0.30000000E+01 0.63410000E+02
0.50000000E+01 0.63411200E+02
0.70000000E+01 0.63411470E+02
0.50000000E+01 0.63419070E+02
0.30000000E+01 0.63425410E+02
0.10000000E+01 0.63429220E+02
0.50000000E+01 0.63808180E+02
0.10000000E+01 0.63922510E+02
0.50000000E+01 0.64044360E+02
0.70000000E+01 0.64045380E+02
0.90000000E+01 0.64046760E+02
0.30000000E+01 0.64299510E+02
0.70000000E+01 0.64702740E+02
0.30000000E+01 0.67548250E+02
0.10000000E+01 0.67786040E+02
0.30000000E+01 0.68220150E+02
0.30000000E+01 0.68537170E+02
0.50000000E+01 0.68537170E+02
0.70000000E+01 0.68537340E+02
0.50000000E+01 0.68724530E+02
0.90000000E+01 0.68729290E+02
0.70000000E+01 0.68729360E+02
0.90000000E+01 0.68729360E+02
0.11000000E+02 0.68729360E+02
0.50000000E+01 0.68758140E+02
0.70000000E+01 0.68758140E+02
0.90000000E+01 0.68758140E+02
0.70000000E+01 0.68810700E+02
0.30000000E+01 0.70718270E+02
0.10000000E+01 0.70816310E+02
0.30000000E+01 0.71009610E+02
0.30000000E+01 0.71294700E+02
0.90000000E+01 0.71391080E+02
0.70000000E+01 0.71391270E+02
0.90000000E+01 0.71391270E+02
0.11000000E+02 0.71391270E+02
0.50000000E+01 0.71399080E+02
0.70000000E+01 0.71414810E+02
0.11000000E+02 0.71420220E+02
0.90000000E+01 0.71420220E+02
0.11000000E+02 0.71420220E+02
0.13000000E+02 0.71420220E+02
0.10000000E+01 0.71657630E+02
0.30000000E+01 0.71668490E+02
0.50000000E+01 0.71688980E+02
0.30000000E+01 0.72012190E+02
0.30000000E+01 0.72488800E+02
0.30000000E+01 0.72527920E+02
0.10000000E+01 0.72528680E+02
0.30000000E+01 0.72618720E+02
0.50000000E+01 0.72629710E+02
0.70000000E+01 0.72646040E+02
0.30000000E+01 0.72900150E+02
0.30000000E+01 0.72950140E+02
0.50000000E+01 0.72950140E+02
0.70000000E+01 0.72950140E+02
0.50000000E+01 0.72988130E+02
0.10000000E+01 0.73000670E+02
0.50000000E+01 0.73012310E+02
0.30000000E+01 0.73025600E+02
0.11000000E+02 0.73025990E+02
0.90000000E+01 0.73025990E+02
0.11000000E+02 0.73025990E+02
0.13000000E+02 0.73025990E+02
0.13000000E+02 0.73029350E+02
0.11000000E+02 0.73029350E+02
0.13000000E+02 0.73029350E+02
0.15000000E+02 0.73029350E+02
0.50000000E+01 0.73034040E+02
0.70000000E+01 0.73280590E+02
0.50000000E+01 0.73282210E+02
0.30000000E+01 0.73608180E+02
0.50000000E+01 0.73611120E+02
0.70000000E+01 0.73618360E+02
0.10000000E+01 0.73669250E+02
0.50000000E+01 0.73707350E+02
0.30000000E+01 0.73714520E+02
0.10000000E+01 0.73717760E+02
0.30000000E+01 0.73807330E+02
0.10000000E+01 0.73913190E+02
0.30000000E+01 0.73928170E+02
0.30000000E+01 0.74021890E+02
0.50000000E+01 0.74021890E+02
0.70000000E+01 0.74021890E+02
0.50000000E+01 0.74061850E+02
0.30000000E+01 0.74078280E+02
0.30000000E+01 0.74209280E+02
0.30000000E+01 0.74591560E+02
0.30000000E+01 0.74714030E+02
0.30000000E+01 0.74745820E+02
0.50000000E+01 0.74745820E+02
0.70000000E+01 0.74745820E+02
0.50000000E+01 0.74775770E+02
0.30000000E+01 0.75152100E+02
0.30000000E+01 0.75235870E+02
0.30000000E+01 0.75266370E+02
0.50000000E+01 0.75266370E+02
0.70000000E+01 0.75266370E+02
0.50000000E+01 0.75288520E+02
0.30000000E+01 0.75564130E+02
0.30000000E+01 0.75623640E+02
0.30000000E+01 0.75650940E+02
0.50000000E+01 0.75650940E+02
0.70000000E+01 0.75650940E+02
0.50000000E+01 0.75665970E+02
0.30000000E+01 0.75919070E+02
0.30000000E+01 0.75943430E+02
0.50000000E+01 0.75943430E+02
0.70000000E+01 0.75943430E+02
0.50000000E+01 0.75955400E+02
0.30000000E+01 0.76149890E+02
0.30000000E+01 0.76173490E+02
0.50000000E+01 0.76173490E+02
0.70000000E+01 0.76173490E+02
0.50000000E+01 0.76184630E+02
0.30000000E+01 0.76361170E+02
0.50000000E+01 0.76361170E+02
0.70000000E+01 0.76361170E+02
0.30000000E+01 0.76503050E+02
0.50000000E+01 0.76503050E+02
0.70000000E+01 0.76503050E+02
