#-------------------------------------
#Species file for Oppppppp
#-------------------------------------
NAME = Oppppppp

#-------------------------------------
#Molecular mass [kg/mol]
MOLAR_MASS = 15.99885d-3

#-------------------------------------
#Number of atoms 
NB_ATOMS = 1

#-------------------------------------
#Chemical elements (symbols and quantities)
ELEM_NAME = em O
ELEM_QUANT = -7 1

#--------------------------------------
#Formation energy [J/mol]
EF = 113370314.17974423d0

#--------------------------------------
#Electric charge
CHARGE = 7

#--------------------------------------
#Nuclear charge (or atomic number)
NUCLEAR_CHARGE = 8

#--------------------------------------
#Ionization potential [eV]
IP = 871.40988d0

#--------------------------------------
#Thermal model for internal energy (e.g. RR, HO, EL, RR_HO,...)
#RR = Rigid-rotor
#HO = Harmomic oscillator
#EL = Electronic energy computed based on a Boltzmann distribution of electronic levels 
#NONE = pure State-to-State approach for internal energy levels
MODEL = EL

#--------------------------------------
#Electronic levels degeneracies and energies [eV]
NB_ELEC_LEVELS=  135
0.20000000E+01 0.00000000E+00
0.20000000E+01 0.65349366E+03
0.20000000E+01 0.65350278E+03
0.40000000E+01 0.65367995E+03
0.20000000E+01 0.77457884E+03
0.20000000E+01 0.77458157E+03
0.40000000E+01 0.77463395E+03
0.40000000E+01 0.77463404E+03
0.60000000E+01 0.77465232E+03
0.20000000E+01 0.81695108E+03
0.20000000E+01 0.81695224E+03
0.40000000E+01 0.81697433E+03
0.40000000E+01 0.81697437E+03
0.60000000E+01 0.81698207E+03
0.60000000E+01 0.81698208E+03
0.80000000E+01 0.81698594E+03
0.20000000E+01 0.83656014E+03
0.20000000E+01 0.83656073E+03
0.40000000E+01 0.83657204E+03
0.40000000E+01 0.83657206E+03
0.60000000E+01 0.83657600E+03
0.60000000E+01 0.83657601E+03
0.80000000E+01 0.83657798E+03
0.80000000E+01 0.83657799E+03
0.10000000E+02 0.83657917E+03
0.20000000E+01 0.84721063E+03
0.20000000E+01 0.84721097E+03
0.40000000E+01 0.84721751E+03
0.40000000E+01 0.84721753E+03
0.60000000E+01 0.84721981E+03
0.60000000E+01 0.84721981E+03
0.80000000E+01 0.84722095E+03
0.80000000E+01 0.84722095E+03
0.10000000E+02 0.84722164E+03
0.10000000E+02 0.84722164E+03
0.12000000E+02 0.84722210E+03
0.20000000E+01 0.85363191E+03
0.20000000E+01 0.85363212E+03
0.40000000E+01 0.85363625E+03
0.40000000E+01 0.85363625E+03
0.60000000E+01 0.85363769E+03
0.60000000E+01 0.85363769E+03
0.80000000E+01 0.85363841E+03
0.80000000E+01 0.85363841E+03
0.10000000E+02 0.85363884E+03
0.10000000E+02 0.85363884E+03
0.12000000E+02 0.85363913E+03
0.12000000E+02 0.85363913E+03
0.14000000E+02 0.85363934E+03
0.20000000E+01 0.85779925E+03
0.20000000E+01 0.85779940E+03
0.40000000E+01 0.85780216E+03
0.40000000E+01 0.85780216E+03
0.60000000E+01 0.85780312E+03
0.60000000E+01 0.85780313E+03
0.80000000E+01 0.85780361E+03
0.80000000E+01 0.85780361E+03
0.10000000E+02 0.85780390E+03
0.10000000E+02 0.85780390E+03
0.12000000E+02 0.85780409E+03
0.12000000E+02 0.85780409E+03
0.14000000E+02 0.85780423E+03
0.14000000E+02 0.85780423E+03
0.16000000E+02 0.85780433E+03
0.20000000E+01 0.86065619E+03
0.20000000E+01 0.86065630E+03
0.40000000E+01 0.86065823E+03
0.40000000E+01 0.86065824E+03
0.60000000E+01 0.86065891E+03
0.60000000E+01 0.86065891E+03
0.80000000E+01 0.86065925E+03
0.80000000E+01 0.86065925E+03
0.10000000E+02 0.86065946E+03
0.10000000E+02 0.86065946E+03
0.12000000E+02 0.86065959E+03
0.12000000E+02 0.86065959E+03
0.14000000E+02 0.86065969E+03
0.14000000E+02 0.86065969E+03
0.16000000E+02 0.86065976E+03
0.16000000E+02 0.86065976E+03
0.18000000E+02 0.86065982E+03
0.20000000E+01 0.86269965E+03
0.20000000E+01 0.86269972E+03
0.40000000E+01 0.86270113E+03
0.40000000E+01 0.86270114E+03
0.60000000E+01 0.86270163E+03
0.60000000E+01 0.86270163E+03
0.80000000E+01 0.86270187E+03
0.80000000E+01 0.86270187E+03
0.10000000E+02 0.86270202E+03
0.10000000E+02 0.86270202E+03
0.12000000E+02 0.86270212E+03
0.12000000E+02 0.86270212E+03
0.14000000E+02 0.86270219E+03
0.14000000E+02 0.86270219E+03
0.16000000E+02 0.86270225E+03
0.16000000E+02 0.86270225E+03
0.18000000E+02 0.86270229E+03
0.18000000E+02 0.86270229E+03
0.20000000E+01 0.86421151E+03
0.20000000E+01 0.86421156E+03
0.40000000E+01 0.86421262E+03
0.40000000E+01 0.86421263E+03
0.60000000E+01 0.86421299E+03
0.60000000E+01 0.86421300E+03
0.80000000E+01 0.86421318E+03
0.80000000E+01 0.86421318E+03
0.10000000E+02 0.86421329E+03
0.10000000E+02 0.86421329E+03
0.12000000E+02 0.86421337E+03
0.12000000E+02 0.86421337E+03
0.14000000E+02 0.86421342E+03
0.14000000E+02 0.86421342E+03
0.16000000E+02 0.86421346E+03
0.16000000E+02 0.86421346E+03
0.18000000E+02 0.86421349E+03
0.18000000E+02 0.86421349E+03
0.20000000E+01 0.86536136E+03
0.20000000E+01 0.86536140E+03
0.20000000E+01 0.86625619E+03
0.20000000E+01 0.86625622E+03
0.20000000E+01 0.86696619E+03
0.20000000E+01 0.86696622E+03
0.20000000E+01 0.86753897E+03
0.20000000E+01 0.86753899E+03
0.20000000E+01 0.86800774E+03
0.20000000E+01 0.86800776E+03
0.20000000E+01 0.86839624E+03
0.20000000E+01 0.86839625E+03
0.20000000E+01 0.86872180E+03
0.20000000E+01 0.86872181E+03
0.20000000E+01 0.86899732E+03
0.20000000E+01 0.86899733E+03
0.20000000E+01 0.86923255E+03
0.20000000E+01 0.86923256E+03
