# Percentage of O2 Contained in Each Group
1.2444868118e-51
4.7653612966e-92
2.1948231556e-30
1.2188897604e-70
1.1409742507e-105
1.0529133682e-84
3.5068879488e-07
2.0057913853e-13
2.4973726154e-10
1.8133986070e-16
3.4595100992e-72
8.3511166164e-53
5.5644295474e-04
3.8144787723e-28
9.9944320611e-01
2.6757828055e-25
1.0559826317e-121
1.1522017013e-41
1.8419509578e-19
2.1309876518e-36
4.6950024418e-39
3.1506611869e-44
1.3723465463e-58
6.0705922876e-31
2.0981862814e-22
9.6066505258e-47
8.6665530650e-81
1.0774241806e-33
4.5997287359e-65
6.8896706219e-78
2.1630416314e-79
8.3782055219e-61
2.5423484604e-56
5.6589553975e-16
3.2699613064e-49
5.8100335315e-63
4.5713108177e-82
4.3948020976e-69
5.3071982490e-54
4.1815674456e-67
5.3822023244e-71
2.7343281441e-76
3.3124374568e-83
3.5151992356e-84
7.7498282052e-73
