# Percentage of N2 Contained in Each Group
4.2262244023e-111
6.7670691478e-117
1.3946828226e-151
8.4024596246e-148
6.0276739073e-35
8.8341736197e-25
5.4946916262e-80
7.3549778671e-157
1.7722104105e-175
3.1162551633e-171
4.6292806835e-135
3.6379622879e-91
1.9564052559e-200
2.3146399495e-135
2.8853801477e-216
3.0000818675e-201
9.0316902361e-102
7.8135261960e-76
6.0533133492e-161
8.7569118143e-112
4.4065371402e-158
5.8214314940e-217
7.2759104228e-91
1.0149583111e-51
4.1748888183e-60
8.7807792664e-127
4.2338687008e-91
1.0342785092e-89
1.8063420065e-101
6.6302374798e-64
6.6111657982e-34
6.6665766586e-01
3.3332961159e-01
3.6079351893e-124
1.1309760865e-193
3.2061253541e-72
8.4815783105e-06
4.2407822435e-06
1.2373296049e-10
1.0362029956e-15
6.1866562237e-11
2.0724041618e-15
3.3055898050e-34
1.9946835959e-20
1.4735296728e-189
4.4169714293e-25
3.3103413855e-145
1.1259002609e-29
3.9181477698e-47
1.9589706657e-47
3.9893697229e-20
3.9528766911e-147
8.1047006156e-118
4.3591407556e-43
