# Te [K]  Q(l,s) = PI*sigma^2*Omega*(l,s) [A^2]
# (1,1)  (1,2)  (1,3)  (1,4)  (1,5)
1.00000000e+02 1.03747730e+01 1.08241971e+01 1.12882380e+01 1.17507914e+01 1.22058779e+01 
2.00000000e+02 1.17289928e+01 1.26087249e+01 1.34524662e+01 1.42533329e+01 1.50101274e+01 
3.00000000e+02 1.29894705e+01 1.41879319e+01 1.52911687e+01 1.62976561e+01 1.72089135e+01 
4.00000000e+02 1.41242950e+01 1.55527432e+01 1.68128887e+01 1.79082409e+01 1.88446549e+01 
5.00000000e+02 1.51331853e+01 1.67118819e+01 1.80372311e+01 1.91211905e+01 1.99791081e+01 
6.00000000e+02 1.60206332e+01 1.76781999e+01 1.89908217e+01 1.99852320e+01 2.06933392e+01 
7.00000000e+02 1.67932192e+01 1.84679309e+01 1.97060535e+01 2.05568315e+01 2.10757597e+01 
8.00000000e+02 1.74589635e+01 1.90996476e+01 2.02180975e+01 2.08937396e+01 2.12112261e+01 
9.00000000e+02 1.80268274e+01 1.95929781e+01 2.05620777e+01 2.10502717e+01 2.11747889e+01 
1.00000000e+03 1.85062446e+01 1.99674911e+01 2.07710922e+01 2.10747061e+01 2.10292482e+01 
1.10000000e+03 1.89067243e+01 2.02418895e+01 2.08750740e+01 2.10082478e+01 2.08249592e+01 
1.20000000e+03 1.92375485e+01 2.04335021e+01 2.09002754e+01 2.08849391e+01 2.06007306e+01 
1.30000000e+03 1.95075590e+01 2.05580070e+01 2.08691546e+01 2.07320719e+01 2.03851649e+01 
1.40000000e+03 1.97250195e+01 2.06293188e+01 2.08005020e+01 2.05708365e+01 2.01981233e+01 
1.50000000e+03 1.98975373e+01 2.06595855e+01 2.07096967e+01 2.04170632e+01 2.00521804e+01 
1.60000000e+03 2.00320267e+01 2.06592527e+01 2.06090301e+01 2.02819824e+01 1.99540049e+01 
1.70000000e+03 2.01347036e+01 2.06371708e+01 2.05080561e+01 2.01729653e+01 1.99056347e+01 
1.80000000e+03 2.02111012e+01 2.06007240e+01 2.04139464e+01 2.00942205e+01 1.99056229e+01 
1.90000000e+03 2.02660994e+01 2.05559722e+01 2.03318361e+01 2.00474351e+01 1.99500379e+01 
2.00000000e+03 2.03039638e+01 2.05077952e+01 2.02651490e+01 2.00323471e+01 2.00333105e+01 
2.10000000e+03 2.03283904e+01 2.04600355e+01 2.02159000e+01 2.00472475e+01 2.01489270e+01 
2.20000000e+03 2.03425521e+01 2.04156349e+01 2.01849666e+01 2.00894084e+01 2.02899773e+01 
2.30000000e+03 2.03491471e+01 2.03767629e+01 2.01723316e+01 2.01554391e+01 2.04495697e+01 
2.40000000e+03 2.03504466e+01 2.03449360e+01 2.01772932e+01 2.02415756e+01 2.06211306e+01 
2.50000000e+03 2.03483403e+01 2.03211247e+01 2.01986463e+01 2.03439084e+01 2.07986078e+01 
2.60000000e+03 2.03443802e+01 2.03058510e+01 2.02348338e+01 2.04585568e+01 2.09765934e+01 
2.70000000e+03 2.03398219e+01 2.02992734e+01 2.02840724e+01 2.05817972e+01 2.11503874e+01 
2.80000000e+03 2.03356622e+01 2.03012625e+01 2.03444543e+01 2.07101522e+01 2.13160131e+01 
2.90000000e+03 2.03326742e+01 2.03114648e+01 2.04140278e+01 2.08404490e+01 2.14702000e+01 
3.00000000e+03 2.03314386e+01 2.03293587e+01 2.04908601e+01 2.09698518e+01 2.16103433e+01 
3.10000000e+03 2.03323726e+01 2.03543013e+01 2.05730841e+01 2.10958762e+01 2.17344494e+01 
3.20000000e+03 2.03357551e+01 2.03855666e+01 2.06589330e+01 2.12163874e+01 2.18410727e+01 
3.30000000e+03 2.03417495e+01 2.04223785e+01 2.07467631e+01 2.13295891e+01 2.19292500e+01 
3.40000000e+03 2.03504234e+01 2.04639367e+01 2.08350692e+01 2.14340046e+01 2.19984346e+01 
3.50000000e+03 2.03617663e+01 2.05094371e+01 2.09224923e+01 2.15284527e+01 2.20484335e+01 
3.60000000e+03 2.03757048e+01 2.05580893e+01 2.10078221e+01 2.16120220e+01 2.20793489e+01 
3.70000000e+03 2.03921155e+01 2.06091281e+01 2.10899954e+01 2.16840427e+01 2.20915242e+01 
3.80000000e+03 2.04108367e+01 2.06618240e+01 2.11680917e+01 2.17440594e+01 2.20854964e+01 
3.90000000e+03 2.04316776e+01 2.07154891e+01 2.12413261e+01 2.17918043e+01 2.20619538e+01 
4.00000000e+03 2.04544268e+01 2.07694823e+01 2.13090411e+01 2.18271717e+01 2.20216992e+01 
4.10000000e+03 2.04788591e+01 2.08232120e+01 2.13706977e+01 2.18501943e+01 2.19656183e+01 
4.20000000e+03 2.05047413e+01 2.08761370e+01 2.14258650e+01 2.18610215e+01 2.18946524e+01 
4.30000000e+03 2.05318366e+01 2.09277671e+01 2.14742111e+01 2.18598995e+01 2.18097770e+01 
4.40000000e+03 2.05599092e+01 2.09776626e+01 2.15154928e+01 2.18471538e+01 2.17119818e+01 
4.50000000e+03 2.05887265e+01 2.10254320e+01 2.15495464e+01 2.18231732e+01 2.16022569e+01 
4.60000000e+03 2.06180624e+01 2.10707313e+01 2.15762785e+01 2.17883959e+01 2.14815793e+01 
4.70000000e+03 2.06476991e+01 2.11132606e+01 2.15956579e+01 2.17432977e+01 2.13509041e+01 
4.80000000e+03 2.06774281e+01 2.11527623e+01 2.16077070e+01 2.16883814e+01 2.12111566e+01 
4.90000000e+03 2.07070519e+01 2.11890182e+01 2.16124952e+01 2.16241672e+01 2.10632268e+01 
5.00000000e+03 2.07363843e+01 2.12218467e+01 2.16101315e+01 2.15511861e+01 2.09079655e+01 
5.10000000e+03 2.07652514e+01 2.12510999e+01 2.16007588e+01 2.14699725e+01 2.07461811e+01 
5.20000000e+03 2.07934911e+01 2.12766612e+01 2.15845483e+01 2.13810591e+01 2.05786384e+01 
5.30000000e+03 2.08209539e+01 2.12984422e+01 2.15616945e+01 2.12849726e+01 2.04060575e+01 
5.40000000e+03 2.08475026e+01 2.13163806e+01 2.15324105e+01 2.11822298e+01 2.02291140e+01 
5.50000000e+03 2.08730117e+01 2.13304373e+01 2.14969243e+01 2.10733347e+01 2.00484390e+01 
5.60000000e+03 2.08973676e+01 2.13405942e+01 2.14554755e+01 2.09587765e+01 1.98646203e+01 
5.70000000e+03 2.09204680e+01 2.13468521e+01 2.14083117e+01 2.08390271e+01 1.96782040e+01 
5.80000000e+03 2.09422214e+01 2.13492285e+01 2.13556862e+01 2.07145408e+01 1.94896951e+01 
5.90000000e+03 2.09625468e+01 2.13477559e+01 2.12978552e+01 2.05857525e+01 1.92995600e+01 
6.00000000e+03 2.09813731e+01 2.13424795e+01 2.12350767e+01 2.04530775e+01 1.91082280e+01 
6.10000000e+03 2.09986384e+01 2.13334562e+01 2.11676075e+01 2.03169110e+01 1.89160931e+01 
6.20000000e+03 2.10142898e+01 2.13207526e+01 2.10957028e+01 2.01776285e+01 1.87235161e+01 
6.30000000e+03 2.10282825e+01 2.13044438e+01 2.10196143e+01 2.00355851e+01 1.85308264e+01 
6.40000000e+03 2.10405798e+01 2.12846123e+01 2.09395893e+01 1.98911164e+01 1.83383240e+01 
6.50000000e+03 2.10511518e+01 2.12613463e+01 2.08558701e+01 1.97445387e+01 1.81462812e+01 
6.60000000e+03 2.10599758e+01 2.12347394e+01 2.07686929e+01 1.95961495e+01 1.79549447e+01 
6.70000000e+03 2.10670348e+01 2.12048889e+01 2.06782875e+01 1.94462279e+01 1.77645369e+01 
6.80000000e+03 2.10723182e+01 2.11718956e+01 2.05848765e+01 1.92950354e+01 1.75752582e+01 
6.90000000e+03 2.10758201e+01 2.11358625e+01 2.04886756e+01 1.91428166e+01 1.73872879e+01 
7.00000000e+03 2.10775398e+01 2.10968946e+01 2.03898925e+01 1.89897995e+01 1.72007866e+01 
7.10000000e+03 2.10774810e+01 2.10550978e+01 2.02887277e+01 1.88361970e+01 1.70158966e+01 
7.20000000e+03 2.10756514e+01 2.10105786e+01 2.01853736e+01 1.86822066e+01 1.68327441e+01 
7.30000000e+03 2.10720626e+01 2.09634439e+01 2.00800148e+01 1.85280121e+01 1.66514401e+01 
7.40000000e+03 2.10667293e+01 2.09137998e+01 1.99728281e+01 1.83737836e+01 1.64720818e+01 
7.50000000e+03 2.10596694e+01 2.08617523e+01 1.98639828e+01 1.82196785e+01 1.62947535e+01 
7.60000000e+03 2.10509032e+01 2.08074058e+01 1.97536401e+01 1.80658421e+01 1.61195277e+01 
7.70000000e+03 2.10404539e+01 2.07508638e+01 1.96419542e+01 1.79124085e+01 1.59464664e+01 
7.80000000e+03 2.10283465e+01 2.06922281e+01 1.95290715e+01 1.77595009e+01 1.57756215e+01 
7.90000000e+03 2.10146079e+01 2.06315987e+01 1.94151314e+01 1.76072324e+01 1.56070360e+01 
8.00000000e+03 2.09992670e+01 2.05690739e+01 1.93002665e+01 1.74557066e+01 1.54407449e+01 
8.10000000e+03 2.09823537e+01 2.05047496e+01 1.91846022e+01 1.73050182e+01 1.52767753e+01 
8.20000000e+03 2.09638995e+01 2.04387199e+01 1.90682577e+01 1.71552536e+01 1.51151481e+01 
8.30000000e+03 2.09439369e+01 2.03710762e+01 1.89513456e+01 1.70064911e+01 1.49558775e+01 
8.40000000e+03 2.09224992e+01 2.03019077e+01 1.88339724e+01 1.68588019e+01 1.47989724e+01 
8.50000000e+03 2.08996204e+01 2.02313013e+01 1.87162388e+01 1.67122501e+01 1.46444366e+01 
8.60000000e+03 2.08753354e+01 2.01593413e+01 1.85982397e+01 1.65668935e+01 1.44922693e+01 
8.70000000e+03 2.08496791e+01 2.00861094e+01 1.84800647e+01 1.64227839e+01 1.43424657e+01 
8.80000000e+03 2.08226873e+01 2.00116850e+01 1.83617979e+01 1.62799675e+01 1.41950171e+01 
8.90000000e+03 2.07943955e+01 1.99361448e+01 1.82435186e+01 1.61384853e+01 1.40499119e+01 
9.00000000e+03 2.07648396e+01 1.98595632e+01 1.81253013e+01 1.59983734e+01 1.39071351e+01 
9.10000000e+03 2.07340557e+01 1.97820117e+01 1.80072159e+01 1.58596634e+01 1.37666693e+01 
9.20000000e+03 2.07020794e+01 1.97035598e+01 1.78893277e+01 1.57223826e+01 1.36284947e+01 
9.30000000e+03 2.06689467e+01 1.96242743e+01 1.77716981e+01 1.55865548e+01 1.34925896e+01 
9.40000000e+03 2.06346930e+01 1.95442195e+01 1.76543845e+01 1.54521996e+01 1.33589302e+01 
9.50000000e+03 2.05993538e+01 1.94634576e+01 1.75374404e+01 1.53193339e+01 1.32274914e+01 
9.60000000e+03 2.05629639e+01 1.93820481e+01 1.74209157e+01 1.51879709e+01 1.30982466e+01 
9.70000000e+03 2.05255580e+01 1.93000486e+01 1.73048569e+01 1.50581214e+01 1.29711680e+01 
9.80000000e+03 2.04871705e+01 1.92175142e+01 1.71893073e+01 1.49297934e+01 1.28462267e+01 
9.90000000e+03 2.04478352e+01 1.91344980e+01 1.70743071e+01 1.48029923e+01 1.27233932e+01 
1.00000000e+04 2.04075854e+01 1.90510508e+01 1.69598935e+01 1.46777215e+01 1.26026371e+01 
1.01000000e+04 2.03664540e+01 1.89672214e+01 1.68461010e+01 1.45539822e+01 1.24839274e+01 
1.02000000e+04 2.03244733e+01 1.88830565e+01 1.67329613e+01 1.44317739e+01 1.23672327e+01 
1.03000000e+04 2.02816752e+01 1.87986011e+01 1.66205037e+01 1.43110940e+01 1.22525213e+01 
1.04000000e+04 2.02380910e+01 1.87138979e+01 1.65087553e+01 1.41919386e+01 1.21397611e+01 
1.05000000e+04 2.01937511e+01 1.86289881e+01 1.63977408e+01 1.40743022e+01 1.20289199e+01 
1.06000000e+04 2.01486859e+01 1.85439109e+01 1.62874827e+01 1.39581781e+01 1.19199654e+01 
1.07000000e+04 2.01029245e+01 1.84587038e+01 1.61780016e+01 1.38435583e+01 1.18128653e+01 
1.08000000e+04 2.00564961e+01 1.83734028e+01 1.60693163e+01 1.37304336e+01 1.17075873e+01 
1.09000000e+04 2.00094287e+01 1.82880419e+01 1.59614438e+01 1.36187941e+01 1.16040993e+01 
1.10000000e+04 1.99617499e+01 1.82026539e+01 1.58543991e+01 1.35086286e+01 1.15023691e+01 
1.11000000e+04 1.99134869e+01 1.81172699e+01 1.57481962e+01 1.33999253e+01 1.14023651e+01 
1.12000000e+04 1.98646658e+01 1.80319195e+01 1.56428470e+01 1.32926718e+01 1.13040555e+01 
1.13000000e+04 1.98153125e+01 1.79466310e+01 1.55383625e+01 1.31868548e+01 1.12074091e+01 
1.14000000e+04 1.97654521e+01 1.78614314e+01 1.54347519e+01 1.30824605e+01 1.11123948e+01 
1.15000000e+04 1.97151089e+01 1.77763461e+01 1.53320237e+01 1.29794746e+01 1.10189820e+01 
1.16000000e+04 1.96643071e+01 1.76913994e+01 1.52301846e+01 1.28778824e+01 1.09271403e+01 
1.17000000e+04 1.96130697e+01 1.76066146e+01 1.51292408e+01 1.27776686e+01 1.08368398e+01 
1.18000000e+04 1.95614194e+01 1.75220135e+01 1.50291970e+01 1.26788178e+01 1.07480509e+01 
1.19000000e+04 1.95093783e+01 1.74376168e+01 1.49300572e+01 1.25813141e+01 1.06607445e+01 
1.20000000e+04 1.94569679e+01 1.73534444e+01 1.48318245e+01 1.24851415e+01 1.05748919e+01 
1.21000000e+04 1.94042090e+01 1.72695149e+01 1.47345009e+01 1.23902837e+01 1.04904648e+01 
1.22000000e+04 1.93511220e+01 1.71858459e+01 1.46380879e+01 1.22967242e+01 1.04074354e+01 
1.23000000e+04 1.92977265e+01 1.71024542e+01 1.45425859e+01 1.22044465e+01 1.03257763e+01 
1.24000000e+04 1.92440418e+01 1.70193555e+01 1.44479951e+01 1.21134337e+01 1.02454606e+01 
1.25000000e+04 1.91900865e+01 1.69365648e+01 1.43543145e+01 1.20236693e+01 1.01664618e+01 
1.26000000e+04 1.91358787e+01 1.68540961e+01 1.42615429e+01 1.19351362e+01 1.00887540e+01 
1.27000000e+04 1.90814360e+01 1.67719625e+01 1.41696783e+01 1.18478177e+01 1.00123116e+01 
1.28000000e+04 1.90267753e+01 1.66901767e+01 1.40787183e+01 1.17616969e+01 9.93710956e+00 
1.29000000e+04 1.89719133e+01 1.66087502e+01 1.39886600e+01 1.16767570e+01 9.86312331e+00 
1.30000000e+04 1.89168660e+01 1.65276940e+01 1.38994998e+01 1.15929812e+01 9.79032873e+00 
1.31000000e+04 1.88616490e+01 1.64470185e+01 1.38112341e+01 1.15103528e+01 9.71870217e+00 
1.32000000e+04 1.88062772e+01 1.63667332e+01 1.37238586e+01 1.14288550e+01 9.64822041e+00 
1.33000000e+04 1.87507654e+01 1.62868471e+01 1.36373686e+01 1.13484714e+01 9.57886073e+00 
1.34000000e+04 1.86951276e+01 1.62073687e+01 1.35517593e+01 1.12691854e+01 9.51060084e+00 
1.35000000e+04 1.86393777e+01 1.61283058e+01 1.34670255e+01 1.11909808e+01 9.44341889e+00 
1.36000000e+04 1.85835288e+01 1.60496656e+01 1.33831616e+01 1.11138412e+01 9.37729349e+00 
1.37000000e+04 1.85275938e+01 1.59714548e+01 1.33001617e+01 1.10377506e+01 9.31220368e+00 
1.38000000e+04 1.84715852e+01 1.58936796e+01 1.32180200e+01 1.09626931e+01 9.24812893e+00 
1.39000000e+04 1.84155149e+01 1.58163459e+01 1.31367301e+01 1.08886529e+01 9.18504915e+00 
1.40000000e+04 1.83593946e+01 1.57394588e+01 1.30562857e+01 1.08156142e+01 9.12294465e+00 
1.41000000e+04 1.83032356e+01 1.56630233e+01 1.29766799e+01 1.07435618e+01 9.06179616e+00 
1.42000000e+04 1.82470487e+01 1.55870436e+01 1.28979062e+01 1.06724802e+01 9.00158482e+00 
1.43000000e+04 1.81908445e+01 1.55115238e+01 1.28199575e+01 1.06023543e+01 8.94229218e+00 
1.44000000e+04 1.81346330e+01 1.54364676e+01 1.27428267e+01 1.05331693e+01 8.88390016e+00 
1.45000000e+04 1.80784241e+01 1.53618781e+01 1.26665066e+01 1.04649104e+01 8.82639108e+00 
1.46000000e+04 1.80222273e+01 1.52877584e+01 1.25909900e+01 1.03975629e+01 8.76974763e+00 
1.47000000e+04 1.79660517e+01 1.52141108e+01 1.25162694e+01 1.03311126e+01 8.71395289e+00 
1.48000000e+04 1.79099061e+01 1.51409378e+01 1.24423374e+01 1.02655452e+01 8.65899030e+00 
1.49000000e+04 1.78537990e+01 1.50682411e+01 1.23691863e+01 1.02008467e+01 8.60484364e+00 
1.50000000e+04 1.77977387e+01 1.49960226e+01 1.22968087e+01 1.01370034e+01 8.55149705e+00 
1.51000000e+04 1.77417330e+01 1.49242835e+01 1.22251967e+01 1.00740017e+01 8.49893503e+00 
1.52000000e+04 1.76857895e+01 1.48530249e+01 1.21543428e+01 1.00118281e+01 8.44714240e+00 
1.53000000e+04 1.76299157e+01 1.47822478e+01 1.20842392e+01 9.95046953e+00 8.39610432e+00 
1.54000000e+04 1.75741186e+01 1.47119527e+01 1.20148782e+01 9.88991285e+00 8.34580626e+00 
1.55000000e+04 1.75184050e+01 1.46421401e+01 1.19462519e+01 9.83014529e+00 8.29623402e+00 
1.56000000e+04 1.74627814e+01 1.45728102e+01 1.18783526e+01 9.77115425e+00 8.24737371e+00 
1.57000000e+04 1.74072543e+01 1.45039628e+01 1.18111725e+01 9.71292730e+00 8.19921173e+00 
1.58000000e+04 1.73518296e+01 1.44355978e+01 1.17447038e+01 9.65545220e+00 8.15173478e+00 
1.59000000e+04 1.72965132e+01 1.43677148e+01 1.16789388e+01 9.59871693e+00 8.10492987e+00 
1.60000000e+04 1.72413108e+01 1.43003133e+01 1.16138697e+01 9.54270964e+00 8.05878427e+00 
1.61000000e+04 1.71862276e+01 1.42333924e+01 1.15494887e+01 9.48741868e+00 8.01328554e+00 
1.62000000e+04 1.71312689e+01 1.41669513e+01 1.14857882e+01 9.43283257e+00 7.96842150e+00 
1.63000000e+04 1.70764397e+01 1.41009889e+01 1.14227605e+01 9.37894005e+00 7.92418025e+00 
1.64000000e+04 1.70217447e+01 1.40355040e+01 1.13603979e+01 9.32573002e+00 7.88055014e+00 
1.65000000e+04 1.69671885e+01 1.39704954e+01 1.12986928e+01 9.27319158e+00 7.83751978e+00 
1.66000000e+04 1.69127754e+01 1.39059616e+01 1.12376377e+01 9.22131398e+00 7.79507802e+00 
1.67000000e+04 1.68585098e+01 1.38419010e+01 1.11772251e+01 9.17008670e+00 7.75321396e+00 
1.68000000e+04 1.68043956e+01 1.37783119e+01 1.11174473e+01 9.11949934e+00 7.71191692e+00 
1.69000000e+04 1.67504366e+01 1.37151925e+01 1.10582971e+01 9.06954173e+00 7.67117647e+00 
1.70000000e+04 1.66966366e+01 1.36525410e+01 1.09997670e+01 9.02020382e+00 7.63098241e+00 
1.71000000e+04 1.66429991e+01 1.35903554e+01 1.09418498e+01 8.97147578e+00 7.59132473e+00 
1.72000000e+04 1.65895274e+01 1.35286336e+01 1.08845381e+01 8.92334792e+00 7.55219367e+00 
1.73000000e+04 1.65362248e+01 1.34673735e+01 1.08278247e+01 8.87581071e+00 7.51357966e+00 
1.74000000e+04 1.64830943e+01 1.34065728e+01 1.07717025e+01 8.82885481e+00 7.47547335e+00 
1.75000000e+04 1.64301388e+01 1.33462293e+01 1.07161644e+01 8.78247102e+00 7.43786556e+00 
1.76000000e+04 1.63773612e+01 1.32863405e+01 1.06612034e+01 8.73665031e+00 7.40074735e+00 
1.77000000e+04 1.63247640e+01 1.32269040e+01 1.06068125e+01 8.69138380e+00 7.36410994e+00 
1.78000000e+04 1.62723498e+01 1.31679174e+01 1.05529848e+01 8.64666276e+00 7.32794475e+00 
1.79000000e+04 1.62201210e+01 1.31093781e+01 1.04997135e+01 8.60247863e+00 7.29224338e+00 
1.80000000e+04 1.61680798e+01 1.30512835e+01 1.04469918e+01 8.55882298e+00 7.25699760e+00 
1.81000000e+04 1.61162284e+01 1.29936309e+01 1.03948130e+01 8.51568753e+00 7.22219937e+00 
1.82000000e+04 1.60645689e+01 1.29364177e+01 1.03431705e+01 8.47306417e+00 7.18784082e+00 
1.83000000e+04 1.60131032e+01 1.28796411e+01 1.02920578e+01 8.43094489e+00 7.15391422e+00 
1.84000000e+04 1.59618331e+01 1.28232984e+01 1.02414682e+01 8.38932186e+00 7.12041204e+00 
1.85000000e+04 1.59107602e+01 1.27673867e+01 1.01913955e+01 8.34818736e+00 7.08732687e+00 
1.86000000e+04 1.58598863e+01 1.27119032e+01 1.01418332e+01 8.30753381e+00 7.05465149e+00 
1.87000000e+04 1.58092129e+01 1.26568451e+01 1.00927752e+01 8.26735378e+00 7.02237882e+00 
1.88000000e+04 1.57587413e+01 1.26022094e+01 1.00442151e+01 8.22763995e+00 6.99050190e+00 
1.89000000e+04 1.57084729e+01 1.25479933e+01 9.99614679e+00 8.18838515e+00 6.95901396e+00 
1.90000000e+04 1.56584090e+01 1.24941938e+01 9.94856429e+00 8.14958231e+00 6.92790835e+00 
1.91000000e+04 1.56085507e+01 1.24408079e+01 9.90146154e+00 8.11122450e+00 6.89717854e+00 
1.92000000e+04 1.55588991e+01 1.23878327e+01 9.85483263e+00 8.07330492e+00 6.86681815e+00 
1.93000000e+04 1.55094552e+01 1.23352652e+01 9.80867170e+00 8.03581687e+00 6.83682095e+00 
1.94000000e+04 1.54602199e+01 1.22831025e+01 9.76297295e+00 7.99875378e+00 6.80718081e+00 
1.95000000e+04 1.54111941e+01 1.22313414e+01 9.71773067e+00 7.96210919e+00 6.77789173e+00 
1.96000000e+04 1.53623786e+01 1.21799790e+01 9.67293921e+00 7.92587676e+00 6.74894785e+00 
1.97000000e+04 1.53137740e+01 1.21290122e+01 9.62859299e+00 7.89005026e+00 6.72034341e+00 
1.98000000e+04 1.52653809e+01 1.20784381e+01 9.58468649e+00 7.85462356e+00 6.69207278e+00 
1.99000000e+04 1.52172001e+01 1.20282536e+01 9.54121427e+00 7.81959065e+00 6.66413043e+00 
2.00000000e+04 1.51692320e+01 1.19784556e+01 9.49817096e+00 7.78494562e+00 6.63651095e+00 
2.01000000e+04 1.51214770e+01 1.19290412e+01 9.45555124e+00 7.75068265e+00 6.60920904e+00 
2.02000000e+04 1.50739355e+01 1.18800072e+01 9.41334989e+00 7.71679605e+00 6.58221952e+00 
2.03000000e+04 1.50266079e+01 1.18313508e+01 9.37156171e+00 7.68328021e+00 6.55553727e+00 
2.04000000e+04 1.49794945e+01 1.17830687e+01 9.33018162e+00 7.65012963e+00 6.52915732e+00 
2.05000000e+04 1.49325955e+01 1.17351581e+01 9.28920455e+00 7.61733888e+00 6.50307478e+00 
2.06000000e+04 1.48859110e+01 1.16876159e+01 9.24862555e+00 7.58490265e+00 6.47728485e+00 
2.07000000e+04 1.48394413e+01 1.16404390e+01 9.20843968e+00 7.55281573e+00 6.45178284e+00 
2.08000000e+04 1.47931863e+01 1.15936246e+01 9.16864211e+00 7.52107296e+00 6.42656413e+00 
2.09000000e+04 1.47471462e+01 1.15471695e+01 9.12922804e+00 7.48966932e+00 6.40162421e+00 
2.10000000e+04 1.47013210e+01 1.15010708e+01 9.09019276e+00 7.45859984e+00 6.37695866e+00 
2.11000000e+04 1.46557105e+01 1.14553255e+01 9.05153160e+00 7.42785964e+00 6.35256314e+00 
2.12000000e+04 1.46103147e+01 1.14099307e+01 9.01323996e+00 7.39744395e+00 6.32843338e+00 
2.13000000e+04 1.45651335e+01 1.13648834e+01 8.97531330e+00 7.36734806e+00 6.30456522e+00 
2.14000000e+04 1.45201668e+01 1.13201806e+01 8.93774715e+00 7.33756733e+00 6.28095456e+00 
2.15000000e+04 1.44754142e+01 1.12758195e+01 8.90053708e+00 7.30809724e+00 6.25759740e+00 
2.16000000e+04 1.44308757e+01 1.12317970e+01 8.86367873e+00 7.27893331e+00 6.23448978e+00 
2.17000000e+04 1.43865508e+01 1.11881104e+01 8.82716781e+00 7.25007115e+00 6.21162786e+00 
2.18000000e+04 1.43424394e+01 1.11447567e+01 8.79100006e+00 7.22150645e+00 6.18900784e+00 
2.19000000e+04 1.42985411e+01 1.11017331e+01 8.75517130e+00 7.19323496e+00 6.16662602e+00 
2.20000000e+04 1.42548555e+01 1.10590366e+01 8.71967740e+00 7.16525252e+00 6.14447873e+00 
2.21000000e+04 1.42113823e+01 1.10166645e+01 8.68451428e+00 7.13755504e+00 6.12256242e+00 
2.22000000e+04 1.41681209e+01 1.09746139e+01 8.64967791e+00 7.11013847e+00 6.10087358e+00 
2.23000000e+04 1.41250711e+01 1.09328821e+01 8.61516434e+00 7.08299887e+00 6.07940875e+00 
2.24000000e+04 1.40822323e+01 1.08914662e+01 8.58096965e+00 7.05613234e+00 6.05816457e+00 
2.25000000e+04 1.40396040e+01 1.08503634e+01 8.54708997e+00 7.02953505e+00 6.03713772e+00 
2.26000000e+04 1.39971857e+01 1.08095711e+01 8.51352150e+00 7.00320323e+00 6.01632494e+00 
2.27000000e+04 1.39549769e+01 1.07690864e+01 8.48026048e+00 6.97713321e+00 5.99572305e+00 
2.28000000e+04 1.39129770e+01 1.07289067e+01 8.44730321e+00 6.95132132e+00 5.97532892e+00 
2.29000000e+04 1.38711854e+01 1.06890293e+01 8.41464603e+00 6.92576400e+00 5.95513946e+00 
2.30000000e+04 1.38296015e+01 1.06494514e+01 8.38228534e+00 6.90045774e+00 5.93515166e+00 
2.31000000e+04 1.37882247e+01 1.06101704e+01 8.35021757e+00 6.87539906e+00 5.91536256e+00 
2.32000000e+04 1.37470544e+01 1.05711838e+01 8.31843922e+00 6.85058459e+00 5.89576925e+00 
2.33000000e+04 1.37060899e+01 1.05324887e+01 8.28694683e+00 6.82601096e+00 5.87636887e+00 
2.34000000e+04 1.36653305e+01 1.04940827e+01 8.25573698e+00 6.80167489e+00 5.85715862e+00 
2.35000000e+04 1.36247756e+01 1.04559632e+01 8.22480631e+00 6.77757316e+00 5.83813574e+00 
2.36000000e+04 1.35844245e+01 1.04181276e+01 8.19415149e+00 6.75370257e+00 5.81929754e+00 
2.37000000e+04 1.35442763e+01 1.03805734e+01 8.16376925e+00 6.73006000e+00 5.80064136e+00 
2.38000000e+04 1.35043305e+01 1.03432980e+01 8.13365636e+00 6.70664238e+00 5.78216459e+00 
2.39000000e+04 1.34645862e+01 1.03062989e+01 8.10380962e+00 6.68344668e+00 5.76386467e+00 
2.40000000e+04 1.34250427e+01 1.02695736e+01 8.07422591e+00 6.66046992e+00 5.74573908e+00 
2.41000000e+04 1.33856992e+01 1.02331198e+01 8.04490210e+00 6.63770917e+00 5.72778537e+00 
2.42000000e+04 1.33465549e+01 1.01969349e+01 8.01583514e+00 6.61516155e+00 5.71000109e+00 
2.43000000e+04 1.33076092e+01 1.01610165e+01 7.98702203e+00 6.59282424e+00 5.69238387e+00 
2.44000000e+04 1.32688610e+01 1.01253623e+01 7.95845976e+00 6.57069444e+00 5.67493137e+00 
2.45000000e+04 1.32303097e+01 1.00899697e+01 7.93014542e+00 6.54876941e+00 5.65764128e+00 
2.46000000e+04 1.31919545e+01 1.00548366e+01 7.90207611e+00 6.52704646e+00 5.64051134e+00 
2.47000000e+04 1.31537944e+01 1.00199605e+01 7.87424896e+00 6.50552292e+00 5.62353935e+00 
2.48000000e+04 1.31158287e+01 9.98533910e+00 7.84666117e+00 6.48419619e+00 5.60672310e+00 
2.49000000e+04 1.30780565e+01 9.95097012e+00 7.81930994e+00 6.46306370e+00 5.59006046e+00 
2.50000000e+04 1.30404769e+01 9.91685127e+00 7.79219254e+00 6.44212291e+00 5.57354933e+00 
2.51000000e+04 1.30030892e+01 9.88298029e+00 7.76530626e+00 6.42137134e+00 5.55718762e+00 
2.52000000e+04 1.29658923e+01 9.84935494e+00 7.73864843e+00 6.40080654e+00 5.54097331e+00 
2.53000000e+04 1.29288856e+01 9.81597300e+00 7.71221642e+00 6.38042610e+00 5.52490440e+00 
2.54000000e+04 1.28920680e+01 9.78283226e+00 7.68600764e+00 6.36022765e+00 5.50897891e+00 
2.55000000e+04 1.28554388e+01 9.74993055e+00 7.66001951e+00 6.34020886e+00 5.49319492e+00 
2.56000000e+04 1.28189970e+01 9.71726571e+00 7.63424952e+00 6.32036741e+00 5.47755052e+00 
2.57000000e+04 1.27827417e+01 9.68483559e+00 7.60869517e+00 6.30070107e+00 5.46204385e+00 
2.58000000e+04 1.27466720e+01 9.65263807e+00 7.58335399e+00 6.28120759e+00 5.44667307e+00 
2.59000000e+04 1.27107871e+01 9.62067104e+00 7.55822357e+00 6.26188478e+00 5.43143637e+00 
2.60000000e+04 1.26750860e+01 9.58893243e+00 7.53330151e+00 6.24273050e+00 5.41633199e+00 
2.61000000e+04 1.26395679e+01 9.55742018e+00 7.50858544e+00 6.22374261e+00 5.40135816e+00 
2.62000000e+04 1.26042317e+01 9.52613222e+00 7.48407304e+00 6.20491903e+00 5.38651318e+00 
2.63000000e+04 1.25690767e+01 9.49506655e+00 7.45976201e+00 6.18625769e+00 5.37179536e+00 
2.64000000e+04 1.25341019e+01 9.46422115e+00 7.43565008e+00 6.16775658e+00 5.35720304e+00 
2.65000000e+04 1.24993064e+01 9.43359404e+00 7.41173500e+00 6.14941369e+00 5.34273457e+00 
2.66000000e+04 1.24646893e+01 9.40318325e+00 7.38801458e+00 6.13122706e+00 5.32838837e+00 
2.67000000e+04 1.24302496e+01 9.37298682e+00 7.36448663e+00 6.11319476e+00 5.31416284e+00 
2.68000000e+04 1.23959864e+01 9.34300282e+00 7.34114900e+00 6.09531489e+00 5.30005644e+00 
2.69000000e+04 1.23618989e+01 9.31322935e+00 7.31799958e+00 6.07758556e+00 5.28606763e+00 
2.70000000e+04 1.23279860e+01 9.28366451e+00 7.29503626e+00 6.06000492e+00 5.27219490e+00 
2.71000000e+04 1.22942470e+01 9.25430641e+00 7.27225699e+00 6.04257117e+00 5.25843679e+00 
2.72000000e+04 1.22606808e+01 9.22515321e+00 7.24965973e+00 6.02528251e+00 5.24479183e+00 
2.73000000e+04 1.22272865e+01 9.19620305e+00 7.22724246e+00 6.00813718e+00 5.23125860e+00 
2.74000000e+04 1.21940633e+01 9.16745412e+00 7.20500320e+00 5.99113343e+00 5.21783567e+00 
2.75000000e+04 1.21610101e+01 9.13890462e+00 7.18293999e+00 5.97426956e+00 5.20452166e+00 
2.76000000e+04 1.21281261e+01 9.11055274e+00 7.16105091e+00 5.95754387e+00 5.19131522e+00 
2.77000000e+04 1.20954104e+01 9.08239673e+00 7.13933404e+00 5.94095472e+00 5.17821499e+00 
2.78000000e+04 1.20628620e+01 9.05443483e+00 7.11778749e+00 5.92450046e+00 5.16521965e+00 
2.79000000e+04 1.20304800e+01 9.02666529e+00 7.09640943e+00 5.90817947e+00 5.15232791e+00 
2.80000000e+04 1.19982635e+01 8.99908642e+00 7.07519800e+00 5.89199019e+00 5.13953847e+00 
2.81000000e+04 1.19662116e+01 8.97169649e+00 7.05415141e+00 5.87593103e+00 5.12685009e+00 
2.82000000e+04 1.19343234e+01 8.94449383e+00 7.03326786e+00 5.86000045e+00 5.11426152e+00 
2.83000000e+04 1.19025979e+01 8.91747676e+00 7.01254560e+00 5.84419695e+00 5.10177153e+00 
2.84000000e+04 1.18710343e+01 8.89064363e+00 6.99198288e+00 5.82851902e+00 5.08937892e+00 
2.85000000e+04 1.18396316e+01 8.86399281e+00 6.97157799e+00 5.81296519e+00 5.07708252e+00 
2.86000000e+04 1.18083889e+01 8.83752268e+00 6.95132924e+00 5.79753401e+00 5.06488115e+00 
2.87000000e+04 1.17773054e+01 8.81123163e+00 6.93123495e+00 5.78222404e+00 5.05277367e+00 
2.88000000e+04 1.17463801e+01 8.78511806e+00 6.91129347e+00 5.76703387e+00 5.04075894e+00 
2.89000000e+04 1.17156122e+01 8.75918042e+00 6.89150317e+00 5.75196212e+00 5.02883586e+00 
2.90000000e+04 1.16850006e+01 8.73341714e+00 6.87186245e+00 5.73700742e+00 5.01700332e+00 
2.91000000e+04 1.16545446e+01 8.70782668e+00 6.85236971e+00 5.72216840e+00 5.00526026e+00 
2.92000000e+04 1.16242433e+01 8.68240751e+00 6.83302340e+00 5.70744375e+00 4.99360559e+00 
2.93000000e+04 1.15940956e+01 8.65715812e+00 6.81382195e+00 5.69283216e+00 4.98203829e+00 
2.94000000e+04 1.15641009e+01 8.63207701e+00 6.79476385e+00 5.67833231e+00 4.97055731e+00 
2.95000000e+04 1.15342581e+01 8.60716271e+00 6.77584759e+00 5.66394296e+00 4.95916164e+00 
2.96000000e+04 1.15045665e+01 8.58241374e+00 6.75707168e+00 5.64966283e+00 4.94785029e+00 
2.97000000e+04 1.14750250e+01 8.55782866e+00 6.73843464e+00 5.63549069e+00 4.93662226e+00 
2.98000000e+04 1.14456329e+01 8.53340602e+00 6.71993504e+00 5.62142532e+00 4.92547658e+00 
2.99000000e+04 1.14163893e+01 8.50914440e+00 6.70157143e+00 5.60746551e+00 4.91441230e+00 
3.00000000e+04 1.13872933e+01 8.48504240e+00 6.68334240e+00 5.59361008e+00 4.90342848e+00 
3.01000000e+04 1.13583440e+01 8.46109861e+00 6.66524655e+00 5.57985786e+00 4.89252419e+00 
3.02000000e+04 1.13295406e+01 8.43731165e+00 6.64728251e+00 5.56620769e+00 4.88169850e+00 
3.03000000e+04 1.13008822e+01 8.41368016e+00 6.62944892e+00 5.55265844e+00 4.87095053e+00 
3.04000000e+04 1.12723680e+01 8.39020279e+00 6.61174443e+00 5.53920899e+00 4.86027939e+00 
3.05000000e+04 1.12439971e+01 8.36687818e+00 6.59416771e+00 5.52585822e+00 4.84968419e+00 
3.06000000e+04 1.12157686e+01 8.34370502e+00 6.57671746e+00 5.51260506e+00 4.83916408e+00 
3.07000000e+04 1.11876818e+01 8.32068199e+00 6.55939237e+00 5.49944842e+00 4.82871820e+00 
3.08000000e+04 1.11597358e+01 8.29780779e+00 6.54219117e+00 5.48638724e+00 4.81834573e+00 
3.09000000e+04 1.11319297e+01 8.27508113e+00 6.52511260e+00 5.47342048e+00 4.80804583e+00 
3.10000000e+04 1.11042627e+01 8.25250074e+00 6.50815541e+00 5.46054710e+00 4.79781768e+00 
3.11000000e+04 1.10767340e+01 8.23006535e+00 6.49131838e+00 5.44776610e+00 4.78766050e+00 
3.12000000e+04 1.10493428e+01 8.20777372e+00 6.47460028e+00 5.43507646e+00 4.77757348e+00 
3.13000000e+04 1.10220882e+01 8.18562460e+00 6.45799991e+00 5.42247720e+00 4.76755586e+00 
3.14000000e+04 1.09949694e+01 8.16361677e+00 6.44151609e+00 5.40996733e+00 4.75760685e+00 
3.15000000e+04 1.09679856e+01 8.14174902e+00 6.42514765e+00 5.39754590e+00 4.74772570e+00 
3.16000000e+04 1.09411361e+01 8.12002014e+00 6.40889343e+00 5.38521196e+00 4.73791167e+00 
3.17000000e+04 1.09144199e+01 8.09842896e+00 6.39275229e+00 5.37296457e+00 4.72816402e+00 
3.18000000e+04 1.08878363e+01 8.07697429e+00 6.37672310e+00 5.36080280e+00 4.71848203e+00 
3.19000000e+04 1.08613845e+01 8.05565496e+00 6.36080474e+00 5.34872575e+00 4.70886497e+00 
3.20000000e+04 1.08350637e+01 8.03446982e+00 6.34499612e+00 5.33673251e+00 4.69931215e+00 
3.21000000e+04 1.08088731e+01 8.01341774e+00 6.32929614e+00 5.32482219e+00 4.68982287e+00 
3.22000000e+04 1.07828119e+01 7.99249757e+00 6.31370374e+00 5.31299392e+00 4.68039644e+00 
3.23000000e+04 1.07568794e+01 7.97170820e+00 6.29821784e+00 5.30124684e+00 4.67103218e+00 
3.24000000e+04 1.07310747e+01 7.95104852e+00 6.28283741e+00 5.28958009e+00 4.66172944e+00 
3.25000000e+04 1.07053972e+01 7.93051744e+00 6.26756141e+00 5.27799284e+00 4.65248754e+00 
3.26000000e+04 1.06798459e+01 7.91011386e+00 6.25238881e+00 5.26648424e+00 4.64330584e+00 
3.27000000e+04 1.06544202e+01 7.88983671e+00 6.23731861e+00 5.25505348e+00 4.63418371e+00 
3.28000000e+04 1.06291194e+01 7.86968493e+00 6.22234979e+00 5.24369976e+00 4.62512051e+00 
3.29000000e+04 1.06039425e+01 7.84965746e+00 6.20748139e+00 5.23242227e+00 4.61611561e+00 
3.30000000e+04 1.05788890e+01 7.82975325e+00 6.19271241e+00 5.22122023e+00 4.60716841e+00 
3.31000000e+04 1.05539580e+01 7.80997128e+00 6.17804191e+00 5.21009286e+00 4.59827829e+00 
3.32000000e+04 1.05291488e+01 7.79031051e+00 6.16346892e+00 5.19903939e+00 4.58944466e+00 
3.33000000e+04 1.05044607e+01 7.77076994e+00 6.14899252e+00 5.18805906e+00 4.58066694e+00 
3.34000000e+04 1.04798929e+01 7.75134856e+00 6.13461176e+00 5.17715113e+00 4.57194453e+00 
3.35000000e+04 1.04554447e+01 7.73204537e+00 6.12032573e+00 5.16631487e+00 4.56327686e+00 
3.36000000e+04 1.04311153e+01 7.71285940e+00 6.10613352e+00 5.15554953e+00 4.55466338e+00 
3.37000000e+04 1.04069041e+01 7.69378967e+00 6.09203424e+00 5.14485441e+00 4.54610351e+00 
3.38000000e+04 1.03828104e+01 7.67483522e+00 6.07802700e+00 5.13422879e+00 4.53759671e+00 
3.39000000e+04 1.03588333e+01 7.65599508e+00 6.06411093e+00 5.12367197e+00 4.52914243e+00 
3.40000000e+04 1.03349723e+01 7.63726831e+00 6.05028515e+00 5.11318327e+00 4.52074014e+00 
3.41000000e+04 1.03112266e+01 7.61865399e+00 6.03654882e+00 5.10276199e+00 4.51238931e+00 
3.42000000e+04 1.02875954e+01 7.60015117e+00 6.02290109e+00 5.09240747e+00 4.50408941e+00 
3.43000000e+04 1.02640782e+01 7.58175894e+00 6.00934113e+00 5.08211903e+00 4.49583993e+00 
3.44000000e+04 1.02406742e+01 7.56347640e+00 5.99586811e+00 5.07189603e+00 4.48764036e+00 
3.45000000e+04 1.02173827e+01 7.54530264e+00 5.98248121e+00 5.06173780e+00 4.47949019e+00 
3.46000000e+04 1.01942030e+01 7.52723677e+00 5.96917962e+00 5.05164372e+00 4.47138894e+00 
3.47000000e+04 1.01711345e+01 7.50927790e+00 5.95596256e+00 5.04161315e+00 4.46333611e+00 
3.48000000e+04 1.01481764e+01 7.49142517e+00 5.94282924e+00 5.03164546e+00 4.45533121e+00 
3.49000000e+04 1.01253282e+01 7.47367771e+00 5.92977886e+00 5.02174004e+00 4.44737378e+00 
3.50000000e+04 1.01025891e+01 7.45603466e+00 5.91681068e+00 5.01189628e+00 4.43946333e+00 
3.51000000e+04 1.00799585e+01 7.43849517e+00 5.90392391e+00 5.00211357e+00 4.43159941e+00 
3.52000000e+04 1.00574356e+01 7.42105840e+00 5.89111782e+00 4.99239132e+00 4.42378156e+00 
3.53000000e+04 1.00350200e+01 7.40372351e+00 5.87839166e+00 4.98272895e+00 4.41600932e+00 
3.54000000e+04 1.00127108e+01 7.38648969e+00 5.86574470e+00 4.97312587e+00 4.40828224e+00 
3.55000000e+04 9.99050755e+00 7.36935612e+00 5.85317620e+00 4.96358152e+00 4.40059989e+00 
3.56000000e+04 9.96840947e+00 7.35232199e+00 5.84068546e+00 4.95409532e+00 4.39296183e+00 
3.57000000e+04 9.94641597e+00 7.33538650e+00 5.82827175e+00 4.94466672e+00 4.38536762e+00 
3.58000000e+04 9.92452641e+00 7.31854885e+00 5.81593438e+00 4.93529517e+00 4.37781685e+00 
3.59000000e+04 9.90274016e+00 7.30180826e+00 5.80367266e+00 4.92598012e+00 4.37030909e+00 
3.60000000e+04 9.88105659e+00 7.28516395e+00 5.79148589e+00 4.91672103e+00 4.36284392e+00 
3.61000000e+04 9.85947508e+00 7.26861516e+00 5.77937341e+00 4.90751737e+00 4.35542095e+00 
3.62000000e+04 9.83799500e+00 7.25216111e+00 5.76733454e+00 4.89836862e+00 4.34803976e+00 
3.63000000e+04 9.81661575e+00 7.23580106e+00 5.75536861e+00 4.88927425e+00 4.34069996e+00 
3.64000000e+04 9.79533671e+00 7.21953425e+00 5.74347497e+00 4.88023376e+00 4.33340115e+00 
3.65000000e+04 9.77415726e+00 7.20335995e+00 5.73165297e+00 4.87124664e+00 4.32614294e+00 
3.66000000e+04 9.75307682e+00 7.18727742e+00 5.71990198e+00 4.86231238e+00 4.31892494e+00 
3.67000000e+04 9.73209478e+00 7.17128593e+00 5.70822135e+00 4.85343049e+00 4.31174679e+00 
3.68000000e+04 9.71121054e+00 7.15538477e+00 5.69661047e+00 4.84460049e+00 4.30460809e+00 
3.69000000e+04 9.69042351e+00 7.13957321e+00 5.68506870e+00 4.83582188e+00 4.29750849e+00 
3.70000000e+04 9.66973310e+00 7.12385056e+00 5.67359545e+00 4.82709420e+00 4.29044762e+00 
3.71000000e+04 9.64913873e+00 7.10821611e+00 5.66219009e+00 4.81841697e+00 4.28342511e+00 
3.72000000e+04 9.62863982e+00 7.09266917e+00 5.65085204e+00 4.80978973e+00 4.27644060e+00 
3.73000000e+04 9.60823579e+00 7.07720906e+00 5.63958069e+00 4.80121201e+00 4.26949375e+00 
3.74000000e+04 9.58792607e+00 7.06183510e+00 5.62837547e+00 4.79268336e+00 4.26258420e+00 
3.75000000e+04 9.56771008e+00 7.04654660e+00 5.61723579e+00 4.78420333e+00 4.25571162e+00 
3.76000000e+04 9.54758726e+00 7.03134291e+00 5.60616108e+00 4.77577148e+00 4.24887566e+00 
3.77000000e+04 9.52755706e+00 7.01622336e+00 5.59515077e+00 4.76738736e+00 4.24207598e+00 
3.78000000e+04 9.50761890e+00 7.00118731e+00 5.58420431e+00 4.75905055e+00 4.23531225e+00 
3.79000000e+04 9.48777224e+00 6.98623409e+00 5.57332113e+00 4.75076061e+00 4.22858415e+00 
3.80000000e+04 9.46801653e+00 6.97136307e+00 5.56250068e+00 4.74251712e+00 4.22189134e+00 
3.81000000e+04 9.44835122e+00 6.95657362e+00 5.55174243e+00 4.73431965e+00 4.21523352e+00 
3.82000000e+04 9.42877576e+00 6.94186510e+00 5.54104584e+00 4.72616781e+00 4.20861036e+00 
3.83000000e+04 9.40928961e+00 6.92723688e+00 5.53041037e+00 4.71806117e+00 4.20202155e+00 
3.84000000e+04 9.38989225e+00 6.91268836e+00 5.51983550e+00 4.70999933e+00 4.19546678e+00 
3.85000000e+04 9.37058313e+00 6.89821891e+00 5.50932071e+00 4.70198189e+00 4.18894574e+00 
3.86000000e+04 9.35136172e+00 6.88382794e+00 5.49886549e+00 4.69400846e+00 4.18245814e+00 
3.87000000e+04 9.33222750e+00 6.86951483e+00 5.48846933e+00 4.68607865e+00 4.17600367e+00 
3.88000000e+04 9.31317995e+00 6.85527899e+00 5.47813171e+00 4.67819206e+00 4.16958204e+00 
3.89000000e+04 9.29421855e+00 6.84111984e+00 5.46785216e+00 4.67034831e+00 4.16319296e+00 
3.90000000e+04 9.27534279e+00 6.82703679e+00 5.45763017e+00 4.66254704e+00 4.15683614e+00 
3.91000000e+04 9.25655214e+00 6.81302926e+00 5.44746525e+00 4.65478785e+00 4.15051130e+00 
3.92000000e+04 9.23784610e+00 6.79909667e+00 5.43735693e+00 4.64707040e+00 4.14421814e+00 
3.93000000e+04 9.21922417e+00 6.78523846e+00 5.42730472e+00 4.63939430e+00 4.13795641e+00 
3.94000000e+04 9.20068585e+00 6.77145407e+00 5.41730816e+00 4.63175920e+00 4.13172581e+00 
3.95000000e+04 9.18223063e+00 6.75774293e+00 5.40736678e+00 4.62416474e+00 4.12552608e+00 
3.96000000e+04 9.16385802e+00 6.74410449e+00 5.39748011e+00 4.61661056e+00 4.11935695e+00 
3.97000000e+04 9.14556753e+00 6.73053821e+00 5.38764770e+00 4.60909633e+00 4.11321815e+00 
3.98000000e+04 9.12735868e+00 6.71704355e+00 5.37786909e+00 4.60162169e+00 4.10710942e+00 
3.99000000e+04 9.10923096e+00 6.70361996e+00 5.36814384e+00 4.59418630e+00 4.10103051e+00 
4.00000000e+04 9.09118391e+00 6.69026691e+00 5.35847151e+00 4.58678982e+00 4.09498114e+00 
4.01000000e+04 9.07321705e+00 6.67698387e+00 5.34885166e+00 4.57943193e+00 4.08896108e+00 
4.02000000e+04 9.05532989e+00 6.66377033e+00 5.33928384e+00 4.57211228e+00 4.08297007e+00 
4.03000000e+04 9.03752197e+00 6.65062576e+00 5.32976764e+00 4.56483056e+00 4.07700786e+00 
4.04000000e+04 9.01979282e+00 6.63754965e+00 5.32030263e+00 4.55758644e+00 4.07107420e+00 
4.05000000e+04 9.00214197e+00 6.62454149e+00 5.31088839e+00 4.55037959e+00 4.06516886e+00 
4.06000000e+04 8.98456896e+00 6.61160078e+00 5.30152450e+00 4.54320972e+00 4.05929159e+00 
4.07000000e+04 8.96707332e+00 6.59872702e+00 5.29221055e+00 4.53607649e+00 4.05344215e+00 
4.08000000e+04 8.94965461e+00 6.58591970e+00 5.28294613e+00 4.52897961e+00 4.04762031e+00 
4.09000000e+04 8.93231236e+00 6.57317835e+00 5.27373085e+00 4.52191876e+00 4.04182585e+00 
4.10000000e+04 8.91504614e+00 6.56050248e+00 5.26456429e+00 4.51489365e+00 4.03605852e+00 
4.11000000e+04 8.89785548e+00 6.54789159e+00 5.25544606e+00 4.50790398e+00 4.03031811e+00 
4.12000000e+04 8.88073995e+00 6.53534523e+00 5.24637579e+00 4.50094944e+00 4.02460438e+00 
4.13000000e+04 8.86369910e+00 6.52286290e+00 5.23735306e+00 4.49402975e+00 4.01891712e+00 
4.14000000e+04 8.84673249e+00 6.51044415e+00 5.22837752e+00 4.48714462e+00 4.01325610e+00 
4.15000000e+04 8.82983970e+00 6.49808851e+00 5.21944876e+00 4.48029376e+00 4.00762111e+00 
4.16000000e+04 8.81302029e+00 6.48579552e+00 5.21056643e+00 4.47347688e+00 4.00201194e+00 
4.17000000e+04 8.79627382e+00 6.47356473e+00 5.20173014e+00 4.46669371e+00 3.99642837e+00 
4.18000000e+04 8.77959987e+00 6.46139567e+00 5.19293953e+00 4.45994398e+00 3.99087019e+00 
4.19000000e+04 8.76299802e+00 6.44928791e+00 5.18419424e+00 4.45322739e+00 3.98533720e+00 
4.20000000e+04 8.74646784e+00 6.43724099e+00 5.17549390e+00 4.44654369e+00 3.97982918e+00 
4.21000000e+04 8.73000892e+00 6.42525448e+00 5.16683816e+00 4.43989260e+00 3.97434593e+00 
4.22000000e+04 8.71362085e+00 6.41332795e+00 5.15822667e+00 4.43327386e+00 3.96888726e+00 
4.23000000e+04 8.69730320e+00 6.40146095e+00 5.14965907e+00 4.42668721e+00 3.96345297e+00 
4.24000000e+04 8.68105557e+00 6.38965306e+00 5.14113502e+00 4.42013238e+00 3.95804285e+00 
4.25000000e+04 8.66487756e+00 6.37790386e+00 5.13265418e+00 4.41360912e+00 3.95265671e+00 
4.26000000e+04 8.64876875e+00 6.36621293e+00 5.12421620e+00 4.40711717e+00 3.94729437e+00 
4.27000000e+04 8.63272875e+00 6.35457984e+00 5.11582076e+00 4.40065628e+00 3.94195562e+00 
4.28000000e+04 8.61675716e+00 6.34300419e+00 5.10746751e+00 4.39422620e+00 3.93664028e+00 
4.29000000e+04 8.60085358e+00 6.33148556e+00 5.09915613e+00 4.38782668e+00 3.93134817e+00 
4.30000000e+04 8.58501762e+00 6.32002355e+00 5.09088630e+00 4.38145749e+00 3.92607910e+00 
4.31000000e+04 8.56924888e+00 6.30861776e+00 5.08265768e+00 4.37511837e+00 3.92083288e+00 
4.32000000e+04 8.55354698e+00 6.29726778e+00 5.07446996e+00 4.36880909e+00 3.91560934e+00 
4.33000000e+04 8.53791154e+00 6.28597322e+00 5.06632283e+00 4.36252941e+00 3.91040829e+00 
4.34000000e+04 8.52234217e+00 6.27473370e+00 5.05821597e+00 4.35627910e+00 3.90522956e+00 
4.35000000e+04 8.50683849e+00 6.26354881e+00 5.05014907e+00 4.35005792e+00 3.90007298e+00 
4.36000000e+04 8.49140012e+00 6.25241817e+00 5.04212182e+00 4.34386564e+00 3.89493837e+00 
4.37000000e+04 8.47602668e+00 6.24134141e+00 5.03413392e+00 4.33770205e+00 3.88982556e+00 
4.38000000e+04 8.46071781e+00 6.23031814e+00 5.02618506e+00 4.33156690e+00 3.88473437e+00 
4.39000000e+04 8.44547314e+00 6.21934798e+00 5.01827496e+00 4.32545998e+00 3.87966465e+00 
4.40000000e+04 8.43029229e+00 6.20843058e+00 5.01040330e+00 4.31938108e+00 3.87461622e+00 
4.41000000e+04 8.41517490e+00 6.19756555e+00 5.00256981e+00 4.31332996e+00 3.86958892e+00 
4.42000000e+04 8.40012062e+00 6.18675253e+00 4.99477419e+00 4.30730642e+00 3.86458259e+00 
4.43000000e+04 8.38512906e+00 6.17599116e+00 4.98701614e+00 4.30131024e+00 3.85959707e+00 
4.44000000e+04 8.37019989e+00 6.16528108e+00 4.97929540e+00 4.29534121e+00 3.85463219e+00 
4.45000000e+04 8.35533275e+00 6.15462193e+00 4.97161168e+00 4.28939912e+00 3.84968780e+00 
4.46000000e+04 8.34052727e+00 6.14401336e+00 4.96396469e+00 4.28348375e+00 3.84476375e+00 
4.47000000e+04 8.32578311e+00 6.13345502e+00 4.95635417e+00 4.27759492e+00 3.83985987e+00 
4.48000000e+04 8.31109993e+00 6.12294656e+00 4.94877983e+00 4.27173241e+00 3.83497601e+00 
4.49000000e+04 8.29647737e+00 6.11248764e+00 4.94124141e+00 4.26589602e+00 3.83011203e+00 
4.50000000e+04 8.28191510e+00 6.10207792e+00 4.93373864e+00 4.26008556e+00 3.82526777e+00 
4.51000000e+04 8.26741277e+00 6.09171705e+00 4.92627125e+00 4.25430082e+00 3.82044308e+00 
4.52000000e+04 8.25297003e+00 6.08140471e+00 4.91883899e+00 4.24854161e+00 3.81563782e+00 
4.53000000e+04 8.23858656e+00 6.07114056e+00 4.91144158e+00 4.24280773e+00 3.81085184e+00 
4.54000000e+04 8.22426203e+00 6.06092427e+00 4.90407877e+00 4.23709900e+00 3.80608500e+00 
4.55000000e+04 8.20999609e+00 6.05075551e+00 4.89675031e+00 4.23141523e+00 3.80133715e+00 
4.56000000e+04 8.19578842e+00 6.04063396e+00 4.88945594e+00 4.22575622e+00 3.79660816e+00 
4.57000000e+04 8.18163868e+00 6.03055930e+00 4.88219541e+00 4.22012180e+00 3.79189788e+00 
4.58000000e+04 8.16754656e+00 6.02053120e+00 4.87496847e+00 4.21451177e+00 3.78720617e+00 
4.59000000e+04 8.15351174e+00 6.01054936e+00 4.86777487e+00 4.20892596e+00 3.78253290e+00 
4.60000000e+04 8.13953388e+00 6.00061346e+00 4.86061438e+00 4.20336418e+00 3.77787793e+00 
4.61000000e+04 8.12561267e+00 5.99072319e+00 4.85348675e+00 4.19782626e+00 3.77324113e+00 
4.62000000e+04 8.11174779e+00 5.98087824e+00 4.84639173e+00 4.19231201e+00 3.76862237e+00 
4.63000000e+04 8.09793893e+00 5.97107830e+00 4.83932910e+00 4.18682127e+00 3.76402150e+00 
4.64000000e+04 8.08418578e+00 5.96132307e+00 4.83229861e+00 4.18135386e+00 3.75943841e+00 
4.65000000e+04 8.07048802e+00 5.95161226e+00 4.82530004e+00 4.17590961e+00 3.75487296e+00 
4.66000000e+04 8.05684534e+00 5.94194556e+00 4.81833315e+00 4.17048834e+00 3.75032502e+00 
4.67000000e+04 8.04325745e+00 5.93232268e+00 4.81139771e+00 4.16508990e+00 3.74579447e+00 
4.68000000e+04 8.02972403e+00 5.92274332e+00 4.80449351e+00 4.15971410e+00 3.74128118e+00 
4.69000000e+04 8.01624477e+00 5.91320720e+00 4.79762030e+00 4.15436079e+00 3.73678503e+00 
4.70000000e+04 8.00281939e+00 5.90371403e+00 4.79077788e+00 4.14902980e+00 3.73230590e+00 
4.71000000e+04 7.98944759e+00 5.89426351e+00 4.78396601e+00 4.14372098e+00 3.72784366e+00 
4.72000000e+04 7.97612905e+00 5.88485538e+00 4.77718449e+00 4.13843415e+00 3.72339819e+00 
4.73000000e+04 7.96286350e+00 5.87548934e+00 4.77043310e+00 4.13316916e+00 3.71896937e+00 
4.74000000e+04 7.94965064e+00 5.86616511e+00 4.76371161e+00 4.12792586e+00 3.71455709e+00 
4.75000000e+04 7.93649017e+00 5.85688243e+00 4.75701982e+00 4.12270408e+00 3.71016123e+00 
4.76000000e+04 7.92338181e+00 5.84764102e+00 4.75035752e+00 4.11750367e+00 3.70578166e+00 
4.77000000e+04 7.91032527e+00 5.83844060e+00 4.74372451e+00 4.11232448e+00 3.70141828e+00 
4.78000000e+04 7.89732027e+00 5.82928091e+00 4.73712056e+00 4.10716636e+00 3.69707097e+00 
4.79000000e+04 7.88436653e+00 5.82016168e+00 4.73054548e+00 4.10202915e+00 3.69273963e+00 
4.80000000e+04 7.87146375e+00 5.81108264e+00 4.72399906e+00 4.09691271e+00 3.68842412e+00 
4.81000000e+04 7.85861167e+00 5.80204353e+00 4.71748111e+00 4.09181689e+00 3.68412436e+00 
4.82000000e+04 7.84581000e+00 5.79304410e+00 4.71099143e+00 4.08674154e+00 3.67984022e+00 
4.83000000e+04 7.83305848e+00 5.78408407e+00 4.70452981e+00 4.08168652e+00 3.67557160e+00 
4.84000000e+04 7.82035681e+00 5.77516319e+00 4.69809606e+00 4.07665168e+00 3.67131839e+00 
4.85000000e+04 7.80770475e+00 5.76628122e+00 4.69168998e+00 4.07163688e+00 3.66708048e+00 
4.86000000e+04 7.79510200e+00 5.75743789e+00 4.68531139e+00 4.06664199e+00 3.66285777e+00 
4.87000000e+04 7.78254831e+00 5.74863296e+00 4.67896009e+00 4.06166686e+00 3.65865016e+00 
4.88000000e+04 7.77004341e+00 5.73986618e+00 4.67263590e+00 4.05671135e+00 3.65445753e+00 
4.89000000e+04 7.75758703e+00 5.73113730e+00 4.66633863e+00 4.05177532e+00 3.65027979e+00 
4.90000000e+04 7.74517891e+00 5.72244608e+00 4.66006808e+00 4.04685865e+00 3.64611683e+00 
4.91000000e+04 7.73281878e+00 5.71379228e+00 4.65382409e+00 4.04196119e+00 3.64196856e+00 
4.92000000e+04 7.72050640e+00 5.70517565e+00 4.64760646e+00 4.03708282e+00 3.63783488e+00 
4.93000000e+04 7.70824149e+00 5.69659595e+00 4.64141501e+00 4.03222339e+00 3.63371568e+00 
4.94000000e+04 7.69602381e+00 5.68805296e+00 4.63524957e+00 4.02738279e+00 3.62961087e+00 
4.95000000e+04 7.68385310e+00 5.67954643e+00 4.62910996e+00 4.02256088e+00 3.62552034e+00 
4.96000000e+04 7.67172910e+00 5.67107613e+00 4.62299600e+00 4.01775752e+00 3.62144401e+00 
4.97000000e+04 7.65965157e+00 5.66264183e+00 4.61690751e+00 4.01297260e+00 3.61738178e+00 
4.98000000e+04 7.64762025e+00 5.65424331e+00 4.61084433e+00 4.00820599e+00 3.61333356e+00 
4.99000000e+04 7.63563489e+00 5.64588033e+00 4.60480628e+00 4.00345756e+00 3.60929924e+00 
5.00000000e+04 7.62369526e+00 5.63755266e+00 4.59879320e+00 3.99872719e+00 3.60527874e+00 
5.01000000e+04 7.61180110e+00 5.62926010e+00 4.59280491e+00 3.99401476e+00 3.60127197e+00 
5.02000000e+04 7.59995217e+00 5.62100241e+00 4.58684124e+00 3.98932014e+00 3.59727883e+00 
5.03000000e+04 7.58814824e+00 5.61277937e+00 4.58090204e+00 3.98464321e+00 3.59329924e+00 
5.04000000e+04 7.57638905e+00 5.60459077e+00 4.57498714e+00 3.97998386e+00 3.58933310e+00 
5.05000000e+04 7.56467437e+00 5.59643638e+00 4.56909637e+00 3.97534197e+00 3.58538033e+00 
5.06000000e+04 7.55300396e+00 5.58831600e+00 4.56322957e+00 3.97071741e+00 3.58144083e+00 
5.07000000e+04 7.54137759e+00 5.58022941e+00 4.55738659e+00 3.96611007e+00 3.57751453e+00 
5.08000000e+04 7.52979503e+00 5.57217640e+00 4.55156726e+00 3.96151984e+00 3.57360133e+00 
5.09000000e+04 7.51825604e+00 5.56415676e+00 4.54577143e+00 3.95694660e+00 3.56970115e+00 
5.10000000e+04 7.50676038e+00 5.55617028e+00 4.53999894e+00 3.95239025e+00 3.56581390e+00 
5.11000000e+04 7.49530784e+00 5.54821675e+00 4.53424964e+00 3.94785065e+00 3.56193951e+00 
5.12000000e+04 7.48389818e+00 5.54029597e+00 4.52852337e+00 3.94332772e+00 3.55807788e+00 
5.13000000e+04 7.47253118e+00 5.53240773e+00 4.52281998e+00 3.93882132e+00 3.55422894e+00 
5.14000000e+04 7.46120660e+00 5.52455184e+00 4.51713933e+00 3.93433137e+00 3.55039260e+00 
5.15000000e+04 7.44992424e+00 5.51672809e+00 4.51148126e+00 3.92985774e+00 3.54656878e+00 
5.16000000e+04 7.43868386e+00 5.50893629e+00 4.50584562e+00 3.92540033e+00 3.54275740e+00 
5.17000000e+04 7.42748524e+00 5.50117624e+00 4.50023227e+00 3.92095903e+00 3.53895838e+00 
5.18000000e+04 7.41632817e+00 5.49344773e+00 4.49464106e+00 3.91653374e+00 3.53517165e+00 
5.19000000e+04 7.40521242e+00 5.48575059e+00 4.48907185e+00 3.91212435e+00 3.53139712e+00 
5.20000000e+04 7.39413779e+00 5.47808460e+00 4.48352449e+00 3.90773076e+00 3.52763472e+00 
5.21000000e+04 7.38310404e+00 5.47044960e+00 4.47799885e+00 3.90335287e+00 3.52388437e+00 
5.22000000e+04 7.37211098e+00 5.46284537e+00 4.47249477e+00 3.89899057e+00 3.52014599e+00 
5.23000000e+04 7.36115839e+00 5.45527175e+00 4.46701213e+00 3.89464377e+00 3.51641951e+00 
5.24000000e+04 7.35024606e+00 5.44772853e+00 4.46155078e+00 3.89031235e+00 3.51270485e+00 
5.25000000e+04 7.33937377e+00 5.44021554e+00 4.45611059e+00 3.88599623e+00 3.50900194e+00 
5.26000000e+04 7.32854132e+00 5.43273258e+00 4.45069141e+00 3.88169531e+00 3.50531071e+00 
5.27000000e+04 7.31774851e+00 5.42527949e+00 4.44529312e+00 3.87740948e+00 3.50163108e+00 
5.28000000e+04 7.30699512e+00 5.41785607e+00 4.43991559e+00 3.87313865e+00 3.49796298e+00 
5.29000000e+04 7.29628095e+00 5.41046215e+00 4.43455867e+00 3.86888273e+00 3.49430633e+00 
5.30000000e+04 7.28560580e+00 5.40309755e+00 4.42922224e+00 3.86464161e+00 3.49066108e+00 
5.31000000e+04 7.27496947e+00 5.39576209e+00 4.42390616e+00 3.86041521e+00 3.48702714e+00 
5.32000000e+04 7.26437175e+00 5.38845559e+00 4.41861031e+00 3.85620343e+00 3.48340444e+00 
5.33000000e+04 7.25381245e+00 5.38117789e+00 4.41333456e+00 3.85200618e+00 3.47979293e+00 
5.34000000e+04 7.24329137e+00 5.37392880e+00 4.40807878e+00 3.84782337e+00 3.47619252e+00 
5.35000000e+04 7.23280831e+00 5.36670817e+00 4.40284284e+00 3.84365490e+00 3.47260315e+00 
5.36000000e+04 7.22236308e+00 5.35951581e+00 4.39762663e+00 3.83950068e+00 3.46902476e+00 
5.37000000e+04 7.21195548e+00 5.35235156e+00 4.39243001e+00 3.83536063e+00 3.46545727e+00 
5.38000000e+04 7.20158532e+00 5.34521525e+00 4.38725286e+00 3.83123465e+00 3.46190062e+00 
5.39000000e+04 7.19125241e+00 5.33810671e+00 4.38209505e+00 3.82712267e+00 3.45835474e+00 
5.40000000e+04 7.18095655e+00 5.33102578e+00 4.37695648e+00 3.82302458e+00 3.45481957e+00 
5.41000000e+04 7.17069756e+00 5.32397229e+00 4.37183702e+00 3.81894030e+00 3.45129505e+00 
5.42000000e+04 7.16047524e+00 5.31694609e+00 4.36673654e+00 3.81486976e+00 3.44778110e+00 
5.43000000e+04 7.15028942e+00 5.30994701e+00 4.36165493e+00 3.81081285e+00 3.44427767e+00 
5.44000000e+04 7.14013991e+00 5.30297488e+00 4.35659208e+00 3.80676950e+00 3.44078469e+00 
5.45000000e+04 7.13002651e+00 5.29602956e+00 4.35154786e+00 3.80273963e+00 3.43730210e+00 
5.46000000e+04 7.11994905e+00 5.28911088e+00 4.34652216e+00 3.79872315e+00 3.43382984e+00 
5.47000000e+04 7.10990735e+00 5.28221868e+00 4.34151487e+00 3.79471997e+00 3.43036784e+00 
5.48000000e+04 7.09990122e+00 5.27535282e+00 4.33652588e+00 3.79073002e+00 3.42691605e+00 
5.49000000e+04 7.08993048e+00 5.26851313e+00 4.33155506e+00 3.78675321e+00 3.42347441e+00 
5.50000000e+04 7.07999496e+00 5.26169946e+00 4.32660231e+00 3.78278947e+00 3.42004284e+00 
5.51000000e+04 7.07009447e+00 5.25491167e+00 4.32166752e+00 3.77883871e+00 3.41662131e+00 
5.52000000e+04 7.06022884e+00 5.24814959e+00 4.31675057e+00 3.77490086e+00 3.41320973e+00 
5.53000000e+04 7.05039790e+00 5.24141308e+00 4.31185136e+00 3.77097584e+00 3.40980807e+00 
5.54000000e+04 7.04060146e+00 5.23470199e+00 4.30696978e+00 3.76706356e+00 3.40641625e+00 
5.55000000e+04 7.03083936e+00 5.22801618e+00 4.30210573e+00 3.76316396e+00 3.40303422e+00 
5.56000000e+04 7.02111143e+00 5.22135549e+00 4.29725908e+00 3.75927695e+00 3.39966193e+00 
5.57000000e+04 7.01141748e+00 5.21471978e+00 4.29242975e+00 3.75540246e+00 3.39629931e+00 
5.58000000e+04 7.00175736e+00 5.20810890e+00 4.28761763e+00 3.75154041e+00 3.39294632e+00 
5.59000000e+04 6.99213088e+00 5.20152272e+00 4.28282260e+00 3.74769073e+00 3.38960289e+00 
5.60000000e+04 6.98253789e+00 5.19496109e+00 4.27804457e+00 3.74385335e+00 3.38626897e+00 
5.61000000e+04 6.97297822e+00 5.18842387e+00 4.27328344e+00 3.74002818e+00 3.38294450e+00 
5.62000000e+04 6.96345169e+00 5.18191091e+00 4.26853910e+00 3.73621517e+00 3.37962944e+00 
5.63000000e+04 6.95395815e+00 5.17542209e+00 4.26381145e+00 3.73241423e+00 3.37632372e+00 
5.64000000e+04 6.94449744e+00 5.16895725e+00 4.25910039e+00 3.72862529e+00 3.37302729e+00 
5.65000000e+04 6.93506938e+00 5.16251627e+00 4.25440583e+00 3.72484829e+00 3.36974011e+00 
5.66000000e+04 6.92567381e+00 5.15609901e+00 4.24972766e+00 3.72108315e+00 3.36646211e+00 
5.67000000e+04 6.91631058e+00 5.14970532e+00 4.24506579e+00 3.71732980e+00 3.36319324e+00 
5.68000000e+04 6.90697952e+00 5.14333509e+00 4.24042011e+00 3.71358817e+00 3.35993346e+00 
5.69000000e+04 6.89768048e+00 5.13698817e+00 4.23579054e+00 3.70985820e+00 3.35668271e+00 
5.70000000e+04 6.88841329e+00 5.13066443e+00 4.23117698e+00 3.70613981e+00 3.35344094e+00 
5.71000000e+04 6.87917781e+00 5.12436374e+00 4.22657933e+00 3.70243294e+00 3.35020810e+00 
5.72000000e+04 6.86997386e+00 5.11808597e+00 4.22199750e+00 3.69873751e+00 3.34698413e+00 
5.73000000e+04 6.86080131e+00 5.11183099e+00 4.21743140e+00 3.69505347e+00 3.34376900e+00 
5.74000000e+04 6.85165999e+00 5.10559867e+00 4.21288093e+00 3.69138075e+00 3.34056265e+00 
5.75000000e+04 6.84254975e+00 5.09938889e+00 4.20834600e+00 3.68771928e+00 3.33736502e+00 
5.76000000e+04 6.83347043e+00 5.09320151e+00 4.20382652e+00 3.68406899e+00 3.33417608e+00 
5.77000000e+04 6.82442189e+00 5.08703641e+00 4.19932240e+00 3.68042982e+00 3.33099577e+00 
5.78000000e+04 6.81540398e+00 5.08089348e+00 4.19483355e+00 3.67680171e+00 3.32782405e+00 
5.79000000e+04 6.80641654e+00 5.07477257e+00 4.19035989e+00 3.67318459e+00 3.32466087e+00 
5.80000000e+04 6.79745943e+00 5.06867357e+00 4.18590131e+00 3.66957840e+00 3.32150618e+00 
5.81000000e+04 6.78853250e+00 5.06259636e+00 4.18145774e+00 3.66598307e+00 3.31835993e+00 
5.82000000e+04 6.77963560e+00 5.05654081e+00 4.17702908e+00 3.66239855e+00 3.31522208e+00 
5.83000000e+04 6.77076859e+00 5.05050681e+00 4.17261526e+00 3.65882477e+00 3.31209258e+00 
5.84000000e+04 6.76193132e+00 5.04449423e+00 4.16821618e+00 3.65526168e+00 3.30897139e+00 
5.85000000e+04 6.75312364e+00 5.03850296e+00 4.16383176e+00 3.65170920e+00 3.30585846e+00 
5.86000000e+04 6.74434542e+00 5.03253288e+00 4.15946192e+00 3.64816728e+00 3.30275374e+00 
5.87000000e+04 6.73559650e+00 5.02658387e+00 4.15510657e+00 3.64463586e+00 3.29965720e+00 
5.88000000e+04 6.72687676e+00 5.02065581e+00 4.15076563e+00 3.64111489e+00 3.29656878e+00 
5.89000000e+04 6.71818604e+00 5.01474859e+00 4.14643901e+00 3.63760429e+00 3.29348844e+00 
5.90000000e+04 6.70952421e+00 5.00886209e+00 4.14212664e+00 3.63410402e+00 3.29041615e+00 
5.91000000e+04 6.70089112e+00 5.00299620e+00 4.13782843e+00 3.63061401e+00 3.28735185e+00 
5.92000000e+04 6.69228665e+00 4.99715081e+00 4.13354431e+00 3.62713421e+00 3.28429550e+00 
5.93000000e+04 6.68371065e+00 4.99132581e+00 4.12927418e+00 3.62366456e+00 3.28124706e+00 
5.94000000e+04 6.67516298e+00 4.98552107e+00 4.12501798e+00 3.62020500e+00 3.27820649e+00 
5.95000000e+04 6.66664351e+00 4.97973650e+00 4.12077562e+00 3.61675548e+00 3.27517374e+00 
5.96000000e+04 6.65815211e+00 4.97397198e+00 4.11654703e+00 3.61331594e+00 3.27214878e+00 
5.97000000e+04 6.64968863e+00 4.96822741e+00 4.11233212e+00 3.60988632e+00 3.26913156e+00 
5.98000000e+04 6.64125296e+00 4.96250266e+00 4.10813082e+00 3.60646658e+00 3.26612205e+00 
5.99000000e+04 6.63284494e+00 4.95679765e+00 4.10394306e+00 3.60305665e+00 3.26312019e+00 
6.00000000e+04 6.62446446e+00 4.95111225e+00 4.09976876e+00 3.59965648e+00 3.26012595e+00 
6.01000000e+04 6.61611138e+00 4.94544637e+00 4.09560783e+00 3.59626602e+00 3.25713930e+00 
6.02000000e+04 6.60778556e+00 4.93979989e+00 4.09146021e+00 3.59288521e+00 3.25416018e+00 
6.03000000e+04 6.59948689e+00 4.93417271e+00 4.08732583e+00 3.58951401e+00 3.25118857e+00 
6.04000000e+04 6.59121523e+00 4.92856474e+00 4.08320460e+00 3.58615235e+00 3.24822441e+00 
6.05000000e+04 6.58297045e+00 4.92297586e+00 4.07909646e+00 3.58280019e+00 3.24526768e+00 
6.06000000e+04 6.57475243e+00 4.91740597e+00 4.07500134e+00 3.57945747e+00 3.24231834e+00 
6.07000000e+04 6.56656104e+00 4.91185497e+00 4.07091915e+00 3.57612415e+00 3.23937634e+00 
6.08000000e+04 6.55839615e+00 4.90632276e+00 4.06684983e+00 3.57280017e+00 3.23644164e+00 
6.09000000e+04 6.55025764e+00 4.90080924e+00 4.06279331e+00 3.56948548e+00 3.23351422e+00 
6.10000000e+04 6.54214539e+00 4.89531431e+00 4.05874951e+00 3.56618003e+00 3.23059402e+00 
6.11000000e+04 6.53405926e+00 4.88983787e+00 4.05471838e+00 3.56288377e+00 3.22768103e+00 
6.12000000e+04 6.52599915e+00 4.88437981e+00 4.05069982e+00 3.55959665e+00 3.22477519e+00 
6.13000000e+04 6.51796491e+00 4.87894006e+00 4.04669379e+00 3.55631863e+00 3.22187647e+00 
6.14000000e+04 6.50995645e+00 4.87351849e+00 4.04270021e+00 3.55304965e+00 3.21898484e+00 
6.15000000e+04 6.50197362e+00 4.86811503e+00 4.03871900e+00 3.54978966e+00 3.21610025e+00 
6.16000000e+04 6.49401632e+00 4.86272957e+00 4.03475011e+00 3.54653862e+00 3.21322268e+00 
6.17000000e+04 6.48608443e+00 4.85736202e+00 4.03079347e+00 3.54329647e+00 3.21035208e+00 
6.18000000e+04 6.47817782e+00 4.85201228e+00 4.02684901e+00 3.54006318e+00 3.20748843e+00 
6.19000000e+04 6.47029637e+00 4.84668026e+00 4.02291665e+00 3.53683870e+00 3.20463168e+00 
6.20000000e+04 6.46243998e+00 4.84136587e+00 4.01899635e+00 3.53362297e+00 3.20178181e+00 
6.21000000e+04 6.45460852e+00 4.83606901e+00 4.01508803e+00 3.53041595e+00 3.19893877e+00 
6.22000000e+04 6.44680188e+00 4.83078959e+00 4.01119163e+00 3.52721760e+00 3.19610254e+00 
6.23000000e+04 6.43901994e+00 4.82552753e+00 4.00730708e+00 3.52402786e+00 3.19327307e+00 
6.24000000e+04 6.43126259e+00 4.82028272e+00 4.00343431e+00 3.52084670e+00 3.19045034e+00 
6.25000000e+04 6.42352971e+00 4.81505508e+00 3.99957328e+00 3.51767407e+00 3.18763431e+00 
6.26000000e+04 6.41582119e+00 4.80984452e+00 3.99572391e+00 3.51450992e+00 3.18482494e+00 
6.27000000e+04 6.40813693e+00 4.80465096e+00 3.99188613e+00 3.51135422e+00 3.18202222e+00 
6.28000000e+04 6.40047679e+00 4.79947429e+00 3.98805990e+00 3.50820690e+00 3.17922609e+00 
6.29000000e+04 6.39284069e+00 4.79431444e+00 3.98424514e+00 3.50506794e+00 3.17643653e+00 
6.30000000e+04 6.38522849e+00 4.78917131e+00 3.98044180e+00 3.50193729e+00 3.17365351e+00 
6.31000000e+04 6.37764011e+00 4.78404483e+00 3.97664981e+00 3.49881491e+00 3.17087700e+00 
6.32000000e+04 6.37007541e+00 4.77893490e+00 3.97286912e+00 3.49570074e+00 3.16810695e+00 
6.33000000e+04 6.36253430e+00 4.77384143e+00 3.96909966e+00 3.49259476e+00 3.16534335e+00 
6.34000000e+04 6.35501668e+00 4.76876436e+00 3.96534137e+00 3.48949691e+00 3.16258616e+00 
6.35000000e+04 6.34752242e+00 4.76370358e+00 3.96159421e+00 3.48640716e+00 3.15983534e+00 
6.36000000e+04 6.34005142e+00 4.75865901e+00 3.95785809e+00 3.48332546e+00 3.15709087e+00 
6.37000000e+04 6.33260359e+00 4.75363058e+00 3.95413298e+00 3.48025177e+00 3.15435272e+00 
6.38000000e+04 6.32517880e+00 4.74861820e+00 3.95041881e+00 3.47718606e+00 3.15162085e+00 
6.39000000e+04 6.31777696e+00 4.74362178e+00 3.94671552e+00 3.47412828e+00 3.14889524e+00 
6.40000000e+04 6.31039797e+00 4.73864126e+00 3.94302306e+00 3.47107838e+00 3.14617586e+00 
6.41000000e+04 6.30304171e+00 4.73367653e+00 3.93934137e+00 3.46803634e+00 3.14346266e+00 
6.42000000e+04 6.29570809e+00 4.72872753e+00 3.93567039e+00 3.46500211e+00 3.14075564e+00 
6.43000000e+04 6.28839700e+00 4.72379417e+00 3.93201007e+00 3.46197565e+00 3.13805475e+00 
6.44000000e+04 6.28110834e+00 4.71887638e+00 3.92836035e+00 3.45895691e+00 3.13535996e+00 
6.45000000e+04 6.27384201e+00 4.71397407e+00 3.92472118e+00 3.45594588e+00 3.13267125e+00 
6.46000000e+04 6.26659790e+00 4.70908717e+00 3.92109250e+00 3.45294249e+00 3.12998859e+00 
6.47000000e+04 6.25937593e+00 4.70421560e+00 3.91747425e+00 3.44994672e+00 3.12731195e+00 
6.48000000e+04 6.25217598e+00 4.69935928e+00 3.91386640e+00 3.44695853e+00 3.12464130e+00 
6.49000000e+04 6.24499796e+00 4.69451813e+00 3.91026887e+00 3.44397787e+00 3.12197662e+00 
6.50000000e+04 6.23784178e+00 4.68969208e+00 3.90668162e+00 3.44100471e+00 3.11931786e+00 
6.51000000e+04 6.23070732e+00 4.68488105e+00 3.90310459e+00 3.43803902e+00 3.11666502e+00 
6.52000000e+04 6.22359450e+00 4.68008497e+00 3.89953773e+00 3.43508076e+00 3.11401805e+00 
6.53000000e+04 6.21650321e+00 4.67530376e+00 3.89598100e+00 3.43212988e+00 3.11137693e+00 
6.54000000e+04 6.20943337e+00 4.67053735e+00 3.89243433e+00 3.42918636e+00 3.10874164e+00 
6.55000000e+04 6.20238487e+00 4.66578566e+00 3.88889768e+00 3.42625015e+00 3.10611214e+00 
6.56000000e+04 6.19535762e+00 4.66104861e+00 3.88537099e+00 3.42332122e+00 3.10348841e+00 
6.57000000e+04 6.18835152e+00 4.65632615e+00 3.88185422e+00 3.42039954e+00 3.10087043e+00 
6.58000000e+04 6.18136649e+00 4.65161819e+00 3.87834731e+00 3.41748506e+00 3.09825816e+00 
6.59000000e+04 6.17440242e+00 4.64692465e+00 3.87485022e+00 3.41457776e+00 3.09565158e+00 
6.60000000e+04 6.16745922e+00 4.64224548e+00 3.87136289e+00 3.41167759e+00 3.09305066e+00 
6.61000000e+04 6.16053681e+00 4.63758060e+00 3.86788527e+00 3.40878453e+00 3.09045539e+00 
6.62000000e+04 6.15363508e+00 4.63292993e+00 3.86441732e+00 3.40589853e+00 3.08786572e+00 
6.63000000e+04 6.14675395e+00 4.62829341e+00 3.86095899e+00 3.40301957e+00 3.08528163e+00 
6.64000000e+04 6.13989333e+00 4.62367097e+00 3.85751023e+00 3.40014761e+00 3.08270311e+00 
6.65000000e+04 6.13305312e+00 4.61906254e+00 3.85407098e+00 3.39728261e+00 3.08013012e+00 
6.66000000e+04 6.12623323e+00 4.61446804e+00 3.85064121e+00 3.39442455e+00 3.07756264e+00 
6.67000000e+04 6.11943358e+00 4.60988742e+00 3.84722087e+00 3.39157338e+00 3.07500065e+00 
6.68000000e+04 6.11265408e+00 4.60532060e+00 3.84380990e+00 3.38872907e+00 3.07244411e+00 
6.69000000e+04 6.10589463e+00 4.60076751e+00 3.84040827e+00 3.38589160e+00 3.06989301e+00 
6.70000000e+04 6.09915515e+00 4.59622809e+00 3.83701592e+00 3.38306093e+00 3.06734732e+00 
6.71000000e+04 6.09243555e+00 4.59170227e+00 3.83363280e+00 3.38023702e+00 3.06480702e+00 
6.72000000e+04 6.08573575e+00 4.58718998e+00 3.83025888e+00 3.37741984e+00 3.06227207e+00 
6.73000000e+04 6.07905565e+00 4.58269116e+00 3.82689411e+00 3.37460937e+00 3.05974246e+00 
6.74000000e+04 6.07239517e+00 4.57820574e+00 3.82353844e+00 3.37180556e+00 3.05721817e+00 
6.75000000e+04 6.06575423e+00 4.57373366e+00 3.82019183e+00 3.36900840e+00 3.05469917e+00 
6.76000000e+04 6.05913274e+00 4.56927485e+00 3.81685423e+00 3.36621783e+00 3.05218543e+00 
6.77000000e+04 6.05253061e+00 4.56482925e+00 3.81352560e+00 3.36343385e+00 3.04967693e+00 
6.78000000e+04 6.04594776e+00 4.56039680e+00 3.81020589e+00 3.36065640e+00 3.04717366e+00 
6.79000000e+04 6.03938411e+00 4.55597742e+00 3.80689506e+00 3.35788547e+00 3.04467558e+00 
6.80000000e+04 6.03283958e+00 4.55157107e+00 3.80359306e+00 3.35512102e+00 3.04218267e+00 
6.81000000e+04 6.02631407e+00 4.54717766e+00 3.80029987e+00 3.35236302e+00 3.03969491e+00 
6.82000000e+04 6.01980751e+00 4.54279715e+00 3.79701542e+00 3.34961144e+00 3.03721228e+00 
6.83000000e+04 6.01331982e+00 4.53842947e+00 3.79373968e+00 3.34686625e+00 3.03473476e+00 
6.84000000e+04 6.00685091e+00 4.53407455e+00 3.79047260e+00 3.34412742e+00 3.03226232e+00 
6.85000000e+04 6.00040070e+00 4.52973235e+00 3.78721415e+00 3.34139492e+00 3.02979494e+00 
6.86000000e+04 5.99396911e+00 4.52540279e+00 3.78396428e+00 3.33866872e+00 3.02733260e+00 
6.87000000e+04 5.98755607e+00 4.52108582e+00 3.78072294e+00 3.33594880e+00 3.02487527e+00 
6.88000000e+04 5.98116149e+00 4.51678137e+00 3.77749011e+00 3.33323511e+00 3.02242294e+00 
6.89000000e+04 5.97478529e+00 4.51248939e+00 3.77426574e+00 3.33052765e+00 3.01997558e+00 
6.90000000e+04 5.96842739e+00 4.50820981e+00 3.77104978e+00 3.32782636e+00 3.01753318e+00 
6.91000000e+04 5.96208772e+00 4.50394258e+00 3.76784220e+00 3.32513123e+00 3.01509570e+00 
6.92000000e+04 5.95576619e+00 4.49968764e+00 3.76464295e+00 3.32244223e+00 3.01266313e+00 
6.93000000e+04 5.94946273e+00 4.49544494e+00 3.76145200e+00 3.31975933e+00 3.01023545e+00 
6.94000000e+04 5.94317726e+00 4.49121440e+00 3.75826930e+00 3.31708250e+00 3.00781264e+00 
6.95000000e+04 5.93690971e+00 4.48699598e+00 3.75509483e+00 3.31441172e+00 3.00539468e+00 
6.96000000e+04 5.93066000e+00 4.48278962e+00 3.75192853e+00 3.31174695e+00 3.00298153e+00 
6.97000000e+04 5.92442805e+00 4.47859526e+00 3.74877037e+00 3.30908817e+00 3.00057320e+00 
6.98000000e+04 5.91821378e+00 4.47441285e+00 3.74562030e+00 3.30643535e+00 2.99816965e+00 
6.99000000e+04 5.91201712e+00 4.47024232e+00 3.74247830e+00 3.30378846e+00 2.99577086e+00 
7.00000000e+04 5.90583801e+00 4.46608363e+00 3.73934433e+00 3.30114748e+00 2.99337681e+00 
7.01000000e+04 5.89967635e+00 4.46193671e+00 3.73621834e+00 3.29851238e+00 2.99098749e+00 
7.02000000e+04 5.89353208e+00 4.45780152e+00 3.73310029e+00 3.29588314e+00 2.98860287e+00 
7.03000000e+04 5.88740512e+00 4.45367799e+00 3.72999016e+00 3.29325972e+00 2.98622294e+00 
7.04000000e+04 5.88129541e+00 4.44956607e+00 3.72688790e+00 3.29064210e+00 2.98384767e+00 
7.05000000e+04 5.87520286e+00 4.44546572e+00 3.72379347e+00 3.28803026e+00 2.98147705e+00 
7.06000000e+04 5.86912741e+00 4.44137687e+00 3.72070685e+00 3.28542417e+00 2.97911105e+00 
7.07000000e+04 5.86306898e+00 4.43729947e+00 3.71762799e+00 3.28282380e+00 2.97674966e+00 
7.08000000e+04 5.85702750e+00 4.43323347e+00 3.71455685e+00 3.28022912e+00 2.97439285e+00 
7.09000000e+04 5.85100290e+00 4.42917881e+00 3.71149340e+00 3.27764012e+00 2.97204061e+00 
7.10000000e+04 5.84499512e+00 4.42513545e+00 3.70843761e+00 3.27505677e+00 2.96969292e+00 
7.11000000e+04 5.83900407e+00 4.42110332e+00 3.70538943e+00 3.27247904e+00 2.96734977e+00 
7.12000000e+04 5.83302968e+00 4.41708239e+00 3.70234884e+00 3.26990690e+00 2.96501112e+00 
7.13000000e+04 5.82707190e+00 4.41307259e+00 3.69931580e+00 3.26734033e+00 2.96267696e+00 
7.14000000e+04 5.82113065e+00 4.40907388e+00 3.69629027e+00 3.26477932e+00 2.96034728e+00 
7.15000000e+04 5.81520586e+00 4.40508621e+00 3.69327222e+00 3.26222382e+00 2.95802206e+00 
7.16000000e+04 5.80929745e+00 4.40110951e+00 3.69026161e+00 3.25967382e+00 2.95570127e+00 
7.17000000e+04 5.80340538e+00 4.39714375e+00 3.68725841e+00 3.25712930e+00 2.95338491e+00 
7.18000000e+04 5.79752955e+00 4.39318888e+00 3.68426259e+00 3.25459023e+00 2.95107294e+00 
7.19000000e+04 5.79166992e+00 4.38924484e+00 3.68127410e+00 3.25205658e+00 2.94876536e+00 
7.20000000e+04 5.78582640e+00 4.38531158e+00 3.67829293e+00 3.24952834e+00 2.94646214e+00 
7.21000000e+04 5.77999894e+00 4.38138906e+00 3.67531903e+00 3.24700547e+00 2.94416328e+00 
7.22000000e+04 5.77418746e+00 4.37747722e+00 3.67235237e+00 3.24448796e+00 2.94186874e+00 
7.23000000e+04 5.76839190e+00 4.37357602e+00 3.66939292e+00 3.24197578e+00 2.93957852e+00 
7.24000000e+04 5.76261220e+00 4.36968542e+00 3.66644064e+00 3.23946891e+00 2.93729259e+00 
7.25000000e+04 5.75684829e+00 4.36580535e+00 3.66349551e+00 3.23696732e+00 2.93501094e+00 
7.26000000e+04 5.75110010e+00 4.36193577e+00 3.66055748e+00 3.23447100e+00 2.93273355e+00 
7.27000000e+04 5.74536757e+00 4.35807665e+00 3.65762654e+00 3.23197992e+00 2.93046041e+00 
7.28000000e+04 5.73965064e+00 4.35422792e+00 3.65470264e+00 3.22949406e+00 2.92819149e+00 
7.29000000e+04 5.73394923e+00 4.35038954e+00 3.65178575e+00 3.22701339e+00 2.92592679e+00 
7.30000000e+04 5.72826329e+00 4.34656147e+00 3.64887584e+00 3.22453789e+00 2.92366628e+00 
7.31000000e+04 5.72259276e+00 4.34274365e+00 3.64597289e+00 3.22206755e+00 2.92140994e+00 
7.32000000e+04 5.71693756e+00 4.33893605e+00 3.64307686e+00 3.21960233e+00 2.91915777e+00 
7.33000000e+04 5.71129764e+00 4.33513862e+00 3.64018771e+00 3.21714222e+00 2.91690974e+00 
7.34000000e+04 5.70567294e+00 4.33135131e+00 3.63730542e+00 3.21468719e+00 2.91466584e+00 
7.35000000e+04 5.70006338e+00 4.32757407e+00 3.63442996e+00 3.21223723e+00 2.91242605e+00 
7.36000000e+04 5.69446892e+00 4.32380687e+00 3.63156129e+00 3.20979231e+00 2.91019036e+00 
7.37000000e+04 5.68888949e+00 4.32004965e+00 3.62869939e+00 3.20735241e+00 2.90795874e+00 
7.38000000e+04 5.68332502e+00 4.31630237e+00 3.62584422e+00 3.20491751e+00 2.90573119e+00 
7.39000000e+04 5.67777546e+00 4.31256499e+00 3.62299577e+00 3.20248758e+00 2.90350769e+00 
7.40000000e+04 5.67224075e+00 4.30883747e+00 3.62015398e+00 3.20006262e+00 2.90128822e+00 
7.41000000e+04 5.66672082e+00 4.30511975e+00 3.61731885e+00 3.19764259e+00 2.89907276e+00 
7.42000000e+04 5.66121562e+00 4.30141180e+00 3.61449033e+00 3.19522747e+00 2.89686131e+00 
7.43000000e+04 5.65572508e+00 4.29771358e+00 3.61166839e+00 3.19281725e+00 2.89465384e+00 
7.44000000e+04 5.65024915e+00 4.29402503e+00 3.60885302e+00 3.19041190e+00 2.89245035e+00 
7.45000000e+04 5.64478777e+00 4.29034612e+00 3.60604417e+00 3.18801141e+00 2.89025080e+00 
7.46000000e+04 5.63934088e+00 4.28667683e+00 3.60324183e+00 3.18561575e+00 2.88805520e+00 
7.47000000e+04 5.63390842e+00 4.28301705e+00 3.60044596e+00 3.18322491e+00 2.88586352e+00 
7.48000000e+04 5.62849033e+00 4.27936679e+00 3.59765653e+00 3.18083886e+00 2.88367575e+00 
7.49000000e+04 5.62308655e+00 4.27572601e+00 3.59487352e+00 3.17845758e+00 2.88149187e+00 
7.50000000e+04 5.61769703e+00 4.27209466e+00 3.59209690e+00 3.17608106e+00 2.87931188e+00 
7.51000000e+04 5.61232171e+00 4.26847269e+00 3.58932664e+00 3.17370927e+00 2.87713575e+00 
7.52000000e+04 5.60696054e+00 4.26486007e+00 3.58656270e+00 3.17134219e+00 2.87496347e+00 
7.53000000e+04 5.60161345e+00 4.26125675e+00 3.58380508e+00 3.16897981e+00 2.87279502e+00 
7.54000000e+04 5.59628039e+00 4.25766269e+00 3.58105373e+00 3.16662211e+00 2.87063040e+00 
7.55000000e+04 5.59096130e+00 4.25407786e+00 3.57830863e+00 3.16426906e+00 2.86846958e+00 
7.56000000e+04 5.58565613e+00 4.25050221e+00 3.57556975e+00 3.16192065e+00 2.86631256e+00 
7.57000000e+04 5.58036482e+00 4.24693570e+00 3.57283707e+00 3.15957686e+00 2.86415931e+00 
7.58000000e+04 5.57508732e+00 4.24337830e+00 3.57011056e+00 3.15723767e+00 2.86200983e+00 
7.59000000e+04 5.56982357e+00 4.23982996e+00 3.56739019e+00 3.15490307e+00 2.85986409e+00 
7.60000000e+04 5.56457352e+00 4.23629065e+00 3.56467594e+00 3.15257302e+00 2.85772210e+00 
7.61000000e+04 5.55933711e+00 4.23276032e+00 3.56196777e+00 3.15024752e+00 2.85558382e+00 
7.62000000e+04 5.55411429e+00 4.22923894e+00 3.55926567e+00 3.14792654e+00 2.85344926e+00 
7.63000000e+04 5.54890500e+00 4.22572647e+00 3.55656961e+00 3.14561007e+00 2.85131838e+00 
7.64000000e+04 5.54370919e+00 4.22222286e+00 3.55387956e+00 3.14329810e+00 2.84919119e+00 
7.65000000e+04 5.53852682e+00 4.21872809e+00 3.55119550e+00 3.14099059e+00 2.84706767e+00 
7.66000000e+04 5.53335781e+00 4.21524212e+00 3.54851740e+00 3.13868753e+00 2.84494780e+00 
7.67000000e+04 5.52820213e+00 4.21176490e+00 3.54584523e+00 3.13638892e+00 2.84283157e+00 
7.68000000e+04 5.52305972e+00 4.20829640e+00 3.54317898e+00 3.13409471e+00 2.84071896e+00 
7.69000000e+04 5.51793053e+00 4.20483658e+00 3.54051861e+00 3.13180491e+00 2.83860997e+00 
7.70000000e+04 5.51281450e+00 4.20138541e+00 3.53786410e+00 3.12951950e+00 2.83650458e+00 
7.71000000e+04 5.50771158e+00 4.19794284e+00 3.53521542e+00 3.12723844e+00 2.83440278e+00 
7.72000000e+04 5.50262173e+00 4.19450885e+00 3.53257256e+00 3.12496174e+00 2.83230455e+00 
7.73000000e+04 5.49754489e+00 4.19108339e+00 3.52993548e+00 3.12268936e+00 2.83020988e+00 
7.74000000e+04 5.49248100e+00 4.18766642e+00 3.52730417e+00 3.12042130e+00 2.82811877e+00 
7.75000000e+04 5.48743003e+00 4.18425792e+00 3.52467859e+00 3.11815753e+00 2.82603118e+00 
7.76000000e+04 5.48239191e+00 4.18085785e+00 3.52205873e+00 3.11589805e+00 2.82394712e+00 
7.77000000e+04 5.47736660e+00 4.17746617e+00 3.51944455e+00 3.11364282e+00 2.82186657e+00 
7.78000000e+04 5.47235405e+00 4.17408284e+00 3.51683604e+00 3.11139184e+00 2.81978952e+00 
7.79000000e+04 5.46735421e+00 4.17070783e+00 3.51423318e+00 3.10914509e+00 2.81771595e+00 
7.80000000e+04 5.46236703e+00 4.16734111e+00 3.51163593e+00 3.10690256e+00 2.81564585e+00 
7.81000000e+04 5.45739246e+00 4.16398264e+00 3.50904428e+00 3.10466422e+00 2.81357921e+00 
7.82000000e+04 5.45243045e+00 4.16063239e+00 3.50645820e+00 3.10243005e+00 2.81151602e+00 
7.83000000e+04 5.44748095e+00 4.15729031e+00 3.50387767e+00 3.10020006e+00 2.80945627e+00 
7.84000000e+04 5.44254391e+00 4.15395638e+00 3.50130267e+00 3.09797421e+00 2.80739994e+00 
7.85000000e+04 5.43761929e+00 4.15063057e+00 3.49873317e+00 3.09575249e+00 2.80534702e+00 
7.86000000e+04 5.43270704e+00 4.14731283e+00 3.49616915e+00 3.09353488e+00 2.80329750e+00 
7.87000000e+04 5.42780711e+00 4.14400314e+00 3.49361059e+00 3.09132138e+00 2.80125137e+00 
7.88000000e+04 5.42291945e+00 4.14070146e+00 3.49105746e+00 3.08911195e+00 2.79920861e+00 
7.89000000e+04 5.41804401e+00 4.13740776e+00 3.48850975e+00 3.08690660e+00 2.79716921e+00 
7.90000000e+04 5.41318075e+00 4.13412200e+00 3.48596743e+00 3.08470530e+00 2.79513316e+00 
7.91000000e+04 5.40832962e+00 4.13084416e+00 3.48343048e+00 3.08250803e+00 2.79310046e+00 
7.92000000e+04 5.40349058e+00 4.12757419e+00 3.48089887e+00 3.08031478e+00 2.79107108e+00 
7.93000000e+04 5.39866358e+00 4.12431207e+00 3.47837259e+00 3.07812554e+00 2.78904502e+00 
7.94000000e+04 5.39384856e+00 4.12105777e+00 3.47585161e+00 3.07594029e+00 2.78702226e+00 
7.95000000e+04 5.38904549e+00 4.11781124e+00 3.47333591e+00 3.07375902e+00 2.78500280e+00 
7.96000000e+04 5.38425433e+00 4.11457247e+00 3.47082548e+00 3.07158171e+00 2.78298662e+00 
7.97000000e+04 5.37947501e+00 4.11134141e+00 3.46832028e+00 3.06940834e+00 2.78097371e+00 
7.98000000e+04 5.37470751e+00 4.10811804e+00 3.46582030e+00 3.06723890e+00 2.77896406e+00 
7.99000000e+04 5.36995177e+00 4.10490233e+00 3.46332552e+00 3.06507337e+00 2.77695765e+00 
8.00000000e+04 5.36520775e+00 4.10169424e+00 3.46083591e+00 3.06291175e+00 2.77495449e+00 
8.01000000e+04 5.36047540e+00 4.09849374e+00 3.45835146e+00 3.06075401e+00 2.77295454e+00 
8.02000000e+04 5.35575469e+00 4.09530079e+00 3.45587214e+00 3.05860014e+00 2.77095782e+00 
8.03000000e+04 5.35104556e+00 4.09211538e+00 3.45339794e+00 3.05645013e+00 2.76896429e+00 
8.04000000e+04 5.34634797e+00 4.08893747e+00 3.45092883e+00 3.05430396e+00 2.76697396e+00 
8.05000000e+04 5.34166188e+00 4.08576703e+00 3.44846479e+00 3.05216161e+00 2.76498681e+00 
8.06000000e+04 5.33698725e+00 4.08260402e+00 3.44600580e+00 3.05002309e+00 2.76300284e+00 
8.07000000e+04 5.33232403e+00 4.07944843e+00 3.44355184e+00 3.04788836e+00 2.76102202e+00 
8.08000000e+04 5.32767217e+00 4.07630021e+00 3.44110290e+00 3.04575741e+00 2.75904435e+00 
8.09000000e+04 5.32303165e+00 4.07315933e+00 3.43865895e+00 3.04363024e+00 2.75706982e+00 
8.10000000e+04 5.31840240e+00 4.07002578e+00 3.43621997e+00 3.04150682e+00 2.75509842e+00 
8.11000000e+04 5.31378440e+00 4.06689951e+00 3.43378594e+00 3.03938714e+00 2.75313014e+00 
8.12000000e+04 5.30917759e+00 4.06378051e+00 3.43135684e+00 3.03727120e+00 2.75116496e+00 
8.13000000e+04 5.30458194e+00 4.06066873e+00 3.42893266e+00 3.03515897e+00 2.74920288e+00 
8.14000000e+04 5.29999741e+00 4.05756415e+00 3.42651337e+00 3.03305044e+00 2.74724389e+00 
8.15000000e+04 5.29542394e+00 4.05446675e+00 3.42409896e+00 3.03094560e+00 2.74528798e+00 
8.16000000e+04 5.29086151e+00 4.05137648e+00 3.42168940e+00 3.02884443e+00 2.74333513e+00 
8.17000000e+04 5.28631007e+00 4.04829333e+00 3.41928467e+00 3.02674693e+00 2.74138533e+00 
8.18000000e+04 5.28176958e+00 4.04521727e+00 3.41688477e+00 3.02465307e+00 2.73943859e+00 
8.19000000e+04 5.27723999e+00 4.04214826e+00 3.41448966e+00 3.02256285e+00 2.73749487e+00 
8.20000000e+04 5.27272127e+00 4.03908629e+00 3.41209933e+00 3.02047625e+00 2.73555419e+00 
8.21000000e+04 5.26821338e+00 4.03603131e+00 3.40971376e+00 3.01839325e+00 2.73361652e+00 
8.22000000e+04 5.26371627e+00 4.03298330e+00 3.40733294e+00 3.01631385e+00 2.73168185e+00 
8.23000000e+04 5.25922991e+00 4.02994224e+00 3.40495683e+00 3.01423804e+00 2.72975018e+00 
8.24000000e+04 5.25475426e+00 4.02690810e+00 3.40258543e+00 3.01216579e+00 2.72782150e+00 
8.25000000e+04 5.25028927e+00 4.02388085e+00 3.40021872e+00 3.01009710e+00 2.72589579e+00 
8.26000000e+04 5.24583491e+00 4.02086046e+00 3.39785668e+00 3.00803195e+00 2.72397305e+00 
8.27000000e+04 5.24139114e+00 4.01784691e+00 3.39549929e+00 3.00597033e+00 2.72205327e+00 
8.28000000e+04 5.23695792e+00 4.01484016e+00 3.39314653e+00 3.00391223e+00 2.72013643e+00 
8.29000000e+04 5.23253520e+00 4.01184020e+00 3.39079839e+00 3.00185763e+00 2.71822253e+00 
8.30000000e+04 5.22812296e+00 4.00884699e+00 3.38845484e+00 2.99980653e+00 2.71631156e+00 
8.31000000e+04 5.22372115e+00 4.00586050e+00 3.38611587e+00 2.99775891e+00 2.71440351e+00 
8.32000000e+04 5.21932973e+00 4.00288072e+00 3.38378146e+00 2.99571475e+00 2.71249836e+00 
8.33000000e+04 5.21494867e+00 3.99990762e+00 3.38145160e+00 2.99367405e+00 2.71059612e+00 
8.34000000e+04 5.21057792e+00 3.99694116e+00 3.37912627e+00 2.99163679e+00 2.70869677e+00 
8.35000000e+04 5.20621745e+00 3.99398133e+00 3.37680544e+00 2.98960297e+00 2.70680030e+00 
8.36000000e+04 5.20186723e+00 3.99102809e+00 3.37448911e+00 2.98757256e+00 2.70490670e+00 
8.37000000e+04 5.19752721e+00 3.98808142e+00 3.37217725e+00 2.98554556e+00 2.70301596e+00 
8.38000000e+04 5.19319735e+00 3.98514130e+00 3.36986984e+00 2.98352195e+00 2.70112808e+00 
8.39000000e+04 5.18887763e+00 3.98220770e+00 3.36756688e+00 2.98150173e+00 2.69924304e+00 
8.40000000e+04 5.18456800e+00 3.97928059e+00 3.36526835e+00 2.97948487e+00 2.69736084e+00 
8.41000000e+04 5.18026842e+00 3.97635996e+00 3.36297422e+00 2.97747138e+00 2.69548147e+00 
8.42000000e+04 5.17597886e+00 3.97344576e+00 3.36068448e+00 2.97546123e+00 2.69360491e+00 
8.43000000e+04 5.17169929e+00 3.97053799e+00 3.35839911e+00 2.97345442e+00 2.69173116e+00 
8.44000000e+04 5.16742966e+00 3.96763661e+00 3.35611811e+00 2.97145093e+00 2.68986021e+00 
8.45000000e+04 5.16316994e+00 3.96474160e+00 3.35384144e+00 2.96945076e+00 2.68799206e+00 
8.46000000e+04 5.15892010e+00 3.96185293e+00 3.35156910e+00 2.96745388e+00 2.68612668e+00 
8.47000000e+04 5.15468009e+00 3.95897058e+00 3.34930107e+00 2.96546030e+00 2.68426408e+00 
8.48000000e+04 5.15044989e+00 3.95609453e+00 3.34703733e+00 2.96346999e+00 2.68240425e+00 
8.49000000e+04 5.14622945e+00 3.95322475e+00 3.34477786e+00 2.96148295e+00 2.68054717e+00 
8.50000000e+04 5.14201875e+00 3.95036122e+00 3.34252266e+00 2.95949916e+00 2.67869283e+00 
8.51000000e+04 5.13781774e+00 3.94750391e+00 3.34027170e+00 2.95751862e+00 2.67684124e+00 
8.52000000e+04 5.13362640e+00 3.94465280e+00 3.33802497e+00 2.95554131e+00 2.67499238e+00 
8.53000000e+04 5.12944468e+00 3.94180787e+00 3.33578245e+00 2.95356722e+00 2.67314624e+00 
8.54000000e+04 5.12527255e+00 3.93896908e+00 3.33354413e+00 2.95159635e+00 2.67130282e+00 
8.55000000e+04 5.12110998e+00 3.93613643e+00 3.33130999e+00 2.94962867e+00 2.66946210e+00 
8.56000000e+04 5.11695693e+00 3.93330988e+00 3.32908001e+00 2.94766418e+00 2.66762407e+00 
8.57000000e+04 5.11281338e+00 3.93048942e+00 3.32685419e+00 2.94570287e+00 2.66578874e+00 
8.58000000e+04 5.10867928e+00 3.92767501e+00 3.32463250e+00 2.94374472e+00 2.66395609e+00 
8.59000000e+04 5.10455460e+00 3.92486663e+00 3.32241493e+00 2.94178974e+00 2.66212611e+00 
8.60000000e+04 5.10043930e+00 3.92206427e+00 3.32020147e+00 2.93983790e+00 2.66029879e+00 
8.61000000e+04 5.09633336e+00 3.91926790e+00 3.31799209e+00 2.93788919e+00 2.65847413e+00 
8.62000000e+04 5.09223674e+00 3.91647750e+00 3.31578679e+00 2.93594361e+00 2.65665212e+00 
8.63000000e+04 5.08814941e+00 3.91369304e+00 3.31358556e+00 2.93400114e+00 2.65483275e+00 
8.64000000e+04 5.08407134e+00 3.91091450e+00 3.31138836e+00 2.93206177e+00 2.65301601e+00 
8.65000000e+04 5.08000248e+00 3.90814186e+00 3.30919520e+00 2.93012550e+00 2.65120189e+00 
8.66000000e+04 5.07594281e+00 3.90537510e+00 3.30700605e+00 2.92819231e+00 2.64939039e+00 
8.67000000e+04 5.07189230e+00 3.90261420e+00 3.30482090e+00 2.92626219e+00 2.64758150e+00 
8.68000000e+04 5.06785091e+00 3.89985913e+00 3.30263974e+00 2.92433513e+00 2.64577521e+00 
8.69000000e+04 5.06381861e+00 3.89710986e+00 3.30046255e+00 2.92241113e+00 2.64397152e+00 
8.70000000e+04 5.05979537e+00 3.89436639e+00 3.29828931e+00 2.92049016e+00 2.64217040e+00 
8.71000000e+04 5.05578116e+00 3.89162869e+00 3.29612002e+00 2.91857223e+00 2.64037187e+00 
8.72000000e+04 5.05177594e+00 3.88889673e+00 3.29395466e+00 2.91665732e+00 2.63857590e+00 
8.73000000e+04 5.04777969e+00 3.88617050e+00 3.29179321e+00 2.91474542e+00 2.63678250e+00 
8.74000000e+04 5.04379236e+00 3.88344997e+00 3.28963567e+00 2.91283652e+00 2.63499165e+00 
8.75000000e+04 5.03981394e+00 3.88073512e+00 3.28748201e+00 2.91093061e+00 2.63320334e+00 
8.76000000e+04 5.03584438e+00 3.87802593e+00 3.28533222e+00 2.90902768e+00 2.63141758e+00 
8.77000000e+04 5.03188367e+00 3.87532238e+00 3.28318629e+00 2.90712773e+00 2.62963434e+00 
8.78000000e+04 5.02793175e+00 3.87262445e+00 3.28104420e+00 2.90523074e+00 2.62785364e+00 
8.79000000e+04 5.02398862e+00 3.86993212e+00 3.27890595e+00 2.90333669e+00 2.62607544e+00 
8.80000000e+04 5.02005423e+00 3.86724537e+00 3.27677151e+00 2.90144560e+00 2.62429976e+00 
8.81000000e+04 5.01612855e+00 3.86456417e+00 3.27464088e+00 2.89955743e+00 2.62252658e+00 
8.82000000e+04 5.01221155e+00 3.86188851e+00 3.27251403e+00 2.89767219e+00 2.62075589e+00 
8.83000000e+04 5.00830321e+00 3.85921837e+00 3.27039096e+00 2.89578986e+00 2.61898769e+00 
8.84000000e+04 5.00440349e+00 3.85655372e+00 3.26827166e+00 2.89391043e+00 2.61722197e+00 
8.85000000e+04 5.00051236e+00 3.85389454e+00 3.26615610e+00 2.89203390e+00 2.61545873e+00 
8.86000000e+04 4.99662980e+00 3.85124082e+00 3.26404428e+00 2.89016026e+00 2.61369794e+00 
8.87000000e+04 4.99275577e+00 3.84859253e+00 3.26193619e+00 2.88828949e+00 2.61193962e+00 
8.88000000e+04 4.98889024e+00 3.84594966e+00 3.25983180e+00 2.88642159e+00 2.61018375e+00 
8.89000000e+04 4.98503319e+00 3.84331218e+00 3.25773111e+00 2.88455654e+00 2.60843032e+00 
8.90000000e+04 4.98118458e+00 3.84068008e+00 3.25563411e+00 2.88269435e+00 2.60667933e+00 
8.91000000e+04 4.97734438e+00 3.83805334e+00 3.25354078e+00 2.88083499e+00 2.60493077e+00 
8.92000000e+04 4.97351258e+00 3.83543193e+00 3.25145110e+00 2.87897846e+00 2.60318464e+00 
8.93000000e+04 4.96968912e+00 3.83281584e+00 3.24936507e+00 2.87712475e+00 2.60144092e+00 
8.94000000e+04 4.96587400e+00 3.83020504e+00 3.24728267e+00 2.87527386e+00 2.59969960e+00 
8.95000000e+04 4.96206718e+00 3.82759952e+00 3.24520389e+00 2.87342577e+00 2.59796069e+00 
8.96000000e+04 4.95826862e+00 3.82499926e+00 3.24312872e+00 2.87158047e+00 2.59622418e+00 
8.97000000e+04 4.95447831e+00 3.82240424e+00 3.24105714e+00 2.86973796e+00 2.59449006e+00 
8.98000000e+04 4.95069621e+00 3.81981444e+00 3.23898915e+00 2.86789822e+00 2.59275831e+00 
8.99000000e+04 4.94692230e+00 3.81722985e+00 3.23692472e+00 2.86606125e+00 2.59102895e+00 
9.00000000e+04 4.94315654e+00 3.81465043e+00 3.23486386e+00 2.86422704e+00 2.58930195e+00 
9.01000000e+04 4.93939891e+00 3.81207618e+00 3.23280653e+00 2.86239558e+00 2.58757731e+00 
9.02000000e+04 4.93564939e+00 3.80950708e+00 3.23075274e+00 2.86056686e+00 2.58585503e+00 
9.03000000e+04 4.93190793e+00 3.80694310e+00 3.22870247e+00 2.85874088e+00 2.58413509e+00 
9.04000000e+04 4.92817453e+00 3.80438423e+00 3.22665571e+00 2.85691761e+00 2.58241750e+00 
9.05000000e+04 4.92444914e+00 3.80183045e+00 3.22461245e+00 2.85509707e+00 2.58070225e+00 
9.06000000e+04 4.92073174e+00 3.79928174e+00 3.22257266e+00 2.85327923e+00 2.57898932e+00 
9.07000000e+04 4.91702231e+00 3.79673809e+00 3.22053636e+00 2.85146408e+00 2.57727871e+00 
9.08000000e+04 4.91332081e+00 3.79419947e+00 3.21850351e+00 2.84965163e+00 2.57557042e+00 
9.09000000e+04 4.90962723e+00 3.79166587e+00 3.21647411e+00 2.84784186e+00 2.57386444e+00 
9.10000000e+04 4.90594152e+00 3.78913727e+00 3.21444814e+00 2.84603477e+00 2.57216076e+00 
9.11000000e+04 4.90226367e+00 3.78661366e+00 3.21242560e+00 2.84423034e+00 2.57045938e+00 
9.12000000e+04 4.89859365e+00 3.78409500e+00 3.21040648e+00 2.84242856e+00 2.56876029e+00 
9.13000000e+04 4.89493144e+00 3.78158129e+00 3.20839075e+00 2.84062943e+00 2.56706348e+00 
9.14000000e+04 4.89127699e+00 3.77907252e+00 3.20637842e+00 2.83883295e+00 2.56536895e+00 
9.15000000e+04 4.88763030e+00 3.77656865e+00 3.20436947e+00 2.83703909e+00 2.56367670e+00 
9.16000000e+04 4.88399134e+00 3.77406968e+00 3.20236388e+00 2.83524786e+00 2.56198670e+00 
9.17000000e+04 4.88036007e+00 3.77157558e+00 3.20036164e+00 2.83345925e+00 2.56029897e+00 
9.18000000e+04 4.87673647e+00 3.76908634e+00 3.19836276e+00 2.83167325e+00 2.55861348e+00 
9.19000000e+04 4.87312051e+00 3.76660195e+00 3.19636720e+00 2.82988984e+00 2.55693025e+00 
9.20000000e+04 4.86951218e+00 3.76412238e+00 3.19437497e+00 2.82810903e+00 2.55524925e+00 
9.21000000e+04 4.86591144e+00 3.76164762e+00 3.19238605e+00 2.82633080e+00 2.55357049e+00 
9.22000000e+04 4.86231827e+00 3.75917765e+00 3.19040042e+00 2.82455514e+00 2.55189396e+00 
9.23000000e+04 4.85873264e+00 3.75671245e+00 3.18841809e+00 2.82278206e+00 2.55021965e+00 
9.24000000e+04 4.85515453e+00 3.75425201e+00 3.18643903e+00 2.82101153e+00 2.54854755e+00 
9.25000000e+04 4.85158392e+00 3.75179632e+00 3.18446324e+00 2.81924356e+00 2.54687767e+00 
9.26000000e+04 4.84802077e+00 3.74934534e+00 3.18249071e+00 2.81747814e+00 2.54520999e+00 
9.27000000e+04 4.84446506e+00 3.74689908e+00 3.18052142e+00 2.81571525e+00 2.54354450e+00 
9.28000000e+04 4.84091677e+00 3.74445750e+00 3.17855536e+00 2.81395489e+00 2.54188121e+00 
9.29000000e+04 4.83737588e+00 3.74202061e+00 3.17659253e+00 2.81219705e+00 2.54022011e+00 
9.30000000e+04 4.83384235e+00 3.73958837e+00 3.17463291e+00 2.81044173e+00 2.53856118e+00 
9.31000000e+04 4.83031617e+00 3.73716077e+00 3.17267649e+00 2.80868891e+00 2.53690444e+00 
9.32000000e+04 4.82679730e+00 3.73473780e+00 3.17072327e+00 2.80693860e+00 2.53524985e+00 
9.33000000e+04 4.82328573e+00 3.73231944e+00 3.16877322e+00 2.80519077e+00 2.53359744e+00 
9.34000000e+04 4.81978143e+00 3.72990567e+00 3.16682635e+00 2.80344543e+00 2.53194718e+00 
9.35000000e+04 4.81628438e+00 3.72749648e+00 3.16488263e+00 2.80170257e+00 2.53029907e+00 
9.36000000e+04 4.81279455e+00 3.72509186e+00 3.16294206e+00 2.79996218e+00 2.52865311e+00 
9.37000000e+04 4.80931192e+00 3.72269178e+00 3.16100464e+00 2.79822424e+00 2.52700928e+00 
9.38000000e+04 4.80583646e+00 3.72029623e+00 3.15907034e+00 2.79648877e+00 2.52536760e+00 
9.39000000e+04 4.80236816e+00 3.71790520e+00 3.15713916e+00 2.79475574e+00 2.52372804e+00 
9.40000000e+04 4.79890698e+00 3.71551867e+00 3.15521109e+00 2.79302515e+00 2.52209060e+00 
9.41000000e+04 4.79545291e+00 3.71313662e+00 3.15328611e+00 2.79129700e+00 2.52045528e+00 
9.42000000e+04 4.79200591e+00 3.71075904e+00 3.15136423e+00 2.78957127e+00 2.51882208e+00 
9.43000000e+04 4.78856597e+00 3.70838591e+00 3.14944542e+00 2.78784796e+00 2.51719098e+00 
9.44000000e+04 4.78513307e+00 3.70601723e+00 3.14752968e+00 2.78612707e+00 2.51556198e+00 
9.45000000e+04 4.78170718e+00 3.70365296e+00 3.14561700e+00 2.78440857e+00 2.51393508e+00 
9.46000000e+04 4.77828828e+00 3.70129311e+00 3.14370737e+00 2.78269248e+00 2.51231027e+00 
9.47000000e+04 4.77487634e+00 3.69893765e+00 3.14180077e+00 2.78097878e+00 2.51068754e+00 
9.48000000e+04 4.77147134e+00 3.69658656e+00 3.13989720e+00 2.77926746e+00 2.50906689e+00 
9.49000000e+04 4.76807326e+00 3.69423984e+00 3.13799666e+00 2.77755851e+00 2.50744832e+00 
9.50000000e+04 4.76468208e+00 3.69189747e+00 3.13609912e+00 2.77585194e+00 2.50583181e+00 
9.51000000e+04 4.76129777e+00 3.68955943e+00 3.13420458e+00 2.77414773e+00 2.50421737e+00 
9.52000000e+04 4.75792032e+00 3.68722571e+00 3.13231303e+00 2.77244588e+00 2.50260498e+00 
9.53000000e+04 4.75454969e+00 3.68489629e+00 3.13042446e+00 2.77074637e+00 2.50099465e+00 
9.54000000e+04 4.75118587e+00 3.68257116e+00 3.12853886e+00 2.76904921e+00 2.49938637e+00 
9.55000000e+04 4.74782883e+00 3.68025031e+00 3.12665622e+00 2.76735438e+00 2.49778012e+00 
9.56000000e+04 4.74447856e+00 3.67793372e+00 3.12477653e+00 2.76566189e+00 2.49617592e+00 
9.57000000e+04 4.74113503e+00 3.67562138e+00 3.12289979e+00 2.76397171e+00 2.49457375e+00 
9.58000000e+04 4.73779822e+00 3.67331327e+00 3.12102597e+00 2.76228385e+00 2.49297360e+00 
9.59000000e+04 4.73446810e+00 3.67100937e+00 3.11915508e+00 2.76059831e+00 2.49137547e+00 
9.60000000e+04 4.73114466e+00 3.66870968e+00 3.11728711e+00 2.75891506e+00 2.48977936e+00 
9.61000000e+04 4.72782788e+00 3.66641418e+00 3.11542204e+00 2.75723411e+00 2.48818526e+00 
9.62000000e+04 4.72451772e+00 3.66412285e+00 3.11355986e+00 2.75555545e+00 2.48659317e+00 
9.63000000e+04 4.72121418e+00 3.66183569e+00 3.11170058e+00 2.75387907e+00 2.48500308e+00 
9.64000000e+04 4.71791723e+00 3.65955268e+00 3.10984417e+00 2.75220496e+00 2.48341498e+00 
9.65000000e+04 4.71462684e+00 3.65727379e+00 3.10799062e+00 2.75053313e+00 2.48182888e+00 
9.66000000e+04 4.71134300e+00 3.65499902e+00 3.10613994e+00 2.74886356e+00 2.48024476e+00 
9.67000000e+04 4.70806569e+00 3.65272836e+00 3.10429211e+00 2.74719625e+00 2.47866262e+00 
9.68000000e+04 4.70479489e+00 3.65046180e+00 3.10244711e+00 2.74553119e+00 2.47708246e+00 
9.69000000e+04 4.70153056e+00 3.64819931e+00 3.10060496e+00 2.74386837e+00 2.47550427e+00 
9.70000000e+04 4.69827270e+00 3.64594089e+00 3.09876562e+00 2.74220779e+00 2.47392804e+00 
9.71000000e+04 4.69502129e+00 3.64368652e+00 3.09692910e+00 2.74054944e+00 2.47235378e+00 
9.72000000e+04 4.69177629e+00 3.64143619e+00 3.09509538e+00 2.73889332e+00 2.47078147e+00 
9.73000000e+04 4.68853770e+00 3.63918989e+00 3.09326447e+00 2.73723942e+00 2.46921112e+00 
9.74000000e+04 4.68530549e+00 3.63694759e+00 3.09143634e+00 2.73558773e+00 2.46764271e+00 
9.75000000e+04 4.68207964e+00 3.63470930e+00 3.08961099e+00 2.73393825e+00 2.46607624e+00 
9.76000000e+04 4.67886012e+00 3.63247499e+00 3.08778841e+00 2.73229096e+00 2.46451171e+00 
9.77000000e+04 4.67564693e+00 3.63024465e+00 3.08596859e+00 2.73064588e+00 2.46294911e+00 
9.78000000e+04 4.67244004e+00 3.62801827e+00 3.08415153e+00 2.72900298e+00 2.46138844e+00 
9.79000000e+04 4.66923943e+00 3.62579584e+00 3.08233721e+00 2.72736226e+00 2.45982969e+00 
9.80000000e+04 4.66604508e+00 3.62357734e+00 3.08052563e+00 2.72572372e+00 2.45827286e+00 
9.81000000e+04 4.66285697e+00 3.62136276e+00 3.07871678e+00 2.72408735e+00 2.45671794e+00 
9.82000000e+04 4.65967508e+00 3.61915208e+00 3.07691065e+00 2.72245314e+00 2.45516493e+00 
9.83000000e+04 4.65649939e+00 3.61694531e+00 3.07510723e+00 2.72082110e+00 2.45361383e+00 
9.84000000e+04 4.65332988e+00 3.61474241e+00 3.07330652e+00 2.71919120e+00 2.45206462e+00 
9.85000000e+04 4.65016653e+00 3.61254338e+00 3.07150850e+00 2.71756345e+00 2.45051731e+00 
9.86000000e+04 4.64700933e+00 3.61034822e+00 3.06971316e+00 2.71593785e+00 2.44897189e+00 
9.87000000e+04 4.64385824e+00 3.60815689e+00 3.06792051e+00 2.71431437e+00 2.44742835e+00 
9.88000000e+04 4.64071326e+00 3.60596940e+00 3.06613053e+00 2.71269303e+00 2.44588670e+00 
9.89000000e+04 4.63757437e+00 3.60378572e+00 3.06434320e+00 2.71107381e+00 2.44434692e+00 
9.90000000e+04 4.63444154e+00 3.60160585e+00 3.06255854e+00 2.70945670e+00 2.44280901e+00 
9.91000000e+04 4.63131475e+00 3.59942978e+00 3.06077652e+00 2.70784171e+00 2.44127297e+00 
9.92000000e+04 4.62819399e+00 3.59725749e+00 3.05899713e+00 2.70622883e+00 2.43973880e+00 
9.93000000e+04 4.62507924e+00 3.59508896e+00 3.05722038e+00 2.70461804e+00 2.43820648e+00 
9.94000000e+04 4.62197048e+00 3.59292420e+00 3.05544625e+00 2.70300935e+00 2.43667601e+00 
9.95000000e+04 4.61886769e+00 3.59076318e+00 3.05367474e+00 2.70140275e+00 2.43514740e+00 
9.96000000e+04 4.61577085e+00 3.58860590e+00 3.05190583e+00 2.69979823e+00 2.43362063e+00 
9.97000000e+04 4.61267994e+00 3.58645233e+00 3.05013952e+00 2.69819579e+00 2.43209570e+00 
9.98000000e+04 4.60959495e+00 3.58430248e+00 3.04837580e+00 2.69659542e+00 2.43057261e+00 
9.99000000e+04 4.60651585e+00 3.58215633e+00 3.04661466e+00 2.69499711e+00 2.42905135e+00 
1.00000000e+05 4.60344263e+00 3.58001386e+00 3.04485610e+00 2.69340087e+00 2.42753192e+00 
