# Te [K]  Q(l,s) = PI*sigma^2*Omega*(l,s) [A^2] (DATA ARE THE SAME AS FOR C2H4)
# (1,1)  (1,2)  (1,3)  (1,4)  (1,5)
1.00000000e+02 7.10300045e+00 5.65799492e+00 4.69867540e+00 3.98414872e+00 3.46042760e+00 
2.00000000e+02 4.59738268e+00 3.80267214e+00 3.68112467e+00 4.04135965e+00 4.71195270e+00 
3.00000000e+02 4.19658975e+00 4.39252534e+00 5.23120543e+00 6.33191842e+00 7.45786690e+00 
4.00000000e+02 4.70435607e+00 5.67059371e+00 7.01297445e+00 8.35106618e+00 9.54176908e+00 
5.00000000e+02 5.52247173e+00 6.97899311e+00 8.54594135e+00 9.94365003e+00 1.11294489e+01 
6.00000000e+02 6.40528199e+00 8.16143503e+00 9.82714102e+00 1.12374715e+01 1.24181220e+01 
7.00000000e+02 7.26248962e+00 9.20399002e+00 1.09156394e+01 1.23295003e+01 1.35109300e+01 
8.00000000e+02 8.06512531e+00 1.01250606e+01 1.18604890e+01 1.32769860e+01 1.44606420e+01 
9.00000000e+02 8.80752632e+00 1.09461212e+01 1.26952720e+01 1.41135195e+01 1.52965501e+01 
1.00000000e+03 9.49240999e+00 1.16851229e+01 1.34423542e+01 1.48598217e+01 1.60367351e+01 
1.10000000e+03 1.01250497e+01 1.23558905e+01 1.41169053e+01 1.55295647e+01 1.66935946e+01 
1.20000000e+03 1.07110517e+01 1.29688714e+01 1.47295818e+01 1.61324270e+01 1.72764350e+01 
1.30000000e+03 1.12555704e+01 1.35319996e+01 1.52881841e+01 1.66757219e+01 1.77927499e+01 
1.40000000e+03 1.17630926e+01 1.40513941e+01 1.57986673e+01 1.71652915e+01 1.82488821e+01 
1.50000000e+03 1.22374416e+01 1.45318694e+01 1.62657607e+01 1.76060138e+01 1.86503827e+01 
1.60000000e+03 1.26818543e+01 1.49772981e+01 1.66933543e+01 1.80020998e+01 1.90022148e+01 
1.70000000e+03 1.30990746e+01 1.53908636e+01 1.70847446e+01 1.83572726e+01 1.93088738e+01 
1.80000000e+03 1.34914409e+01 1.57752379e+01 1.74427936e+01 1.86748795e+01 1.95744629e+01 
1.90000000e+03 1.38609611e+01 1.61327069e+01 1.77700341e+01 1.89579642e+01 1.98027431e+01 
2.00000000e+03 1.42093745e+01 1.64652593e+01 1.80687406e+01 1.92093147e+01 1.99971684e+01 
2.10000000e+03 1.45382009e+01 1.67746510e+01 1.83409787e+01 1.94314977e+01 2.01609134e+01 
2.20000000e+03 1.48487803e+01 1.70624515e+01 1.85886395e+01 1.96268828e+01 2.02968951e+01 
2.30000000e+03 1.51423045e+01 1.73300786e+01 1.88134653e+01 1.97976614e+01 2.04077921e+01 
2.40000000e+03 1.54198416e+01 1.75788238e+01 1.90170680e+01 1.99458622e+01 2.04960618e+01 
2.50000000e+03 1.56823560e+01 1.78098721e+01 1.92009435e+01 2.00733634e+01 2.05639564e+01 
2.60000000e+03 1.59307244e+01 1.80243170e+01 1.93664834e+01 2.01819043e+01 2.06135374e+01 
2.70000000e+03 1.61657486e+01 1.82231719e+01 1.95149840e+01 2.02730947e+01 2.06466900e+01 
2.80000000e+03 1.63881654e+01 1.84073795e+01 1.96476542e+01 2.03484239e+01 2.06651357e+01 
2.90000000e+03 1.65986556e+01 1.85778194e+01 1.97656221e+01 2.04092695e+01 2.06704455e+01 
3.00000000e+03 1.67978504e+01 1.87353144e+01 1.98699407e+01 2.04569044e+01 2.06640508e+01 
3.10000000e+03 1.69863375e+01 1.88806352e+01 1.99615933e+01 2.04925045e+01 2.06472550e+01 
3.20000000e+03 1.71646655e+01 1.90145049e+01 2.00414980e+01 2.05171552e+01 2.06212435e+01 
3.30000000e+03 1.73333481e+01 1.91376029e+01 2.01105122e+01 2.05318581e+01 2.05870938e+01 
3.40000000e+03 1.74928675e+01 1.92505681e+01 2.01694363e+01 2.05375363e+01 2.05457837e+01 
3.50000000e+03 1.76436772e+01 1.93540015e+01 2.02190175e+01 2.05350410e+01 2.04982005e+01 
3.60000000e+03 1.77862043e+01 1.94484691e+01 2.02599532e+01 2.05251558e+01 2.04451480e+01 
3.70000000e+03 1.79208519e+01 1.95345038e+01 2.02928943e+01 2.05086023e+01 2.03873543e+01 
3.80000000e+03 1.80480010e+01 1.96126079e+01 2.03184481e+01 2.04860443e+01 2.03254776e+01 
3.90000000e+03 1.81680119e+01 1.96832549e+01 2.03371809e+01 2.04580921e+01 2.02601131e+01 
4.00000000e+03 1.82812260e+01 1.97468910e+01 2.03496209e+01 2.04253068e+01 2.01917980e+01 
4.10000000e+03 1.83879667e+01 1.98039370e+01 2.03562608e+01 2.03882040e+01 2.01210168e+01 
4.20000000e+03 1.84885408e+01 1.98547899e+01 2.03575597e+01 2.03472568e+01 2.00482061e+01 
4.30000000e+03 1.85832397e+01 1.98998238e+01 2.03539454e+01 2.03028995e+01 1.99737586e+01 
4.40000000e+03 1.86723401e+01 1.99393919e+01 2.03458168e+01 2.02555306e+01 1.98980273e+01 
4.50000000e+03 1.87561050e+01 1.99738271e+01 2.03335453e+01 2.02055151e+01 1.98213291e+01 
4.60000000e+03 1.88347843e+01 2.00034435e+01 2.03174769e+01 2.01531876e+01 1.97439478e+01 
4.70000000e+03 1.89086161e+01 2.00285375e+01 2.02979338e+01 2.00988545e+01 1.96661374e+01 
4.80000000e+03 1.89778266e+01 2.00493887e+01 2.02752160e+01 2.00427960e+01 1.95881249e+01 
4.90000000e+03 1.90426314e+01 2.00662607e+01 2.02496027e+01 1.99852683e+01 1.95101122e+01 
5.00000000e+03 1.91032357e+01 2.00794026e+01 2.02213537e+01 1.99265057e+01 1.94322791e+01 
5.10000000e+03 1.91598350e+01 2.00890489e+01 2.01907108e+01 1.98667220e+01 1.93547850e+01 
5.20000000e+03 1.92126156e+01 2.00954212e+01 2.01578987e+01 1.98061120e+01 1.92777708e+01 
5.30000000e+03 1.92617550e+01 2.00987285e+01 2.01231267e+01 1.97448536e+01 1.92013607e+01 
5.40000000e+03 1.93074224e+01 2.00991678e+01 2.00865889e+01 1.96831084e+01 1.91256637e+01 
5.50000000e+03 1.93497792e+01 2.00969251e+01 2.00484661e+01 1.96210237e+01 1.90507752e+01 
5.60000000e+03 1.93889793e+01 2.00921760e+01 2.00089260e+01 1.95587330e+01 1.89767779e+01 
5.70000000e+03 1.94251695e+01 2.00850859e+01 1.99681245e+01 1.94963575e+01 1.89037436e+01 
5.80000000e+03 1.94584898e+01 2.00758109e+01 1.99262063e+01 1.94340069e+01 1.88317335e+01 
5.90000000e+03 1.94890738e+01 2.00644984e+01 1.98833056e+01 1.93717806e+01 1.87607999e+01 
6.00000000e+03 1.95170491e+01 2.00512874e+01 1.98395471e+01 1.93097680e+01 1.86909867e+01 
6.10000000e+03 1.95425373e+01 2.00363088e+01 1.97950462e+01 1.92480498e+01 1.86223304e+01 
6.20000000e+03 1.95656546e+01 2.00196864e+01 1.97499099e+01 1.91866985e+01 1.85548605e+01 
6.30000000e+03 1.95865119e+01 2.00015367e+01 1.97042374e+01 1.91257790e+01 1.84886005e+01 
6.40000000e+03 1.96052152e+01 1.99819697e+01 1.96581205e+01 1.90653494e+01 1.84235686e+01 
6.50000000e+03 1.96218656e+01 1.99610891e+01 1.96116441e+01 1.90054613e+01 1.83597779e+01 
6.60000000e+03 1.96365596e+01 1.99389927e+01 1.95648868e+01 1.89461607e+01 1.82972371e+01 
6.70000000e+03 1.96493896e+01 1.99157727e+01 1.95179210e+01 1.88874879e+01 1.82359509e+01 
6.80000000e+03 1.96604436e+01 1.98915161e+01 1.94708137e+01 1.88294786e+01 1.81759206e+01 
6.90000000e+03 1.96698058e+01 1.98663049e+01 1.94236267e+01 1.87721638e+01 1.81171442e+01 
7.00000000e+03 1.96775566e+01 1.98402161e+01 1.93764170e+01 1.87155704e+01 1.80596169e+01 
7.10000000e+03 1.96837730e+01 1.98133228e+01 1.93292368e+01 1.86597217e+01 1.80033314e+01 
7.20000000e+03 1.96885284e+01 1.97856934e+01 1.92821345e+01 1.86046372e+01 1.79482783e+01 
7.30000000e+03 1.96918930e+01 1.97573927e+01 1.92351541e+01 1.85503335e+01 1.78944460e+01 
7.40000000e+03 1.96939338e+01 1.97284815e+01 1.91883364e+01 1.84968242e+01 1.78418213e+01 
7.50000000e+03 1.96947151e+01 1.96990172e+01 1.91417184e+01 1.84441201e+01 1.77903897e+01 
7.60000000e+03 1.96942980e+01 1.96690538e+01 1.90953341e+01 1.83922298e+01 1.77401349e+01 
7.70000000e+03 1.96927412e+01 1.96386421e+01 1.90492145e+01 1.83411595e+01 1.76910399e+01 
7.80000000e+03 1.96901007e+01 1.96078300e+01 1.90033878e+01 1.82909135e+01 1.76430864e+01 
7.90000000e+03 1.96864301e+01 1.95766626e+01 1.89578798e+01 1.82414943e+01 1.75962555e+01 
8.00000000e+03 1.96817806e+01 1.95451821e+01 1.89127135e+01 1.81929025e+01 1.75505274e+01 
8.10000000e+03 1.96762012e+01 1.95134286e+01 1.88679100e+01 1.81451375e+01 1.75058818e+01 
8.20000000e+03 1.96697387e+01 1.94814393e+01 1.88234883e+01 1.80981971e+01 1.74622979e+01 
8.30000000e+03 1.96624378e+01 1.94492496e+01 1.87794652e+01 1.80520778e+01 1.74197546e+01 
8.40000000e+03 1.96543414e+01 1.94168925e+01 1.87358560e+01 1.80067752e+01 1.73782302e+01 
8.50000000e+03 1.96454905e+01 1.93843990e+01 1.86926741e+01 1.79622836e+01 1.73377031e+01 
8.60000000e+03 1.96359242e+01 1.93517984e+01 1.86499314e+01 1.79185968e+01 1.72981514e+01 
8.70000000e+03 1.96256800e+01 1.93191179e+01 1.86076385e+01 1.78757073e+01 1.72595531e+01 
8.80000000e+03 1.96147937e+01 1.92863833e+01 1.85658042e+01 1.78336072e+01 1.72218862e+01 
8.90000000e+03 1.96032995e+01 1.92536185e+01 1.85244367e+01 1.77922878e+01 1.71851288e+01 
9.00000000e+03 1.95912304e+01 1.92208461e+01 1.84835424e+01 1.77517399e+01 1.71492587e+01 
9.10000000e+03 1.95786175e+01 1.91880872e+01 1.84431270e+01 1.77119537e+01 1.71142543e+01 
9.20000000e+03 1.95654909e+01 1.91553614e+01 1.84031950e+01 1.76729189e+01 1.70800939e+01 
9.30000000e+03 1.95518792e+01 1.91226873e+01 1.83637502e+01 1.76346251e+01 1.70467558e+01 
9.40000000e+03 1.95378100e+01 1.90900821e+01 1.83247953e+01 1.75970611e+01 1.70142188e+01 
9.50000000e+03 1.95233094e+01 1.90575617e+01 1.82863322e+01 1.75602159e+01 1.69824617e+01 
9.60000000e+03 1.95084025e+01 1.90251412e+01 1.82483623e+01 1.75240778e+01 1.69514638e+01 
9.70000000e+03 1.94931134e+01 1.89928346e+01 1.82108860e+01 1.74886352e+01 1.69212044e+01 
9.80000000e+03 1.94774649e+01 1.89606548e+01 1.81739033e+01 1.74538762e+01 1.68916631e+01 
9.90000000e+03 1.94614791e+01 1.89286139e+01 1.81374135e+01 1.74197887e+01 1.68628201e+01 
1.00000000e+04 1.94451769e+01 1.88967230e+01 1.81014154e+01 1.73863608e+01 1.68346555e+01 
1.01000000e+04 1.94285784e+01 1.88649926e+01 1.80659074e+01 1.73535800e+01 1.68071500e+01 
1.02000000e+04 1.94117028e+01 1.88334322e+01 1.80308872e+01 1.73214343e+01 1.67802845e+01 
1.03000000e+04 1.93945685e+01 1.88020507e+01 1.79963523e+01 1.72899112e+01 1.67540403e+01 
1.04000000e+04 1.93771930e+01 1.87708563e+01 1.79622996e+01 1.72589986e+01 1.67283989e+01 
1.05000000e+04 1.93595930e+01 1.87398564e+01 1.79287260e+01 1.72286841e+01 1.67033425e+01 
1.06000000e+04 1.93417847e+01 1.87090581e+01 1.78956277e+01 1.71989555e+01 1.66788532e+01 
1.07000000e+04 1.93237833e+01 1.86784675e+01 1.78630008e+01 1.71698006e+01 1.66549137e+01 
1.08000000e+04 1.93056035e+01 1.86480904e+01 1.78308412e+01 1.71412071e+01 1.66315070e+01 
1.09000000e+04 1.92872593e+01 1.86179322e+01 1.77991443e+01 1.71131632e+01 1.66086165e+01 
1.10000000e+04 1.92687642e+01 1.85879974e+01 1.77679056e+01 1.70856567e+01 1.65862260e+01 
1.11000000e+04 1.92501308e+01 1.85582905e+01 1.77371201e+01 1.70586759e+01 1.65643193e+01 
1.12000000e+04 1.92313714e+01 1.85288152e+01 1.77067828e+01 1.70322089e+01 1.65428810e+01 
1.13000000e+04 1.92124976e+01 1.84995750e+01 1.76768885e+01 1.70062440e+01 1.65218959e+01 
1.14000000e+04 1.91935207e+01 1.84705728e+01 1.76474319e+01 1.69807699e+01 1.65013490e+01 
1.15000000e+04 1.91744512e+01 1.84418115e+01 1.76184075e+01 1.69557749e+01 1.64812257e+01 
1.16000000e+04 1.91552993e+01 1.84132933e+01 1.75898098e+01 1.69312479e+01 1.64615119e+01 
1.17000000e+04 1.91360747e+01 1.83850202e+01 1.75616330e+01 1.69071778e+01 1.64421937e+01 
1.18000000e+04 1.91167867e+01 1.83569938e+01 1.75338715e+01 1.68835536e+01 1.64232575e+01 
1.19000000e+04 1.90974441e+01 1.83292157e+01 1.75065194e+01 1.68603645e+01 1.64046901e+01 
1.20000000e+04 1.90780553e+01 1.83016868e+01 1.74795708e+01 1.68375997e+01 1.63864786e+01 
1.21000000e+04 1.90586283e+01 1.82744082e+01 1.74530198e+01 1.68152489e+01 1.63686104e+01 
1.22000000e+04 1.90391708e+01 1.82473803e+01 1.74268605e+01 1.67933016e+01 1.63510733e+01 
1.23000000e+04 1.90196901e+01 1.82206037e+01 1.74010868e+01 1.67717477e+01 1.63338553e+01 
1.24000000e+04 1.90001932e+01 1.81940784e+01 1.73756927e+01 1.67505771e+01 1.63169446e+01 
1.25000000e+04 1.89806867e+01 1.81678046e+01 1.73506722e+01 1.67297800e+01 1.63003301e+01 
1.26000000e+04 1.89611770e+01 1.81417819e+01 1.73260193e+01 1.67093467e+01 1.62840005e+01 
1.27000000e+04 1.89416699e+01 1.81160100e+01 1.73017279e+01 1.66892677e+01 1.62679451e+01 
1.28000000e+04 1.89221713e+01 1.80904883e+01 1.72777921e+01 1.66695336e+01 1.62521534e+01 
1.29000000e+04 1.89026865e+01 1.80652162e+01 1.72542057e+01 1.66501352e+01 1.62366152e+01 
1.30000000e+04 1.88832208e+01 1.80401928e+01 1.72309629e+01 1.66310636e+01 1.62213204e+01 
1.31000000e+04 1.88637791e+01 1.80154171e+01 1.72080577e+01 1.66123099e+01 1.62062595e+01 
1.32000000e+04 1.88443661e+01 1.79908880e+01 1.71854840e+01 1.65938653e+01 1.61914230e+01 
1.33000000e+04 1.88249861e+01 1.79666043e+01 1.71632361e+01 1.65757214e+01 1.61768017e+01 
1.34000000e+04 1.88056434e+01 1.79425646e+01 1.71413080e+01 1.65578698e+01 1.61623867e+01 
1.35000000e+04 1.87863421e+01 1.79187676e+01 1.71196940e+01 1.65403023e+01 1.61481693e+01 
1.36000000e+04 1.87670858e+01 1.78952116e+01 1.70983882e+01 1.65230109e+01 1.61341411e+01 
1.37000000e+04 1.87478782e+01 1.78718951e+01 1.70773849e+01 1.65059877e+01 1.61202938e+01 
1.38000000e+04 1.87287227e+01 1.78488163e+01 1.70566785e+01 1.64892249e+01 1.61066195e+01 
1.39000000e+04 1.87096225e+01 1.78259734e+01 1.70362632e+01 1.64727151e+01 1.60931104e+01 
1.40000000e+04 1.86905806e+01 1.78033647e+01 1.70161336e+01 1.64564509e+01 1.60797590e+01 
1.41000000e+04 1.86715998e+01 1.77809882e+01 1.69962841e+01 1.64404249e+01 1.60665580e+01 
1.42000000e+04 1.86526831e+01 1.77588418e+01 1.69767092e+01 1.64246301e+01 1.60535002e+01 
1.43000000e+04 1.86338327e+01 1.77369237e+01 1.69574035e+01 1.64090595e+01 1.60405787e+01 
1.44000000e+04 1.86150513e+01 1.77152316e+01 1.69383617e+01 1.63937064e+01 1.60277869e+01 
1.45000000e+04 1.85963410e+01 1.76937635e+01 1.69195784e+01 1.63785640e+01 1.60151181e+01 
1.46000000e+04 1.85777039e+01 1.76725172e+01 1.69010486e+01 1.63636259e+01 1.60025662e+01 
1.47000000e+04 1.85591422e+01 1.76514904e+01 1.68827670e+01 1.63488858e+01 1.59901248e+01 
1.48000000e+04 1.85406575e+01 1.76306810e+01 1.68647285e+01 1.63343373e+01 1.59777882e+01 
1.49000000e+04 1.85222518e+01 1.76100869e+01 1.68469281e+01 1.63199744e+01 1.59655505e+01 
1.50000000e+04 1.85039266e+01 1.75897054e+01 1.68293608e+01 1.63057911e+01 1.59534060e+01 
1.51000000e+04 1.84856834e+01 1.75695344e+01 1.68120218e+01 1.62917816e+01 1.59413494e+01 
1.52000000e+04 1.84675238e+01 1.75495715e+01 1.67949062e+01 1.62779403e+01 1.59293754e+01 
1.53000000e+04 1.84494489e+01 1.75298144e+01 1.67780093e+01 1.62642615e+01 1.59174788e+01 
1.54000000e+04 1.84314601e+01 1.75102606e+01 1.67613264e+01 1.62507399e+01 1.59056547e+01 
1.55000000e+04 1.84135584e+01 1.74909079e+01 1.67448528e+01 1.62373700e+01 1.58938984e+01 
1.56000000e+04 1.83957449e+01 1.74717538e+01 1.67285840e+01 1.62241468e+01 1.58822050e+01 
1.57000000e+04 1.83780206e+01 1.74527958e+01 1.67125156e+01 1.62110651e+01 1.58705702e+01 
1.58000000e+04 1.83603863e+01 1.74340317e+01 1.66966431e+01 1.61981201e+01 1.58589895e+01 
1.59000000e+04 1.83428428e+01 1.74154589e+01 1.66809621e+01 1.61853068e+01 1.58474588e+01 
1.60000000e+04 1.83253909e+01 1.73970751e+01 1.66654684e+01 1.61726206e+01 1.58359738e+01 
1.61000000e+04 1.83080312e+01 1.73788778e+01 1.66501577e+01 1.61600568e+01 1.58245307e+01 
1.62000000e+04 1.82907642e+01 1.73608646e+01 1.66350259e+01 1.61476109e+01 1.58131256e+01 
1.63000000e+04 1.82735906e+01 1.73430331e+01 1.66200690e+01 1.61352786e+01 1.58017548e+01 
1.64000000e+04 1.82565107e+01 1.73253809e+01 1.66052829e+01 1.61230556e+01 1.57904147e+01 
1.65000000e+04 1.82395250e+01 1.73079055e+01 1.65906636e+01 1.61109377e+01 1.57791019e+01 
1.66000000e+04 1.82226338e+01 1.72906047e+01 1.65762073e+01 1.60989208e+01 1.57678129e+01 
1.67000000e+04 1.82058370e+01 1.72734760e+01 1.65619101e+01 1.60870009e+01 1.57565445e+01 
1.68000000e+04 1.81891358e+01 1.72565169e+01 1.65477684e+01 1.60751741e+01 1.57452936e+01 
1.69000000e+04 1.81725295e+01 1.72397252e+01 1.65337783e+01 1.60634367e+01 1.57340571e+01 
1.70000000e+04 1.81560185e+01 1.72230985e+01 1.65199363e+01 1.60517850e+01 1.57228321e+01 
1.71000000e+04 1.81396029e+01 1.72066345e+01 1.65062388e+01 1.60402153e+01 1.57116159e+01 
1.72000000e+04 1.81232828e+01 1.71903307e+01 1.64926823e+01 1.60287242e+01 1.57004055e+01 
1.73000000e+04 1.81070581e+01 1.71741849e+01 1.64792634e+01 1.60173083e+01 1.56891986e+01 
1.74000000e+04 1.80909288e+01 1.71581948e+01 1.64659786e+01 1.60059641e+01 1.56779923e+01 
1.75000000e+04 1.80748948e+01 1.71423581e+01 1.64528246e+01 1.59946884e+01 1.56667844e+01 
1.76000000e+04 1.80589561e+01 1.71266726e+01 1.64397983e+01 1.59834782e+01 1.56555725e+01 
1.77000000e+04 1.80431124e+01 1.71111358e+01 1.64268963e+01 1.59723302e+01 1.56443543e+01 
1.78000000e+04 1.80273636e+01 1.70957457e+01 1.64141156e+01 1.59612415e+01 1.56331276e+01 
1.79000000e+04 1.80117095e+01 1.70805000e+01 1.64014529e+01 1.59502092e+01 1.56218902e+01 
1.80000000e+04 1.79961498e+01 1.70653965e+01 1.63889054e+01 1.59392304e+01 1.56106402e+01 
1.81000000e+04 1.79806843e+01 1.70504330e+01 1.63764700e+01 1.59283023e+01 1.55993757e+01 
1.82000000e+04 1.79653126e+01 1.70356074e+01 1.63641438e+01 1.59174222e+01 1.55880946e+01 
1.83000000e+04 1.79500345e+01 1.70209174e+01 1.63519239e+01 1.59065875e+01 1.55767953e+01 
1.84000000e+04 1.79348496e+01 1.70063611e+01 1.63398075e+01 1.58957956e+01 1.55654759e+01 
1.85000000e+04 1.79197576e+01 1.69919362e+01 1.63277919e+01 1.58850441e+01 1.55541349e+01 
1.86000000e+04 1.79047580e+01 1.69776406e+01 1.63158743e+01 1.58743305e+01 1.55427705e+01 
1.87000000e+04 1.78898504e+01 1.69634724e+01 1.63040521e+01 1.58636524e+01 1.55313814e+01 
1.88000000e+04 1.78750345e+01 1.69494294e+01 1.62923227e+01 1.58530075e+01 1.55199660e+01 
1.89000000e+04 1.78603097e+01 1.69355097e+01 1.62806835e+01 1.58423937e+01 1.55085228e+01 
1.90000000e+04 1.78456756e+01 1.69217113e+01 1.62691319e+01 1.58318087e+01 1.54970507e+01 
1.91000000e+04 1.78311317e+01 1.69080321e+01 1.62576656e+01 1.58212504e+01 1.54855482e+01 
1.92000000e+04 1.78166775e+01 1.68944701e+01 1.62462822e+01 1.58107167e+01 1.54740141e+01 
1.93000000e+04 1.78023126e+01 1.68810236e+01 1.62349791e+01 1.58002058e+01 1.54624473e+01 
1.94000000e+04 1.77880363e+01 1.68676905e+01 1.62237543e+01 1.57897156e+01 1.54508467e+01 
1.95000000e+04 1.77738481e+01 1.68544689e+01 1.62126053e+01 1.57792442e+01 1.54392111e+01 
1.96000000e+04 1.77597475e+01 1.68413570e+01 1.62015299e+01 1.57687899e+01 1.54275395e+01 
1.97000000e+04 1.77457339e+01 1.68283529e+01 1.61905260e+01 1.57583508e+01 1.54158311e+01 
1.98000000e+04 1.77318067e+01 1.68154548e+01 1.61795914e+01 1.57479252e+01 1.54040847e+01 
1.99000000e+04 1.77179655e+01 1.68026608e+01 1.61687240e+01 1.57375114e+01 1.53922997e+01 
2.00000000e+04 1.77042094e+01 1.67899693e+01 1.61579217e+01 1.57271078e+01 1.53804751e+01 
2.01000000e+04 1.76905380e+01 1.67773783e+01 1.61471826e+01 1.57167129e+01 1.53686101e+01 
2.02000000e+04 1.76769507e+01 1.67648863e+01 1.61365047e+01 1.57063251e+01 1.53567041e+01 
2.03000000e+04 1.76634468e+01 1.67524914e+01 1.61258859e+01 1.56959429e+01 1.53447562e+01 
2.04000000e+04 1.76500257e+01 1.67401919e+01 1.61153246e+01 1.56855648e+01 1.53327659e+01 
2.05000000e+04 1.76366868e+01 1.67279862e+01 1.61048187e+01 1.56751895e+01 1.53207326e+01 
2.06000000e+04 1.76234294e+01 1.67158726e+01 1.60943664e+01 1.56648157e+01 1.53086555e+01 
2.07000000e+04 1.76102529e+01 1.67038495e+01 1.60839661e+01 1.56544419e+01 1.52965343e+01 
2.08000000e+04 1.75971566e+01 1.66919152e+01 1.60736159e+01 1.56440670e+01 1.52843683e+01 
2.09000000e+04 1.75841399e+01 1.66800682e+01 1.60633142e+01 1.56336896e+01 1.52721571e+01 
2.10000000e+04 1.75712022e+01 1.66683069e+01 1.60530592e+01 1.56233087e+01 1.52599002e+01 
2.11000000e+04 1.75583427e+01 1.66566297e+01 1.60428493e+01 1.56129231e+01 1.52475973e+01 
2.12000000e+04 1.75455608e+01 1.66450351e+01 1.60326830e+01 1.56025315e+01 1.52352480e+01 
2.13000000e+04 1.75328559e+01 1.66335216e+01 1.60225586e+01 1.55921331e+01 1.52228518e+01 
2.14000000e+04 1.75202272e+01 1.66220876e+01 1.60124747e+01 1.55817266e+01 1.52104085e+01 
2.15000000e+04 1.75076742e+01 1.66107318e+01 1.60024297e+01 1.55713112e+01 1.51979178e+01 
2.16000000e+04 1.74951961e+01 1.65994527e+01 1.59924222e+01 1.55608857e+01 1.51853795e+01 
2.17000000e+04 1.74827922e+01 1.65882487e+01 1.59824507e+01 1.55504494e+01 1.51727932e+01 
2.18000000e+04 1.74704619e+01 1.65771186e+01 1.59725138e+01 1.55400012e+01 1.51601589e+01 
2.19000000e+04 1.74582046e+01 1.65660609e+01 1.59626102e+01 1.55295404e+01 1.51474762e+01 
2.20000000e+04 1.74460194e+01 1.65550743e+01 1.59527385e+01 1.55190659e+01 1.51347450e+01 
2.21000000e+04 1.74339058e+01 1.65441574e+01 1.59428974e+01 1.55085771e+01 1.51219653e+01 
2.22000000e+04 1.74218631e+01 1.65333088e+01 1.59330856e+01 1.54980732e+01 1.51091369e+01 
2.23000000e+04 1.74098906e+01 1.65225273e+01 1.59233018e+01 1.54875533e+01 1.50962596e+01 
2.24000000e+04 1.73979876e+01 1.65118115e+01 1.59135449e+01 1.54770168e+01 1.50833335e+01 
2.25000000e+04 1.73861535e+01 1.65011602e+01 1.59038136e+01 1.54664629e+01 1.50703585e+01 
2.26000000e+04 1.73743876e+01 1.64905721e+01 1.58941067e+01 1.54558910e+01 1.50573345e+01 
2.27000000e+04 1.73626892e+01 1.64800460e+01 1.58844231e+01 1.54453004e+01 1.50442616e+01 
2.28000000e+04 1.73510576e+01 1.64695806e+01 1.58747617e+01 1.54346905e+01 1.50311398e+01 
2.29000000e+04 1.73394922e+01 1.64591747e+01 1.58651214e+01 1.54240607e+01 1.50179690e+01 
2.30000000e+04 1.73279923e+01 1.64488272e+01 1.58555011e+01 1.54134104e+01 1.50047494e+01 
2.31000000e+04 1.73165572e+01 1.64385369e+01 1.58458997e+01 1.54027391e+01 1.49914810e+01 
2.32000000e+04 1.73051863e+01 1.64283026e+01 1.58363163e+01 1.53920462e+01 1.49781639e+01 
2.33000000e+04 1.72938790e+01 1.64181232e+01 1.58267498e+01 1.53813312e+01 1.49647982e+01 
2.34000000e+04 1.72826345e+01 1.64079976e+01 1.58171993e+01 1.53705937e+01 1.49513840e+01 
2.35000000e+04 1.72714522e+01 1.63979246e+01 1.58076638e+01 1.53598331e+01 1.49379214e+01 
2.36000000e+04 1.72603314e+01 1.63879032e+01 1.57981424e+01 1.53490491e+01 1.49244106e+01 
2.37000000e+04 1.72492716e+01 1.63779324e+01 1.57886341e+01 1.53382412e+01 1.49108517e+01 
2.38000000e+04 1.72382720e+01 1.63680110e+01 1.57791381e+01 1.53274090e+01 1.48972450e+01 
2.39000000e+04 1.72273320e+01 1.63581380e+01 1.57696536e+01 1.53165521e+01 1.48835905e+01 
2.40000000e+04 1.72164510e+01 1.63483124e+01 1.57601796e+01 1.53056702e+01 1.48698885e+01 
2.41000000e+04 1.72056283e+01 1.63385332e+01 1.57507154e+01 1.52947629e+01 1.48561392e+01 
2.42000000e+04 1.71948634e+01 1.63287994e+01 1.57412602e+01 1.52838299e+01 1.48423428e+01 
2.43000000e+04 1.71841555e+01 1.63191101e+01 1.57318131e+01 1.52728709e+01 1.48284995e+01 
2.44000000e+04 1.71735040e+01 1.63094643e+01 1.57223734e+01 1.52618856e+01 1.48146097e+01 
2.45000000e+04 1.71629084e+01 1.62998609e+01 1.57129404e+01 1.52508736e+01 1.48006735e+01 
2.46000000e+04 1.71523680e+01 1.62902992e+01 1.57035133e+01 1.52398349e+01 1.47866911e+01 
2.47000000e+04 1.71418821e+01 1.62807782e+01 1.56940915e+01 1.52287690e+01 1.47726630e+01 
2.48000000e+04 1.71314502e+01 1.62712969e+01 1.56846741e+01 1.52176758e+01 1.47585893e+01 
2.49000000e+04 1.71210717e+01 1.62618545e+01 1.56752607e+01 1.52065551e+01 1.47444703e+01 
2.50000000e+04 1.71107460e+01 1.62524502e+01 1.56658504e+01 1.51954066e+01 1.47303064e+01 
2.51000000e+04 1.71004725e+01 1.62430831e+01 1.56564427e+01 1.51842302e+01 1.47160978e+01 
2.52000000e+04 1.70902505e+01 1.62337522e+01 1.56470369e+01 1.51730257e+01 1.47018449e+01 
2.53000000e+04 1.70800794e+01 1.62244569e+01 1.56376325e+01 1.51617930e+01 1.46875480e+01 
2.54000000e+04 1.70699588e+01 1.62151963e+01 1.56282289e+01 1.51505318e+01 1.46732074e+01 
2.55000000e+04 1.70598880e+01 1.62059695e+01 1.56188254e+01 1.51392422e+01 1.46588234e+01 
2.56000000e+04 1.70498664e+01 1.61967758e+01 1.56094215e+01 1.51279238e+01 1.46443965e+01 
2.57000000e+04 1.70398935e+01 1.61876144e+01 1.56000167e+01 1.51165768e+01 1.46299268e+01 
2.58000000e+04 1.70299687e+01 1.61784846e+01 1.55906104e+01 1.51052009e+01 1.46154149e+01 
2.59000000e+04 1.70200914e+01 1.61693855e+01 1.55812022e+01 1.50937960e+01 1.46008610e+01 
2.60000000e+04 1.70102607e+01 1.61603165e+01 1.55717915e+01 1.50823621e+01 1.45862656e+01 
2.61000000e+04 1.70004768e+01 1.61512768e+01 1.55623778e+01 1.50708992e+01 1.45716289e+01 
2.62000000e+04 1.69907390e+01 1.61422657e+01 1.55529607e+01 1.50594072e+01 1.45569514e+01 
2.63000000e+04 1.69810462e+01 1.61332825e+01 1.55435398e+01 1.50478860e+01 1.45422335e+01 
2.64000000e+04 1.69713982e+01 1.61243265e+01 1.55341144e+01 1.50363356e+01 1.45274755e+01 
2.65000000e+04 1.69617944e+01 1.61153971e+01 1.55246844e+01 1.50247560e+01 1.45126778e+01 
2.66000000e+04 1.69522343e+01 1.61064935e+01 1.55152491e+01 1.50131471e+01 1.44978409e+01 
2.67000000e+04 1.69427174e+01 1.60976151e+01 1.55058082e+01 1.50015091e+01 1.44829650e+01 
2.68000000e+04 1.69332431e+01 1.60887612e+01 1.54963613e+01 1.49898418e+01 1.44680507e+01 
2.69000000e+04 1.69238109e+01 1.60799313e+01 1.54869081e+01 1.49781453e+01 1.44530982e+01 
2.70000000e+04 1.69144203e+01 1.60711246e+01 1.54774481e+01 1.49664196e+01 1.44381081e+01 
2.71000000e+04 1.69050708e+01 1.60623407e+01 1.54679810e+01 1.49546648e+01 1.44230808e+01 
2.72000000e+04 1.68957619e+01 1.60535788e+01 1.54585064e+01 1.49428809e+01 1.44080165e+01 
2.73000000e+04 1.68864931e+01 1.60448383e+01 1.54490241e+01 1.49310679e+01 1.43929159e+01 
2.74000000e+04 1.68772638e+01 1.60361188e+01 1.54395336e+01 1.49192258e+01 1.43777792e+01 
2.75000000e+04 1.68680737e+01 1.60274196e+01 1.54300346e+01 1.49073549e+01 1.43626069e+01 
2.76000000e+04 1.68589221e+01 1.60187402e+01 1.54205269e+01 1.48954550e+01 1.43473994e+01 
2.77000000e+04 1.68498087e+01 1.60100799e+01 1.54110102e+01 1.48835264e+01 1.43321572e+01 
2.78000000e+04 1.68407329e+01 1.60014383e+01 1.54014841e+01 1.48715690e+01 1.43168806e+01 
2.79000000e+04 1.68316943e+01 1.59928149e+01 1.53919484e+01 1.48595830e+01 1.43015701e+01 
2.80000000e+04 1.68226923e+01 1.59842090e+01 1.53824028e+01 1.48475685e+01 1.42862262e+01 
2.81000000e+04 1.68137266e+01 1.59756202e+01 1.53728471e+01 1.48355256e+01 1.42708492e+01 
2.82000000e+04 1.68047967e+01 1.59670480e+01 1.53632810e+01 1.48234543e+01 1.42554395e+01 
2.83000000e+04 1.67959020e+01 1.59584919e+01 1.53537042e+01 1.48113548e+01 1.42399977e+01 
2.84000000e+04 1.67870422e+01 1.59499514e+01 1.53441166e+01 1.47992271e+01 1.42245241e+01 
2.85000000e+04 1.67782168e+01 1.59414260e+01 1.53345179e+01 1.47870716e+01 1.42090192e+01 
2.86000000e+04 1.67694254e+01 1.59329152e+01 1.53249079e+01 1.47748881e+01 1.41934834e+01 
2.87000000e+04 1.67606675e+01 1.59244186e+01 1.53152864e+01 1.47626770e+01 1.41779171e+01 
2.88000000e+04 1.67519427e+01 1.59159358e+01 1.53056531e+01 1.47504383e+01 1.41623208e+01 
2.89000000e+04 1.67432506e+01 1.59074662e+01 1.52960080e+01 1.47381722e+01 1.41466949e+01 
2.90000000e+04 1.67345907e+01 1.58990095e+01 1.52863508e+01 1.47258787e+01 1.41310398e+01 
2.91000000e+04 1.67259626e+01 1.58905651e+01 1.52766813e+01 1.47135582e+01 1.41153560e+01 
2.92000000e+04 1.67173658e+01 1.58821328e+01 1.52669994e+01 1.47012107e+01 1.40996440e+01 
2.93000000e+04 1.67088001e+01 1.58737120e+01 1.52573050e+01 1.46888363e+01 1.40839040e+01 
2.94000000e+04 1.67002649e+01 1.58653024e+01 1.52475977e+01 1.46764353e+01 1.40681367e+01 
2.95000000e+04 1.66917599e+01 1.58569036e+01 1.52378776e+01 1.46640079e+01 1.40523423e+01 
2.96000000e+04 1.66832847e+01 1.58485152e+01 1.52281445e+01 1.46515541e+01 1.40365214e+01 
2.97000000e+04 1.66748388e+01 1.58401367e+01 1.52183982e+01 1.46390742e+01 1.40206743e+01 
2.98000000e+04 1.66664219e+01 1.58317679e+01 1.52086386e+01 1.46265683e+01 1.40048015e+01 
2.99000000e+04 1.66580335e+01 1.58234083e+01 1.51988656e+01 1.46140366e+01 1.39889035e+01 
3.00000000e+04 1.66496734e+01 1.58150576e+01 1.51890790e+01 1.46014794e+01 1.39729806e+01 
3.01000000e+04 1.66413411e+01 1.58067154e+01 1.51792789e+01 1.45888967e+01 1.39570334e+01 
3.02000000e+04 1.66330362e+01 1.57983814e+01 1.51694650e+01 1.45762889e+01 1.39410621e+01 
3.03000000e+04 1.66247584e+01 1.57900552e+01 1.51596373e+01 1.45636560e+01 1.39250673e+01 
3.04000000e+04 1.66165073e+01 1.57817366e+01 1.51497956e+01 1.45509983e+01 1.39090493e+01 
3.05000000e+04 1.66082826e+01 1.57734251e+01 1.51399399e+01 1.45383160e+01 1.38930086e+01 
3.06000000e+04 1.66000838e+01 1.57651205e+01 1.51300702e+01 1.45256092e+01 1.38769457e+01 
3.07000000e+04 1.65919106e+01 1.57568224e+01 1.51201863e+01 1.45128783e+01 1.38608608e+01 
3.08000000e+04 1.65837627e+01 1.57485305e+01 1.51102882e+01 1.45001233e+01 1.38447546e+01 
3.09000000e+04 1.65756397e+01 1.57402446e+01 1.51003757e+01 1.44873445e+01 1.38286273e+01 
3.10000000e+04 1.65675413e+01 1.57319642e+01 1.50904489e+01 1.44745421e+01 1.38124793e+01 
3.11000000e+04 1.65594672e+01 1.57236892e+01 1.50805077e+01 1.44617163e+01 1.37963112e+01 
3.12000000e+04 1.65514169e+01 1.57154193e+01 1.50705521e+01 1.44488674e+01 1.37801233e+01 
3.13000000e+04 1.65433902e+01 1.57071541e+01 1.50605819e+01 1.44359955e+01 1.37639161e+01 
3.14000000e+04 1.65353867e+01 1.56988934e+01 1.50505972e+01 1.44231008e+01 1.37476898e+01 
3.15000000e+04 1.65274061e+01 1.56906369e+01 1.50405980e+01 1.44101837e+01 1.37314451e+01 
3.16000000e+04 1.65194481e+01 1.56823844e+01 1.50305841e+01 1.43972442e+01 1.37151821e+01 
3.17000000e+04 1.65115124e+01 1.56741355e+01 1.50205556e+01 1.43842826e+01 1.36989015e+01 
3.18000000e+04 1.65035986e+01 1.56658902e+01 1.50105124e+01 1.43712992e+01 1.36826035e+01 
3.19000000e+04 1.64957065e+01 1.56576480e+01 1.50004545e+01 1.43582942e+01 1.36662885e+01 
3.20000000e+04 1.64878357e+01 1.56494087e+01 1.49903820e+01 1.43452678e+01 1.36499571e+01 
3.21000000e+04 1.64799859e+01 1.56411722e+01 1.49802947e+01 1.43322201e+01 1.36336095e+01 
3.22000000e+04 1.64721568e+01 1.56329382e+01 1.49701927e+01 1.43191515e+01 1.36172461e+01 
3.23000000e+04 1.64643482e+01 1.56247064e+01 1.49600760e+01 1.43060622e+01 1.36008674e+01 
3.24000000e+04 1.64565596e+01 1.56164767e+01 1.49499446e+01 1.42929524e+01 1.35844737e+01 
3.25000000e+04 1.64487910e+01 1.56082488e+01 1.49397985e+01 1.42798224e+01 1.35680655e+01 
3.26000000e+04 1.64410418e+01 1.56000225e+01 1.49296377e+01 1.42666723e+01 1.35516431e+01 
3.27000000e+04 1.64333120e+01 1.55917975e+01 1.49194621e+01 1.42535023e+01 1.35352068e+01 
3.28000000e+04 1.64256011e+01 1.55835738e+01 1.49092719e+01 1.42403129e+01 1.35187572e+01 
3.29000000e+04 1.64179090e+01 1.55753511e+01 1.48990670e+01 1.42271040e+01 1.35022945e+01 
3.30000000e+04 1.64102352e+01 1.55671291e+01 1.48888475e+01 1.42138761e+01 1.34858192e+01 
3.31000000e+04 1.64025797e+01 1.55589078e+01 1.48786134e+01 1.42006293e+01 1.34693315e+01 
3.32000000e+04 1.63949420e+01 1.55506869e+01 1.48683646e+01 1.41873639e+01 1.34528320e+01 
3.33000000e+04 1.63873220e+01 1.55424663e+01 1.48581013e+01 1.41740801e+01 1.34363209e+01 
3.34000000e+04 1.63797193e+01 1.55342457e+01 1.48478235e+01 1.41607781e+01 1.34197987e+01 
3.35000000e+04 1.63721337e+01 1.55260250e+01 1.48375311e+01 1.41474581e+01 1.34032656e+01 
3.36000000e+04 1.63645650e+01 1.55178040e+01 1.48272243e+01 1.41341205e+01 1.33867221e+01 
3.37000000e+04 1.63570129e+01 1.55095825e+01 1.48169030e+01 1.41207654e+01 1.33701685e+01 
3.38000000e+04 1.63494772e+01 1.55013605e+01 1.48065674e+01 1.41073931e+01 1.33536052e+01 
3.39000000e+04 1.63419575e+01 1.54931377e+01 1.47962174e+01 1.40940038e+01 1.33370326e+01 
3.40000000e+04 1.63344537e+01 1.54849139e+01 1.47858531e+01 1.40805977e+01 1.33204509e+01 
3.41000000e+04 1.63269655e+01 1.54766891e+01 1.47754746e+01 1.40671751e+01 1.33038605e+01 
3.42000000e+04 1.63194928e+01 1.54684631e+01 1.47650819e+01 1.40537363e+01 1.32872619e+01 
3.43000000e+04 1.63120351e+01 1.54602357e+01 1.47546751e+01 1.40402814e+01 1.32706553e+01 
3.44000000e+04 1.63045924e+01 1.54520068e+01 1.47442541e+01 1.40268107e+01 1.32540411e+01 
3.45000000e+04 1.62971644e+01 1.54437763e+01 1.47338192e+01 1.40133244e+01 1.32374196e+01 
3.46000000e+04 1.62897508e+01 1.54355440e+01 1.47233702e+01 1.39998228e+01 1.32207912e+01 
3.47000000e+04 1.62823515e+01 1.54273098e+01 1.47129074e+01 1.39863060e+01 1.32041561e+01 
3.48000000e+04 1.62749661e+01 1.54190736e+01 1.47024307e+01 1.39727744e+01 1.31875149e+01 
3.49000000e+04 1.62675946e+01 1.54108352e+01 1.46919403e+01 1.39592282e+01 1.31708676e+01 
3.50000000e+04 1.62602367e+01 1.54025946e+01 1.46814361e+01 1.39456675e+01 1.31542148e+01 
3.51000000e+04 1.62528921e+01 1.53943516e+01 1.46709184e+01 1.39320927e+01 1.31375567e+01 
3.52000000e+04 1.62455607e+01 1.53861061e+01 1.46603870e+01 1.39185040e+01 1.31208937e+01 
3.53000000e+04 1.62382422e+01 1.53778579e+01 1.46498422e+01 1.39049016e+01 1.31042260e+01 
3.54000000e+04 1.62309365e+01 1.53696071e+01 1.46392839e+01 1.38912856e+01 1.30875540e+01 
3.55000000e+04 1.62236434e+01 1.53613534e+01 1.46287123e+01 1.38776565e+01 1.30708780e+01 
3.56000000e+04 1.62163626e+01 1.53530968e+01 1.46181274e+01 1.38640143e+01 1.30541984e+01 
3.57000000e+04 1.62090939e+01 1.53448372e+01 1.46075294e+01 1.38503594e+01 1.30375154e+01 
3.58000000e+04 1.62018372e+01 1.53365745e+01 1.45969182e+01 1.38366919e+01 1.30208293e+01 
3.59000000e+04 1.61945922e+01 1.53283085e+01 1.45862940e+01 1.38230121e+01 1.30041405e+01 
3.60000000e+04 1.61873588e+01 1.53200393e+01 1.45756569e+01 1.38093202e+01 1.29874492e+01 
3.61000000e+04 1.61801368e+01 1.53117667e+01 1.45650069e+01 1.37956165e+01 1.29707558e+01 
3.62000000e+04 1.61729260e+01 1.53034906e+01 1.45543442e+01 1.37819011e+01 1.29540606e+01 
3.63000000e+04 1.61657262e+01 1.52952109e+01 1.45436687e+01 1.37681744e+01 1.29373638e+01 
3.64000000e+04 1.61585373e+01 1.52869277e+01 1.45329807e+01 1.37544364e+01 1.29206657e+01 
3.65000000e+04 1.61513590e+01 1.52786407e+01 1.45222802e+01 1.37406875e+01 1.29039667e+01 
3.66000000e+04 1.61441912e+01 1.52703499e+01 1.45115673e+01 1.37269278e+01 1.28872671e+01 
3.67000000e+04 1.61370337e+01 1.52620552e+01 1.45008420e+01 1.37131577e+01 1.28705670e+01 
3.68000000e+04 1.61298863e+01 1.52537566e+01 1.44901045e+01 1.36993773e+01 1.28538669e+01 
3.69000000e+04 1.61227489e+01 1.52454541e+01 1.44793549e+01 1.36855868e+01 1.28371669e+01 
3.70000000e+04 1.61156213e+01 1.52371474e+01 1.44685932e+01 1.36717865e+01 1.28204674e+01 
3.71000000e+04 1.61085033e+01 1.52288367e+01 1.44578196e+01 1.36579765e+01 1.28037687e+01 
3.72000000e+04 1.61013948e+01 1.52205217e+01 1.44470341e+01 1.36441572e+01 1.27870709e+01 
3.73000000e+04 1.60942956e+01 1.52122025e+01 1.44362369e+01 1.36303286e+01 1.27703745e+01 
3.74000000e+04 1.60872056e+01 1.52038790e+01 1.44254280e+01 1.36164911e+01 1.27536796e+01 
3.75000000e+04 1.60801246e+01 1.51955511e+01 1.44146076e+01 1.36026449e+01 1.27369865e+01 
3.76000000e+04 1.60730524e+01 1.51872188e+01 1.44037757e+01 1.35887902e+01 1.27202956e+01 
3.77000000e+04 1.60659889e+01 1.51788821e+01 1.43929325e+01 1.35749271e+01 1.27036069e+01 
3.78000000e+04 1.60589339e+01 1.51705408e+01 1.43820780e+01 1.35610559e+01 1.26869209e+01 
3.79000000e+04 1.60518873e+01 1.51621950e+01 1.43712124e+01 1.35471768e+01 1.26702378e+01 
3.80000000e+04 1.60448490e+01 1.51538446e+01 1.43603357e+01 1.35332901e+01 1.26535578e+01 
3.81000000e+04 1.60378188e+01 1.51454896e+01 1.43494480e+01 1.35193959e+01 1.26368811e+01 
3.82000000e+04 1.60307965e+01 1.51371298e+01 1.43385496e+01 1.35054944e+01 1.26202081e+01 
3.83000000e+04 1.60237821e+01 1.51287654e+01 1.43276404e+01 1.34915859e+01 1.26035390e+01 
3.84000000e+04 1.60167753e+01 1.51203961e+01 1.43167205e+01 1.34776706e+01 1.25868740e+01 
3.85000000e+04 1.60097761e+01 1.51120221e+01 1.43057901e+01 1.34637486e+01 1.25702134e+01 
3.86000000e+04 1.60027843e+01 1.51036433e+01 1.42948493e+01 1.34498202e+01 1.25535574e+01 
3.87000000e+04 1.59957998e+01 1.50952595e+01 1.42838982e+01 1.34358856e+01 1.25369062e+01 
3.88000000e+04 1.59888224e+01 1.50868709e+01 1.42729369e+01 1.34219449e+01 1.25202601e+01 
3.89000000e+04 1.59818521e+01 1.50784774e+01 1.42619655e+01 1.34079985e+01 1.25036193e+01 
3.90000000e+04 1.59748886e+01 1.50700789e+01 1.42509840e+01 1.33940464e+01 1.24869841e+01 
3.91000000e+04 1.59679319e+01 1.50616754e+01 1.42399927e+01 1.33800889e+01 1.24703546e+01 
3.92000000e+04 1.59609818e+01 1.50532670e+01 1.42289917e+01 1.33661262e+01 1.24537312e+01 
3.93000000e+04 1.59540382e+01 1.50448535e+01 1.42179809e+01 1.33521585e+01 1.24371139e+01 
3.94000000e+04 1.59471011e+01 1.50364349e+01 1.42069606e+01 1.33381860e+01 1.24205032e+01 
3.95000000e+04 1.59401702e+01 1.50280113e+01 1.41959308e+01 1.33242089e+01 1.24038991e+01 
3.96000000e+04 1.59332454e+01 1.50195827e+01 1.41848917e+01 1.33102273e+01 1.23873019e+01 
3.97000000e+04 1.59263268e+01 1.50111489e+01 1.41738434e+01 1.32962415e+01 1.23707118e+01 
3.98000000e+04 1.59194140e+01 1.50027100e+01 1.41627859e+01 1.32822516e+01 1.23541290e+01 
3.99000000e+04 1.59125071e+01 1.49942660e+01 1.41517194e+01 1.32682580e+01 1.23375538e+01 
4.00000000e+04 1.59056058e+01 1.49858168e+01 1.41406441e+01 1.32542606e+01 1.23209863e+01 
4.01000000e+04 1.58987102e+01 1.49773625e+01 1.41295599e+01 1.32402598e+01 1.23044268e+01 
4.02000000e+04 1.58918200e+01 1.49689031e+01 1.41184670e+01 1.32262557e+01 1.22878754e+01 
4.03000000e+04 1.58849353e+01 1.49604384e+01 1.41073656e+01 1.32122485e+01 1.22713324e+01 
4.04000000e+04 1.58780558e+01 1.49519686e+01 1.40962557e+01 1.31982384e+01 1.22547979e+01 
4.05000000e+04 1.58711815e+01 1.49434936e+01 1.40851375e+01 1.31842256e+01 1.22382722e+01 
4.06000000e+04 1.58643122e+01 1.49350134e+01 1.40740110e+01 1.31702102e+01 1.22217554e+01 
4.07000000e+04 1.58574480e+01 1.49265281e+01 1.40628764e+01 1.31561925e+01 1.22052478e+01 
4.08000000e+04 1.58505886e+01 1.49180375e+01 1.40517338e+01 1.31421726e+01 1.21887495e+01 
4.09000000e+04 1.58437339e+01 1.49095417e+01 1.40405833e+01 1.31281507e+01 1.21722608e+01 
4.10000000e+04 1.58368840e+01 1.49010407e+01 1.40294250e+01 1.31141270e+01 1.21557818e+01 
4.11000000e+04 1.58300386e+01 1.48925346e+01 1.40182590e+01 1.31001016e+01 1.21393127e+01 
4.12000000e+04 1.58231978e+01 1.48840232e+01 1.40070854e+01 1.30860748e+01 1.21228536e+01 
4.13000000e+04 1.58163613e+01 1.48755067e+01 1.39959044e+01 1.30720467e+01 1.21064049e+01 
4.14000000e+04 1.58095292e+01 1.48669849e+01 1.39847160e+01 1.30580175e+01 1.20899666e+01 
4.15000000e+04 1.58027012e+01 1.48584580e+01 1.39735204e+01 1.30439873e+01 1.20735389e+01 
4.16000000e+04 1.57958774e+01 1.48499259e+01 1.39623177e+01 1.30299564e+01 1.20571221e+01 
4.17000000e+04 1.57890577e+01 1.48413886e+01 1.39511079e+01 1.30159248e+01 1.20407162e+01 
4.18000000e+04 1.57822419e+01 1.48328462e+01 1.39398913e+01 1.30018929e+01 1.20243214e+01 
4.19000000e+04 1.57754299e+01 1.48242986e+01 1.39286678e+01 1.29878606e+01 1.20079380e+01 
4.20000000e+04 1.57686218e+01 1.48157458e+01 1.39174377e+01 1.29738283e+01 1.19915661e+01 
4.21000000e+04 1.57618174e+01 1.48071879e+01 1.39062010e+01 1.29597961e+01 1.19752059e+01 
4.22000000e+04 1.57550166e+01 1.47986249e+01 1.38949578e+01 1.29457640e+01 1.19588574e+01 
4.23000000e+04 1.57482194e+01 1.47900568e+01 1.38837083e+01 1.29317324e+01 1.19425210e+01 
4.24000000e+04 1.57414256e+01 1.47814836e+01 1.38724525e+01 1.29177014e+01 1.19261966e+01 
4.25000000e+04 1.57346353e+01 1.47729053e+01 1.38611906e+01 1.29036710e+01 1.19098846e+01 
4.26000000e+04 1.57278482e+01 1.47643219e+01 1.38499226e+01 1.28896416e+01 1.18935851e+01 
4.27000000e+04 1.57210645e+01 1.47557335e+01 1.38386488e+01 1.28756131e+01 1.18772982e+01 
4.28000000e+04 1.57142839e+01 1.47471400e+01 1.38273692e+01 1.28615859e+01 1.18610240e+01 
4.29000000e+04 1.57075063e+01 1.47385415e+01 1.38160838e+01 1.28475601e+01 1.18447628e+01 
4.30000000e+04 1.57007319e+01 1.47299380e+01 1.38047929e+01 1.28335357e+01 1.18285146e+01 
4.31000000e+04 1.56939604e+01 1.47213295e+01 1.37934965e+01 1.28195130e+01 1.18122796e+01 
4.32000000e+04 1.56871917e+01 1.47127160e+01 1.37821947e+01 1.28054921e+01 1.17960580e+01 
4.33000000e+04 1.56804260e+01 1.47040976e+01 1.37708876e+01 1.27914732e+01 1.17798500e+01 
4.34000000e+04 1.56736629e+01 1.46954743e+01 1.37595755e+01 1.27774564e+01 1.17636555e+01 
4.35000000e+04 1.56669026e+01 1.46868460e+01 1.37482582e+01 1.27634419e+01 1.17474749e+01 
4.36000000e+04 1.56601449e+01 1.46782129e+01 1.37369360e+01 1.27494298e+01 1.17313082e+01 
4.37000000e+04 1.56533897e+01 1.46695749e+01 1.37256090e+01 1.27354203e+01 1.17151556e+01 
4.38000000e+04 1.56466371e+01 1.46609321e+01 1.37142773e+01 1.27214134e+01 1.16990171e+01 
4.39000000e+04 1.56398869e+01 1.46522844e+01 1.37029409e+01 1.27074095e+01 1.16828930e+01 
4.40000000e+04 1.56331391e+01 1.46436320e+01 1.36916001e+01 1.26934085e+01 1.16667834e+01 
4.41000000e+04 1.56263936e+01 1.46349748e+01 1.36802548e+01 1.26794106e+01 1.16506884e+01 
4.42000000e+04 1.56196504e+01 1.46263128e+01 1.36689052e+01 1.26654161e+01 1.16346081e+01 
4.43000000e+04 1.56129094e+01 1.46176461e+01 1.36575515e+01 1.26514249e+01 1.16185427e+01 
4.44000000e+04 1.56061705e+01 1.46089748e+01 1.36461936e+01 1.26374374e+01 1.16024922e+01 
4.45000000e+04 1.55994337e+01 1.46002987e+01 1.36348318e+01 1.26234535e+01 1.15864569e+01 
4.46000000e+04 1.55926990e+01 1.45916181e+01 1.36234660e+01 1.26094735e+01 1.15704368e+01 
4.47000000e+04 1.55859663e+01 1.45829328e+01 1.36120965e+01 1.25954974e+01 1.15544320e+01 
4.48000000e+04 1.55792355e+01 1.45742429e+01 1.36007234e+01 1.25815254e+01 1.15384427e+01 
4.49000000e+04 1.55725065e+01 1.45655485e+01 1.35893466e+01 1.25675577e+01 1.15224690e+01 
4.50000000e+04 1.55657794e+01 1.45568496e+01 1.35779664e+01 1.25535944e+01 1.15065110e+01 
4.51000000e+04 1.55590541e+01 1.45481462e+01 1.35665828e+01 1.25396356e+01 1.14905688e+01 
4.52000000e+04 1.55523305e+01 1.45394383e+01 1.35551960e+01 1.25256813e+01 1.14746426e+01 
4.53000000e+04 1.55456086e+01 1.45307259e+01 1.35438060e+01 1.25117319e+01 1.14587324e+01 
4.54000000e+04 1.55388883e+01 1.45220092e+01 1.35324129e+01 1.24977874e+01 1.14428383e+01 
4.55000000e+04 1.55321696e+01 1.45132881e+01 1.35210169e+01 1.24838478e+01 1.14269606e+01 
4.56000000e+04 1.55254525e+01 1.45045627e+01 1.35096180e+01 1.24699135e+01 1.14110991e+01 
4.57000000e+04 1.55187369e+01 1.44958330e+01 1.34982164e+01 1.24559843e+01 1.13952542e+01 
4.58000000e+04 1.55120227e+01 1.44870990e+01 1.34868121e+01 1.24420606e+01 1.13794259e+01 
4.59000000e+04 1.55053099e+01 1.44783607e+01 1.34754053e+01 1.24281424e+01 1.13636142e+01 
4.60000000e+04 1.54985985e+01 1.44696183e+01 1.34639960e+01 1.24142299e+01 1.13478193e+01 
4.61000000e+04 1.54918884e+01 1.44608717e+01 1.34525843e+01 1.24003231e+01 1.13320413e+01 
4.62000000e+04 1.54851796e+01 1.44521209e+01 1.34411704e+01 1.23864221e+01 1.13162803e+01 
4.63000000e+04 1.54784721e+01 1.44433660e+01 1.34297543e+01 1.23725272e+01 1.13005364e+01 
4.64000000e+04 1.54717657e+01 1.44346071e+01 1.34183361e+01 1.23586384e+01 1.12848096e+01 
4.65000000e+04 1.54650605e+01 1.44258441e+01 1.34069160e+01 1.23447558e+01 1.12691001e+01 
4.66000000e+04 1.54583565e+01 1.44170772e+01 1.33954940e+01 1.23308796e+01 1.12534080e+01 
4.67000000e+04 1.54516535e+01 1.44083062e+01 1.33840702e+01 1.23170098e+01 1.12377333e+01 
4.68000000e+04 1.54449516e+01 1.43995314e+01 1.33726448e+01 1.23031466e+01 1.12220762e+01 
4.69000000e+04 1.54382507e+01 1.43907526e+01 1.33612177e+01 1.22892901e+01 1.12064368e+01 
4.70000000e+04 1.54315507e+01 1.43819700e+01 1.33497892e+01 1.22754404e+01 1.11908150e+01 
4.71000000e+04 1.54248517e+01 1.43731836e+01 1.33383593e+01 1.22615976e+01 1.11752111e+01 
4.72000000e+04 1.54181537e+01 1.43643934e+01 1.33269281e+01 1.22477618e+01 1.11596250e+01 
4.73000000e+04 1.54114565e+01 1.43555995e+01 1.33154956e+01 1.22339331e+01 1.11440570e+01 
4.74000000e+04 1.54047601e+01 1.43468018e+01 1.33040621e+01 1.22201117e+01 1.11285070e+01 
4.75000000e+04 1.53980646e+01 1.43380005e+01 1.32926275e+01 1.22062976e+01 1.11129751e+01 
4.76000000e+04 1.53913698e+01 1.43291955e+01 1.32811920e+01 1.21924909e+01 1.10974615e+01 
4.77000000e+04 1.53846758e+01 1.43203870e+01 1.32697557e+01 1.21786918e+01 1.10819662e+01 
4.78000000e+04 1.53779825e+01 1.43115749e+01 1.32583186e+01 1.21649004e+01 1.10664892e+01 
4.79000000e+04 1.53712899e+01 1.43027593e+01 1.32468808e+01 1.21511167e+01 1.10510307e+01 
4.80000000e+04 1.53645980e+01 1.42939402e+01 1.32354425e+01 1.21373408e+01 1.10355908e+01 
4.81000000e+04 1.53579067e+01 1.42851177e+01 1.32240037e+01 1.21235730e+01 1.10201694e+01 
4.82000000e+04 1.53512160e+01 1.42762918e+01 1.32125646e+01 1.21098131e+01 1.10047668e+01 
4.83000000e+04 1.53445259e+01 1.42674625e+01 1.32011251e+01 1.20960615e+01 1.09893829e+01 
4.84000000e+04 1.53378363e+01 1.42586299e+01 1.31896854e+01 1.20823181e+01 1.09740178e+01 
4.85000000e+04 1.53311473e+01 1.42497940e+01 1.31782457e+01 1.20685830e+01 1.09586716e+01 
4.86000000e+04 1.53244588e+01 1.42409549e+01 1.31668058e+01 1.20548564e+01 1.09433444e+01 
4.87000000e+04 1.53177707e+01 1.42321125e+01 1.31553661e+01 1.20411383e+01 1.09280362e+01 
4.88000000e+04 1.53110831e+01 1.42232670e+01 1.31439264e+01 1.20274288e+01 1.09127471e+01 
4.89000000e+04 1.53043959e+01 1.42144184e+01 1.31324870e+01 1.20137281e+01 1.08974771e+01 
4.90000000e+04 1.52977091e+01 1.42055667e+01 1.31210480e+01 1.20000362e+01 1.08822264e+01 
4.91000000e+04 1.52910227e+01 1.41967120e+01 1.31096093e+01 1.19863532e+01 1.08669950e+01 
4.92000000e+04 1.52843367e+01 1.41878543e+01 1.30981711e+01 1.19726792e+01 1.08517829e+01 
4.93000000e+04 1.52776510e+01 1.41789936e+01 1.30867335e+01 1.19590143e+01 1.08365902e+01 
4.94000000e+04 1.52709656e+01 1.41701300e+01 1.30752965e+01 1.19453586e+01 1.08214170e+01 
4.95000000e+04 1.52642805e+01 1.41612635e+01 1.30638602e+01 1.19317121e+01 1.08062633e+01 
4.96000000e+04 1.52575957e+01 1.41523942e+01 1.30524248e+01 1.19180750e+01 1.07911292e+01 
4.97000000e+04 1.52509111e+01 1.41435221e+01 1.30409903e+01 1.19044473e+01 1.07760148e+01 
4.98000000e+04 1.52442268e+01 1.41346472e+01 1.30295568e+01 1.18908292e+01 1.07609200e+01 
4.99000000e+04 1.52375427e+01 1.41257696e+01 1.30181243e+01 1.18772206e+01 1.07458450e+01 
5.00000000e+04 1.52308588e+01 1.41168894e+01 1.30066930e+01 1.18636218e+01 1.07307898e+01 
5.01000000e+04 1.52241751e+01 1.41080065e+01 1.29952629e+01 1.18500327e+01 1.07157545e+01 
5.02000000e+04 1.52174915e+01 1.40991211e+01 1.29838342e+01 1.18364534e+01 1.07007390e+01 
5.03000000e+04 1.52108081e+01 1.40902330e+01 1.29724068e+01 1.18228841e+01 1.06857436e+01 
5.04000000e+04 1.52041248e+01 1.40813425e+01 1.29609808e+01 1.18093249e+01 1.06707681e+01 
5.05000000e+04 1.51974416e+01 1.40724495e+01 1.29495565e+01 1.17957757e+01 1.06558127e+01 
5.06000000e+04 1.51907585e+01 1.40635541e+01 1.29381337e+01 1.17822367e+01 1.06408774e+01 
5.07000000e+04 1.51840755e+01 1.40546563e+01 1.29267127e+01 1.17687079e+01 1.06259622e+01 
5.08000000e+04 1.51773926e+01 1.40457562e+01 1.29152934e+01 1.17551894e+01 1.06110673e+01 
5.09000000e+04 1.51707098e+01 1.40368538e+01 1.29038760e+01 1.17416814e+01 1.05961926e+01 
5.10000000e+04 1.51640269e+01 1.40279491e+01 1.28924605e+01 1.17281838e+01 1.05813382e+01 
5.11000000e+04 1.51573441e+01 1.40190422e+01 1.28810471e+01 1.17146968e+01 1.05665041e+01 
5.12000000e+04 1.51506613e+01 1.40101332e+01 1.28696357e+01 1.17012204e+01 1.05516904e+01 
5.13000000e+04 1.51439786e+01 1.40012220e+01 1.28582265e+01 1.16877547e+01 1.05368971e+01 
5.14000000e+04 1.51372958e+01 1.39923087e+01 1.28468195e+01 1.16742998e+01 1.05221243e+01 
5.15000000e+04 1.51306129e+01 1.39833933e+01 1.28354149e+01 1.16608557e+01 1.05073719e+01 
5.16000000e+04 1.51239301e+01 1.39744760e+01 1.28240126e+01 1.16474225e+01 1.04926401e+01 
5.17000000e+04 1.51172472e+01 1.39655567e+01 1.28126128e+01 1.16340003e+01 1.04779289e+01 
5.18000000e+04 1.51105642e+01 1.39566355e+01 1.28012155e+01 1.16205892e+01 1.04632382e+01 
5.19000000e+04 1.51038812e+01 1.39477124e+01 1.27898208e+01 1.16071891e+01 1.04485682e+01 
5.20000000e+04 1.50971981e+01 1.39387875e+01 1.27784287e+01 1.15938003e+01 1.04339189e+01 
5.21000000e+04 1.50905149e+01 1.39298607e+01 1.27670395e+01 1.15804227e+01 1.04192903e+01 
5.22000000e+04 1.50838317e+01 1.39209323e+01 1.27556530e+01 1.15670564e+01 1.04046825e+01 
5.23000000e+04 1.50771483e+01 1.39120021e+01 1.27442694e+01 1.15537015e+01 1.03900954e+01 
5.24000000e+04 1.50704648e+01 1.39030702e+01 1.27328888e+01 1.15403580e+01 1.03755292e+01 
5.25000000e+04 1.50637812e+01 1.38941367e+01 1.27215112e+01 1.15270260e+01 1.03609838e+01 
5.26000000e+04 1.50570974e+01 1.38852017e+01 1.27101368e+01 1.15137056e+01 1.03464593e+01 
5.27000000e+04 1.50504135e+01 1.38762650e+01 1.26987654e+01 1.15003968e+01 1.03319556e+01 
5.28000000e+04 1.50437295e+01 1.38673269e+01 1.26873973e+01 1.14870998e+01 1.03174730e+01 
5.29000000e+04 1.50370453e+01 1.38583873e+01 1.26760325e+01 1.14738144e+01 1.03030112e+01 
5.30000000e+04 1.50303610e+01 1.38494463e+01 1.26646711e+01 1.14605409e+01 1.02885705e+01 
5.31000000e+04 1.50236765e+01 1.38405039e+01 1.26533131e+01 1.14472793e+01 1.02741508e+01 
5.32000000e+04 1.50169918e+01 1.38315602e+01 1.26419586e+01 1.14340296e+01 1.02597521e+01 
5.33000000e+04 1.50103069e+01 1.38226152e+01 1.26306077e+01 1.14207918e+01 1.02453745e+01 
5.34000000e+04 1.50036219e+01 1.38136689e+01 1.26192604e+01 1.14075661e+01 1.02310180e+01 
5.35000000e+04 1.49969367e+01 1.38047215e+01 1.26079168e+01 1.13943526e+01 1.02166826e+01 
5.36000000e+04 1.49902513e+01 1.37957728e+01 1.25965770e+01 1.13811511e+01 1.02023684e+01 
5.37000000e+04 1.49835657e+01 1.37868230e+01 1.25852410e+01 1.13679619e+01 1.01880753e+01 
5.38000000e+04 1.49768798e+01 1.37778722e+01 1.25739089e+01 1.13547850e+01 1.01738034e+01 
5.39000000e+04 1.49701938e+01 1.37689202e+01 1.25625807e+01 1.13416203e+01 1.01595527e+01 
5.40000000e+04 1.49635076e+01 1.37599673e+01 1.25512566e+01 1.13284681e+01 1.01453232e+01 
5.41000000e+04 1.49568211e+01 1.37510134e+01 1.25399365e+01 1.13153283e+01 1.01311150e+01 
5.42000000e+04 1.49501345e+01 1.37420586e+01 1.25286206e+01 1.13022009e+01 1.01169280e+01 
5.43000000e+04 1.49434476e+01 1.37331029e+01 1.25173089e+01 1.12890861e+01 1.01027624e+01 
5.44000000e+04 1.49367605e+01 1.37241464e+01 1.25060014e+01 1.12759838e+01 1.00886180e+01 
5.45000000e+04 1.49300732e+01 1.37151890e+01 1.24946983e+01 1.12628942e+01 1.00744949e+01 
5.46000000e+04 1.49233856e+01 1.37062309e+01 1.24833995e+01 1.12498172e+01 1.00603932e+01 
5.47000000e+04 1.49166979e+01 1.36972721e+01 1.24721052e+01 1.12367530e+01 1.00463129e+01 
5.48000000e+04 1.49100099e+01 1.36883126e+01 1.24608154e+01 1.12237016e+01 1.00322539e+01 
5.49000000e+04 1.49033216e+01 1.36793525e+01 1.24495302e+01 1.12106629e+01 1.00182163e+01 
5.50000000e+04 1.48966331e+01 1.36703917e+01 1.24382495e+01 1.11976372e+01 1.00042001e+01 
5.51000000e+04 1.48899444e+01 1.36614304e+01 1.24269736e+01 1.11846243e+01 9.99020529e+00 
5.52000000e+04 1.48832555e+01 1.36524686e+01 1.24157024e+01 1.11716244e+01 9.97623191e+00 
5.53000000e+04 1.48765663e+01 1.36435063e+01 1.24044360e+01 1.11586375e+01 9.96227998e+00 
5.54000000e+04 1.48698769e+01 1.36345435e+01 1.23931744e+01 1.11456637e+01 9.94834949e+00 
5.55000000e+04 1.48631873e+01 1.36255804e+01 1.23819177e+01 1.11327030e+01 9.93444046e+00 
5.56000000e+04 1.48564974e+01 1.36166169e+01 1.23706660e+01 1.11197553e+01 9.92055290e+00 
5.57000000e+04 1.48498073e+01 1.36076530e+01 1.23594194e+01 1.11068209e+01 9.90668682e+00 
5.58000000e+04 1.48431169e+01 1.35986889e+01 1.23481778e+01 1.10938997e+01 9.89284223e+00 
5.59000000e+04 1.48364263e+01 1.35897246e+01 1.23369413e+01 1.10809917e+01 9.87901914e+00 
5.60000000e+04 1.48297355e+01 1.35807600e+01 1.23257100e+01 1.10680971e+01 9.86521756e+00 
5.61000000e+04 1.48230444e+01 1.35717953e+01 1.23144839e+01 1.10552157e+01 9.85143749e+00 
5.62000000e+04 1.48163531e+01 1.35628305e+01 1.23032632e+01 1.10423478e+01 9.83767894e+00 
5.63000000e+04 1.48096616e+01 1.35538655e+01 1.22920477e+01 1.10294933e+01 9.82394192e+00 
5.64000000e+04 1.48029699e+01 1.35449006e+01 1.22808377e+01 1.10166522e+01 9.81022644e+00 
5.65000000e+04 1.47962779e+01 1.35359356e+01 1.22696331e+01 1.10038247e+01 9.79653250e+00 
5.66000000e+04 1.47895857e+01 1.35269706e+01 1.22584340e+01 1.09910106e+01 9.78286010e+00 
5.67000000e+04 1.47828933e+01 1.35180057e+01 1.22472405e+01 1.09782102e+01 9.76920926e+00 
5.68000000e+04 1.47762007e+01 1.35090410e+01 1.22360525e+01 1.09654233e+01 9.75557997e+00 
5.69000000e+04 1.47695078e+01 1.35000763e+01 1.22248703e+01 1.09526501e+01 9.74197224e+00 
5.70000000e+04 1.47628147e+01 1.34911119e+01 1.22136937e+01 1.09398906e+01 9.72838608e+00 
5.71000000e+04 1.47561215e+01 1.34821477e+01 1.22025229e+01 1.09271448e+01 9.71482148e+00 
5.72000000e+04 1.47494280e+01 1.34731837e+01 1.21913578e+01 1.09144127e+01 9.70127845e+00 
5.73000000e+04 1.47427343e+01 1.34642200e+01 1.21801987e+01 1.09016944e+01 9.68775698e+00 
5.74000000e+04 1.47360404e+01 1.34552567e+01 1.21690454e+01 1.08889899e+01 9.67425709e+00 
5.75000000e+04 1.47293463e+01 1.34462938e+01 1.21578981e+01 1.08762993e+01 9.66077877e+00 
5.76000000e+04 1.47226520e+01 1.34373312e+01 1.21467567e+01 1.08636226e+01 9.64732202e+00 
5.77000000e+04 1.47159575e+01 1.34283691e+01 1.21356214e+01 1.08509597e+01 9.63388685e+00 
5.78000000e+04 1.47092629e+01 1.34194075e+01 1.21244922e+01 1.08383108e+01 9.62047325e+00 
5.79000000e+04 1.47025680e+01 1.34104464e+01 1.21133692e+01 1.08256759e+01 9.60708122e+00 
5.80000000e+04 1.46958730e+01 1.34014859e+01 1.21022523e+01 1.08130550e+01 9.59371075e+00 
5.81000000e+04 1.46891778e+01 1.33925260e+01 1.20911417e+01 1.08004481e+01 9.58036186e+00 
5.82000000e+04 1.46824825e+01 1.33835667e+01 1.20800373e+01 1.07878553e+01 9.56703453e+00 
5.83000000e+04 1.46757870e+01 1.33746081e+01 1.20689392e+01 1.07752766e+01 9.55372877e+00 
5.84000000e+04 1.46690913e+01 1.33656502e+01 1.20578475e+01 1.07627120e+01 9.54044457e+00 
5.85000000e+04 1.46623954e+01 1.33566930e+01 1.20467623e+01 1.07501615e+01 9.52718192e+00 
5.86000000e+04 1.46556995e+01 1.33477366e+01 1.20356834e+01 1.07376252e+01 9.51394083e+00 
5.87000000e+04 1.46490033e+01 1.33387810e+01 1.20246111e+01 1.07251031e+01 9.50072128e+00 
5.88000000e+04 1.46423071e+01 1.33298263e+01 1.20135453e+01 1.07125953e+01 9.48752328e+00 
5.89000000e+04 1.46356107e+01 1.33208724e+01 1.20024861e+01 1.07001017e+01 9.47434682e+00 
5.90000000e+04 1.46289141e+01 1.33119195e+01 1.19914336e+01 1.06876223e+01 9.46119189e+00 
5.91000000e+04 1.46222175e+01 1.33029676e+01 1.19803877e+01 1.06751573e+01 9.44805850e+00 
5.92000000e+04 1.46155207e+01 1.32940166e+01 1.19693485e+01 1.06627066e+01 9.43494662e+00 
5.93000000e+04 1.46088239e+01 1.32850666e+01 1.19583160e+01 1.06502703e+01 9.42185626e+00 
5.94000000e+04 1.46021269e+01 1.32761178e+01 1.19472904e+01 1.06378483e+01 9.40878740e+00 
5.95000000e+04 1.45954299e+01 1.32671700e+01 1.19362715e+01 1.06254408e+01 9.39574005e+00 
5.96000000e+04 1.45887327e+01 1.32582233e+01 1.19252596e+01 1.06130477e+01 9.38271419e+00 
5.97000000e+04 1.45820355e+01 1.32492779e+01 1.19142546e+01 1.06006690e+01 9.36970981e+00 
5.98000000e+04 1.45753382e+01 1.32403336e+01 1.19032565e+01 1.05883048e+01 9.35672692e+00 
5.99000000e+04 1.45686408e+01 1.32313906e+01 1.18922654e+01 1.05759551e+01 9.34376549e+00 
6.00000000e+04 1.45619433e+01 1.32224488e+01 1.18812814e+01 1.05636198e+01 9.33082552e+00 
6.01000000e+04 1.45552458e+01 1.32135083e+01 1.18703044e+01 1.05512992e+01 9.31790700e+00 
6.02000000e+04 1.45485483e+01 1.32045692e+01 1.18593346e+01 1.05389931e+01 9.30500991e+00 
6.03000000e+04 1.45418507e+01 1.31956315e+01 1.18483719e+01 1.05267015e+01 9.29213426e+00 
6.04000000e+04 1.45351531e+01 1.31866951e+01 1.18374163e+01 1.05144246e+01 9.27928003e+00 
6.05000000e+04 1.45284554e+01 1.31777603e+01 1.18264680e+01 1.05021622e+01 9.26644721e+00 
6.06000000e+04 1.45217577e+01 1.31688268e+01 1.18155270e+01 1.04899145e+01 9.25363578e+00 
6.07000000e+04 1.45150601e+01 1.31598949e+01 1.18045932e+01 1.04776815e+01 9.24084574e+00 
6.08000000e+04 1.45083624e+01 1.31509645e+01 1.17936668e+01 1.04654631e+01 9.22807707e+00 
6.09000000e+04 1.45016647e+01 1.31420357e+01 1.17827478e+01 1.04532594e+01 9.21532977e+00 
6.10000000e+04 1.44949670e+01 1.31331086e+01 1.17718362e+01 1.04410704e+01 9.20260382e+00 
6.11000000e+04 1.44882694e+01 1.31241830e+01 1.17609320e+01 1.04288961e+01 9.18989920e+00 
6.12000000e+04 1.44815717e+01 1.31152591e+01 1.17500353e+01 1.04167366e+01 9.17721591e+00 
6.13000000e+04 1.44748741e+01 1.31063370e+01 1.17391461e+01 1.04045918e+01 9.16455393e+00 
6.14000000e+04 1.44681766e+01 1.30974165e+01 1.17282644e+01 1.03924618e+01 9.15191324e+00 
6.15000000e+04 1.44614791e+01 1.30884978e+01 1.17173903e+01 1.03803465e+01 9.13929384e+00 
6.16000000e+04 1.44547817e+01 1.30795810e+01 1.17065239e+01 1.03682461e+01 9.12669571e+00 
6.17000000e+04 1.44480843e+01 1.30706659e+01 1.16956651e+01 1.03561605e+01 9.11411884e+00 
6.18000000e+04 1.44413870e+01 1.30617528e+01 1.16848139e+01 1.03440897e+01 9.10156320e+00 
6.19000000e+04 1.44346898e+01 1.30528415e+01 1.16739705e+01 1.03320338e+01 9.08902879e+00 
6.20000000e+04 1.44279927e+01 1.30439322e+01 1.16631348e+01 1.03199927e+01 9.07651559e+00 
6.21000000e+04 1.44212957e+01 1.30350248e+01 1.16523069e+01 1.03079665e+01 9.06402359e+00 
6.22000000e+04 1.44145988e+01 1.30261194e+01 1.16414868e+01 1.02959552e+01 9.05155276e+00 
6.23000000e+04 1.44079020e+01 1.30172160e+01 1.16306746e+01 1.02839587e+01 9.03910310e+00 
6.24000000e+04 1.44012053e+01 1.30083147e+01 1.16198702e+01 1.02719772e+01 9.02667458e+00 
6.25000000e+04 1.43945088e+01 1.29994155e+01 1.16090738e+01 1.02600106e+01 9.01426720e+00 
6.26000000e+04 1.43878124e+01 1.29905183e+01 1.15982852e+01 1.02480589e+01 9.00188092e+00 
6.27000000e+04 1.43811162e+01 1.29816233e+01 1.15875047e+01 1.02361222e+01 8.98951575e+00 
6.28000000e+04 1.43744201e+01 1.29727305e+01 1.15767321e+01 1.02242004e+01 8.97717165e+00 
6.29000000e+04 1.43677243e+01 1.29638399e+01 1.15659675e+01 1.02122936e+01 8.96484862e+00 
6.30000000e+04 1.43610286e+01 1.29549516e+01 1.15552110e+01 1.02004018e+01 8.95254663e+00 
6.31000000e+04 1.43543331e+01 1.29460655e+01 1.15444626e+01 1.01885250e+01 8.94026566e+00 
6.32000000e+04 1.43476378e+01 1.29371817e+01 1.15337223e+01 1.01766631e+01 8.92800570e+00 
6.33000000e+04 1.43409427e+01 1.29283002e+01 1.15229902e+01 1.01648163e+01 8.91576673e+00 
6.34000000e+04 1.43342478e+01 1.29194210e+01 1.15122662e+01 1.01529845e+01 8.90354874e+00 
6.35000000e+04 1.43275531e+01 1.29105443e+01 1.15015504e+01 1.01411677e+01 8.89135169e+00 
6.36000000e+04 1.43208587e+01 1.29016699e+01 1.14908429e+01 1.01293659e+01 8.87917557e+00 
6.37000000e+04 1.43141646e+01 1.28927980e+01 1.14801436e+01 1.01175792e+01 8.86702037e+00 
6.38000000e+04 1.43074707e+01 1.28839286e+01 1.14694525e+01 1.01058075e+01 8.85488607e+00 
6.39000000e+04 1.43007770e+01 1.28750617e+01 1.14587698e+01 1.00940509e+01 8.84277263e+00 
6.40000000e+04 1.42940837e+01 1.28661973e+01 1.14480954e+01 1.00823093e+01 8.83068005e+00 
6.41000000e+04 1.42873906e+01 1.28573354e+01 1.14374294e+01 1.00705828e+01 8.81860830e+00 
6.42000000e+04 1.42806978e+01 1.28484761e+01 1.14267718e+01 1.00588714e+01 8.80655737e+00 
6.43000000e+04 1.42740053e+01 1.28396195e+01 1.14161226e+01 1.00471751e+01 8.79452723e+00 
6.44000000e+04 1.42673132e+01 1.28307654e+01 1.14054818e+01 1.00354938e+01 8.78251786e+00 
6.45000000e+04 1.42606214e+01 1.28219141e+01 1.13948495e+01 1.00238277e+01 8.77052924e+00 
6.46000000e+04 1.42539299e+01 1.28130654e+01 1.13842257e+01 1.00121767e+01 8.75856135e+00 
6.47000000e+04 1.42472387e+01 1.28042195e+01 1.13736103e+01 1.00005407e+01 8.74661417e+00 
6.48000000e+04 1.42405479e+01 1.27953763e+01 1.13630036e+01 9.98891992e+00 8.73468768e+00 
6.49000000e+04 1.42338575e+01 1.27865359e+01 1.13524054e+01 9.97731422e+00 8.72278185e+00 
6.50000000e+04 1.42271675e+01 1.27776983e+01 1.13418157e+01 9.96572364e+00 8.71089666e+00 
6.51000000e+04 1.42204778e+01 1.27688635e+01 1.13312347e+01 9.95414818e+00 8.69903210e+00 
6.52000000e+04 1.42137885e+01 1.27600316e+01 1.13206623e+01 9.94258786e+00 8.68718813e+00 
6.53000000e+04 1.42070997e+01 1.27512025e+01 1.13100986e+01 9.93104267e+00 8.67536474e+00 
6.54000000e+04 1.42004112e+01 1.27423764e+01 1.12995436e+01 9.91951261e+00 8.66356190e+00 
6.55000000e+04 1.41937232e+01 1.27335532e+01 1.12889972e+01 9.90799770e+00 8.65177959e+00 
6.56000000e+04 1.41870356e+01 1.27247330e+01 1.12784596e+01 9.89649793e+00 8.64001780e+00 
6.57000000e+04 1.41803485e+01 1.27159157e+01 1.12679307e+01 9.88501331e+00 8.62827648e+00 
6.58000000e+04 1.41736618e+01 1.27071015e+01 1.12574106e+01 9.87354383e+00 8.61655563e+00 
6.59000000e+04 1.41669756e+01 1.26982903e+01 1.12468993e+01 9.86208951e+00 8.60485521e+00 
6.60000000e+04 1.41602899e+01 1.26894822e+01 1.12363968e+01 9.85065034e+00 8.59317521e+00 
6.61000000e+04 1.41536046e+01 1.26806772e+01 1.12259032e+01 9.83922633e+00 8.58151560e+00 
6.62000000e+04 1.41469199e+01 1.26718753e+01 1.12154184e+01 9.82781747e+00 8.56987636e+00 
6.63000000e+04 1.41402356e+01 1.26630765e+01 1.12049425e+01 9.81642377e+00 8.55825745e+00 
6.64000000e+04 1.41335519e+01 1.26542809e+01 1.11944754e+01 9.80504523e+00 8.54665887e+00 
6.65000000e+04 1.41268687e+01 1.26454885e+01 1.11840173e+01 9.79368185e+00 8.53508058e+00 
6.66000000e+04 1.41201861e+01 1.26366993e+01 1.11735681e+01 9.78233363e+00 8.52352256e+00 
6.67000000e+04 1.41135040e+01 1.26279133e+01 1.11631279e+01 9.77100057e+00 8.51198479e+00 
6.68000000e+04 1.41068225e+01 1.26191307e+01 1.11526967e+01 9.75968267e+00 8.50046723e+00 
6.69000000e+04 1.41001415e+01 1.26103513e+01 1.11422744e+01 9.74837993e+00 8.48896987e+00 
6.70000000e+04 1.40934611e+01 1.26015752e+01 1.11318612e+01 9.73709235e+00 8.47749268e+00 
6.71000000e+04 1.40867813e+01 1.25928025e+01 1.11214570e+01 9.72581994e+00 8.46603563e+00 
6.72000000e+04 1.40801021e+01 1.25840331e+01 1.11110618e+01 9.71456268e+00 8.45459871e+00 
6.73000000e+04 1.40734236e+01 1.25752671e+01 1.11006757e+01 9.70332058e+00 8.44318187e+00 
6.74000000e+04 1.40667456e+01 1.25665045e+01 1.10902988e+01 9.69209364e+00 8.43178511e+00 
6.75000000e+04 1.40600683e+01 1.25577454e+01 1.10799309e+01 9.68088185e+00 8.42040839e+00 
6.76000000e+04 1.40533917e+01 1.25489897e+01 1.10695721e+01 9.66968522e+00 8.40905168e+00 
6.77000000e+04 1.40467156e+01 1.25402375e+01 1.10592225e+01 9.65850374e+00 8.39771497e+00 
6.78000000e+04 1.40400403e+01 1.25314888e+01 1.10488820e+01 9.64733741e+00 8.38639822e+00 
6.79000000e+04 1.40333656e+01 1.25227436e+01 1.10385507e+01 9.63618623e+00 8.37510141e+00 
6.80000000e+04 1.40266917e+01 1.25140020e+01 1.10282287e+01 9.62505020e+00 8.36382451e+00 
6.81000000e+04 1.40200184e+01 1.25052639e+01 1.10179158e+01 9.61392931e+00 8.35256750e+00 
6.82000000e+04 1.40133458e+01 1.24965295e+01 1.10076121e+01 9.60282356e+00 8.34133034e+00 
6.83000000e+04 1.40066740e+01 1.24877986e+01 1.09973177e+01 9.59173295e+00 8.33011302e+00 
6.84000000e+04 1.40000028e+01 1.24790714e+01 1.09870326e+01 9.58065747e+00 8.31891551e+00 
6.85000000e+04 1.39933325e+01 1.24703479e+01 1.09767567e+01 9.56959712e+00 8.30773777e+00 
6.86000000e+04 1.39866628e+01 1.24616280e+01 1.09664901e+01 9.55855190e+00 8.29657979e+00 
6.87000000e+04 1.39799940e+01 1.24529119e+01 1.09562328e+01 9.54752181e+00 8.28544153e+00 
6.88000000e+04 1.39733259e+01 1.24441995e+01 1.09459848e+01 9.53650683e+00 8.27432297e+00 
6.89000000e+04 1.39666586e+01 1.24354908e+01 1.09357462e+01 9.52550697e+00 8.26322408e+00 
6.90000000e+04 1.39599920e+01 1.24267859e+01 1.09255169e+01 9.51452222e+00 8.25214483e+00 
6.91000000e+04 1.39533263e+01 1.24180848e+01 1.09152970e+01 9.50355258e+00 8.24108520e+00 
6.92000000e+04 1.39466614e+01 1.24093875e+01 1.09050865e+01 9.49259804e+00 8.23004516e+00 
6.93000000e+04 1.39399974e+01 1.24006940e+01 1.08948853e+01 9.48165860e+00 8.21902468e+00 
6.94000000e+04 1.39333341e+01 1.23920044e+01 1.08846936e+01 9.47073425e+00 8.20802373e+00 
6.95000000e+04 1.39266718e+01 1.23833187e+01 1.08745113e+01 9.45982498e+00 8.19704228e+00 
6.96000000e+04 1.39200102e+01 1.23746369e+01 1.08643384e+01 9.44893080e+00 8.18608032e+00 
6.97000000e+04 1.39133496e+01 1.23659589e+01 1.08541750e+01 9.43805170e+00 8.17513780e+00 
6.98000000e+04 1.39066898e+01 1.23572850e+01 1.08440210e+01 9.42718766e+00 8.16421470e+00 
6.99000000e+04 1.39000309e+01 1.23486149e+01 1.08338765e+01 9.41633869e+00 8.15331100e+00 
7.00000000e+04 1.38933729e+01 1.23399489e+01 1.08237415e+01 9.40550478e+00 8.14242666e+00 
7.01000000e+04 1.38867159e+01 1.23312869e+01 1.08136160e+01 9.39468592e+00 8.13156166e+00 
7.02000000e+04 1.38800597e+01 1.23226289e+01 1.08035000e+01 9.38388211e+00 8.12071597e+00 
7.03000000e+04 1.38734045e+01 1.23139749e+01 1.07933935e+01 9.37309334e+00 8.10988955e+00 
7.04000000e+04 1.38667502e+01 1.23053249e+01 1.07832966e+01 9.36231960e+00 8.09908239e+00 
7.05000000e+04 1.38600969e+01 1.22966791e+01 1.07732092e+01 9.35156088e+00 8.08829445e+00 
7.06000000e+04 1.38534445e+01 1.22880373e+01 1.07631314e+01 9.34081719e+00 8.07752570e+00 
7.07000000e+04 1.38467931e+01 1.22793997e+01 1.07530631e+01 9.33008850e+00 8.06677612e+00 
7.08000000e+04 1.38401427e+01 1.22707662e+01 1.07430044e+01 9.31937482e+00 8.05604568e+00 
7.09000000e+04 1.38334933e+01 1.22621369e+01 1.07329553e+01 9.30867614e+00 8.04533434e+00 
7.10000000e+04 1.38268450e+01 1.22535117e+01 1.07229159e+01 9.29799245e+00 8.03464208e+00 
7.11000000e+04 1.38201976e+01 1.22448907e+01 1.07128860e+01 9.28732374e+00 8.02396887e+00 
7.12000000e+04 1.38135512e+01 1.22362740e+01 1.07028658e+01 9.27667000e+00 8.01331468e+00 
7.13000000e+04 1.38069059e+01 1.22276614e+01 1.06928552e+01 9.26603123e+00 8.00267948e+00 
7.14000000e+04 1.38002617e+01 1.22190531e+01 1.06828542e+01 9.25540742e+00 7.99206324e+00 
7.15000000e+04 1.37936185e+01 1.22104491e+01 1.06728629e+01 9.24479855e+00 7.98146594e+00 
7.16000000e+04 1.37869763e+01 1.22018494e+01 1.06628813e+01 9.23420463e+00 7.97088754e+00 
7.17000000e+04 1.37803353e+01 1.21932540e+01 1.06529093e+01 9.22362564e+00 7.96032801e+00 
7.18000000e+04 1.37736953e+01 1.21846628e+01 1.06429471e+01 9.21306157e+00 7.94978733e+00 
7.19000000e+04 1.37670565e+01 1.21760761e+01 1.06329945e+01 9.20251242e+00 7.93926546e+00 
7.20000000e+04 1.37604187e+01 1.21674937e+01 1.06230516e+01 9.19197817e+00 7.92876238e+00 
7.21000000e+04 1.37537821e+01 1.21589156e+01 1.06131185e+01 9.18145882e+00 7.91827806e+00 
7.22000000e+04 1.37471466e+01 1.21503420e+01 1.06031950e+01 9.17095435e+00 7.90781246e+00 
7.23000000e+04 1.37405122e+01 1.21417727e+01 1.05932813e+01 9.16046477e+00 7.89736556e+00 
7.24000000e+04 1.37338790e+01 1.21332079e+01 1.05833774e+01 9.14999005e+00 7.88693732e+00 
7.25000000e+04 1.37272470e+01 1.21246475e+01 1.05734832e+01 9.13953019e+00 7.87652772e+00 
7.26000000e+04 1.37206162e+01 1.21160916e+01 1.05635987e+01 9.12908518e+00 7.86613673e+00 
7.27000000e+04 1.37139865e+01 1.21075402e+01 1.05537240e+01 9.11865500e+00 7.85576432e+00 
7.28000000e+04 1.37073580e+01 1.20989932e+01 1.05438591e+01 9.10823966e+00 7.84541045e+00 
7.29000000e+04 1.37007307e+01 1.20904508e+01 1.05340040e+01 9.09783913e+00 7.83507510e+00 
7.30000000e+04 1.36941047e+01 1.20819129e+01 1.05241587e+01 9.08745342e+00 7.82475824e+00 
7.31000000e+04 1.36874798e+01 1.20733795e+01 1.05143231e+01 9.07708250e+00 7.81445984e+00 
7.32000000e+04 1.36808563e+01 1.20648507e+01 1.05044974e+01 9.06672636e+00 7.80417987e+00 
7.33000000e+04 1.36742339e+01 1.20563265e+01 1.04946814e+01 9.05638501e+00 7.79391829e+00 
7.34000000e+04 1.36676128e+01 1.20478068e+01 1.04848753e+01 9.04605842e+00 7.78367508e+00 
7.35000000e+04 1.36609930e+01 1.20392918e+01 1.04750790e+01 9.03574659e+00 7.77345020e+00 
7.36000000e+04 1.36543744e+01 1.20307814e+01 1.04652926e+01 9.02544950e+00 7.76324364e+00 
7.37000000e+04 1.36477572e+01 1.20222756e+01 1.04555159e+01 9.01516714e+00 7.75305535e+00 
7.38000000e+04 1.36411412e+01 1.20137745e+01 1.04457492e+01 9.00489950e+00 7.74288531e+00 
7.39000000e+04 1.36345266e+01 1.20052781e+01 1.04359922e+01 8.99464658e+00 7.73273348e+00 
7.40000000e+04 1.36279132e+01 1.19967863e+01 1.04262452e+01 8.98440835e+00 7.72259984e+00 
7.41000000e+04 1.36213012e+01 1.19882993e+01 1.04165080e+01 8.97418482e+00 7.71248435e+00 
7.42000000e+04 1.36146905e+01 1.19798169e+01 1.04067806e+01 8.96397595e+00 7.70238699e+00 
7.43000000e+04 1.36080812e+01 1.19713393e+01 1.03970631e+01 8.95378176e+00 7.69230773e+00 
7.44000000e+04 1.36014732e+01 1.19628664e+01 1.03873556e+01 8.94360221e+00 7.68224653e+00 
7.45000000e+04 1.35948666e+01 1.19543983e+01 1.03776579e+01 8.93343731e+00 7.67220336e+00 
7.46000000e+04 1.35882614e+01 1.19459350e+01 1.03679701e+01 8.92328703e+00 7.66217820e+00 
7.47000000e+04 1.35816576e+01 1.19374765e+01 1.03582921e+01 8.91315137e+00 7.65217101e+00 
7.48000000e+04 1.35750551e+01 1.19290227e+01 1.03486241e+01 8.90303031e+00 7.64218176e+00 
7.49000000e+04 1.35684541e+01 1.19205738e+01 1.03389660e+01 8.89292385e+00 7.63221042e+00 
7.50000000e+04 1.35618545e+01 1.19121297e+01 1.03293178e+01 8.88283196e+00 7.62225696e+00 
7.51000000e+04 1.35552563e+01 1.19036905e+01 1.03196795e+01 8.87275464e+00 7.61232136e+00 
7.52000000e+04 1.35486596e+01 1.18952561e+01 1.03100512e+01 8.86269188e+00 7.60240357e+00 
7.53000000e+04 1.35420643e+01 1.18868266e+01 1.03004327e+01 8.85264366e+00 7.59250358e+00 
7.54000000e+04 1.35354704e+01 1.18784020e+01 1.02908242e+01 8.84260996e+00 7.58262134e+00 
7.55000000e+04 1.35288781e+01 1.18699823e+01 1.02812257e+01 8.83259078e+00 7.57275683e+00 
7.56000000e+04 1.35222872e+01 1.18615675e+01 1.02716370e+01 8.82258611e+00 7.56291002e+00 
7.57000000e+04 1.35156977e+01 1.18531576e+01 1.02620583e+01 8.81259592e+00 7.55308088e+00 
7.58000000e+04 1.35091098e+01 1.18447527e+01 1.02524896e+01 8.80262021e+00 7.54326937e+00 
7.59000000e+04 1.35025234e+01 1.18363527e+01 1.02429308e+01 8.79265896e+00 7.53347547e+00 
7.60000000e+04 1.34959385e+01 1.18279577e+01 1.02333819e+01 8.78271217e+00 7.52369914e+00 
7.61000000e+04 1.34893552e+01 1.18195677e+01 1.02238430e+01 8.77277980e+00 7.51394036e+00 
7.62000000e+04 1.34827733e+01 1.18111827e+01 1.02143141e+01 8.76286187e+00 7.50419909e+00 
7.63000000e+04 1.34761930e+01 1.18028027e+01 1.02047951e+01 8.75295834e+00 7.49447530e+00 
7.64000000e+04 1.34696143e+01 1.17944277e+01 1.01952861e+01 8.74306921e+00 7.48476896e+00 
7.65000000e+04 1.34630371e+01 1.17860578e+01 1.01857870e+01 8.73319446e+00 7.47508005e+00 
7.66000000e+04 1.34564615e+01 1.17776929e+01 1.01762979e+01 8.72333407e+00 7.46540852e+00 
7.67000000e+04 1.34498875e+01 1.17693330e+01 1.01668188e+01 8.71348805e+00 7.45575436e+00 
7.68000000e+04 1.34433151e+01 1.17609783e+01 1.01573497e+01 8.70365636e+00 7.44611752e+00 
7.69000000e+04 1.34367442e+01 1.17526286e+01 1.01478905e+01 8.69383900e+00 7.43649799e+00 
7.70000000e+04 1.34301750e+01 1.17442840e+01 1.01384413e+01 8.68403595e+00 7.42689571e+00 
7.71000000e+04 1.34236074e+01 1.17359445e+01 1.01290021e+01 8.67424720e+00 7.41731068e+00 
7.72000000e+04 1.34170415e+01 1.17276101e+01 1.01195729e+01 8.66447273e+00 7.40774285e+00 
7.73000000e+04 1.34104771e+01 1.17192809e+01 1.01101537e+01 8.65471253e+00 7.39819220e+00 
7.74000000e+04 1.34039145e+01 1.17109568e+01 1.01007444e+01 8.64496659e+00 7.38865869e+00 
7.75000000e+04 1.33973534e+01 1.17026379e+01 1.00913452e+01 8.63523488e+00 7.37914229e+00 
7.76000000e+04 1.33907941e+01 1.16943241e+01 1.00819559e+01 8.62551741e+00 7.36964298e+00 
7.77000000e+04 1.33842364e+01 1.16860155e+01 1.00725766e+01 8.61581414e+00 7.36016072e+00 
7.78000000e+04 1.33776804e+01 1.16777121e+01 1.00632074e+01 8.60612507e+00 7.35069547e+00 
7.79000000e+04 1.33711261e+01 1.16694139e+01 1.00538481e+01 8.59645018e+00 7.34124722e+00 
7.80000000e+04 1.33645735e+01 1.16611210e+01 1.00444988e+01 8.58678946e+00 7.33181593e+00 
7.81000000e+04 1.33580226e+01 1.16528332e+01 1.00351595e+01 8.57714289e+00 7.32240157e+00 
7.82000000e+04 1.33514735e+01 1.16445507e+01 1.00258302e+01 8.56751046e+00 7.31300411e+00 
7.83000000e+04 1.33449260e+01 1.16362734e+01 1.00165109e+01 8.55789215e+00 7.30362351e+00 
7.84000000e+04 1.33383804e+01 1.16280014e+01 1.00072016e+01 8.54828795e+00 7.29425975e+00 
7.85000000e+04 1.33318364e+01 1.16197346e+01 9.99790232e+00 8.53869784e+00 7.28491280e+00 
7.86000000e+04 1.33252942e+01 1.16114732e+01 9.98861302e+00 8.52912180e+00 7.27558262e+00 
7.87000000e+04 1.33187538e+01 1.16032170e+01 9.97933373e+00 8.51955983e+00 7.26626918e+00 
7.88000000e+04 1.33122152e+01 1.15949661e+01 9.97006443e+00 8.51001190e+00 7.25697246e+00 
7.89000000e+04 1.33056783e+01 1.15867205e+01 9.96080514e+00 8.50047800e+00 7.24769242e+00 
7.90000000e+04 1.32991432e+01 1.15784803e+01 9.95155585e+00 8.49095812e+00 7.23842903e+00 
7.91000000e+04 1.32926100e+01 1.15702453e+01 9.94231656e+00 8.48145224e+00 7.22918227e+00 
7.92000000e+04 1.32860785e+01 1.15620158e+01 9.93308728e+00 8.47196034e+00 7.21995209e+00 
7.93000000e+04 1.32795489e+01 1.15537915e+01 9.92386799e+00 8.46248241e+00 7.21073848e+00 
7.94000000e+04 1.32730211e+01 1.15455726e+01 9.91465871e+00 8.45301844e+00 7.20154140e+00 
7.95000000e+04 1.32664951e+01 1.15373591e+01 9.90545942e+00 8.44356840e+00 7.19236081e+00 
7.96000000e+04 1.32599710e+01 1.15291510e+01 9.89627014e+00 8.43413228e+00 7.18319670e+00 
7.97000000e+04 1.32534487e+01 1.15209483e+01 9.88709086e+00 8.42471007e+00 7.17404902e+00 
7.98000000e+04 1.32469284e+01 1.15127509e+01 9.87792157e+00 8.41530174e+00 7.16491774e+00 
7.99000000e+04 1.32404097e+01 1.15045590e+01 9.86876229e+00 8.40590730e+00 7.15580285e+00 
8.00000000e+04 1.32338931e+01 1.14963725e+01 9.85961300e+00 8.39652670e+00 7.14670430e+00 
8.01000000e+04 1.32273784e+01 1.14881914e+01 9.85047371e+00 8.38715995e+00 7.13762207e+00 
8.02000000e+04 1.32208656e+01 1.14800158e+01 9.84134441e+00 8.37780703e+00 7.12855612e+00 
8.03000000e+04 1.32143546e+01 1.14718456e+01 9.83222511e+00 8.36846791e+00 7.11950642e+00 
8.04000000e+04 1.32078456e+01 1.14636808e+01 9.82311581e+00 8.35914259e+00 7.11047295e+00 
8.05000000e+04 1.32013385e+01 1.14555216e+01 9.81401649e+00 8.34983105e+00 7.10145568e+00 
8.06000000e+04 1.31948333e+01 1.14473677e+01 9.80492717e+00 8.34053327e+00 7.09245456e+00 
8.07000000e+04 1.31883300e+01 1.14392194e+01 9.79584783e+00 8.33124923e+00 7.08346958e+00 
8.08000000e+04 1.31818287e+01 1.14310766e+01 9.78677848e+00 8.32197892e+00 7.07450070e+00 
8.09000000e+04 1.31753294e+01 1.14229392e+01 9.77771912e+00 8.31272232e+00 7.06554789e+00 
8.10000000e+04 1.31688320e+01 1.14148074e+01 9.76866975e+00 8.30347941e+00 7.05661113e+00 
8.11000000e+04 1.31623366e+01 1.14066811e+01 9.75963035e+00 8.29425019e+00 7.04769037e+00 
8.12000000e+04 1.31558432e+01 1.13985603e+01 9.75060094e+00 8.28503463e+00 7.03878560e+00 
8.13000000e+04 1.31493518e+01 1.13904450e+01 9.74158151e+00 8.27583271e+00 7.02989678e+00 
8.14000000e+04 1.31428624e+01 1.13823353e+01 9.73257205e+00 8.26664442e+00 7.02102387e+00 
8.15000000e+04 1.31363749e+01 1.13742312e+01 9.72357257e+00 8.25746975e+00 7.01216686e+00 
8.16000000e+04 1.31298895e+01 1.13661325e+01 9.71458306e+00 8.24830867e+00 7.00332570e+00 
8.17000000e+04 1.31234061e+01 1.13580395e+01 9.70560352e+00 8.23916117e+00 6.99450038e+00 
8.18000000e+04 1.31169248e+01 1.13499520e+01 9.69663394e+00 8.23002723e+00 6.98569085e+00 
8.19000000e+04 1.31104455e+01 1.13418701e+01 9.68767434e+00 8.22090684e+00 6.97689710e+00 
8.20000000e+04 1.31039682e+01 1.13337938e+01 9.67872469e+00 8.21179998e+00 6.96811908e+00 
8.21000000e+04 1.30974930e+01 1.13257231e+01 9.66978501e+00 8.20270663e+00 6.95935677e+00 
8.22000000e+04 1.30910198e+01 1.13176580e+01 9.66085529e+00 8.19362677e+00 6.95061014e+00 
8.23000000e+04 1.30845487e+01 1.13095985e+01 9.65193552e+00 8.18456039e+00 6.94187916e+00 
8.24000000e+04 1.30780797e+01 1.13015446e+01 9.64302570e+00 8.17550748e+00 6.93316379e+00 
8.25000000e+04 1.30716128e+01 1.12934964e+01 9.63412583e+00 8.16646800e+00 6.92446402e+00 
8.26000000e+04 1.30651480e+01 1.12854538e+01 9.62523590e+00 8.15744196e+00 6.91577980e+00 
8.27000000e+04 1.30586852e+01 1.12774168e+01 9.61635592e+00 8.14842932e+00 6.90711112e+00 
8.28000000e+04 1.30522246e+01 1.12693855e+01 9.60748588e+00 8.13943008e+00 6.89845793e+00 
8.29000000e+04 1.30457661e+01 1.12613598e+01 9.59862578e+00 8.13044421e+00 6.88982021e+00 
8.30000000e+04 1.30393097e+01 1.12533398e+01 9.58977561e+00 8.12147170e+00 6.88119792e+00 
8.31000000e+04 1.30328555e+01 1.12453255e+01 9.58093537e+00 8.11251254e+00 6.87259105e+00 
8.32000000e+04 1.30264034e+01 1.12373168e+01 9.57210506e+00 8.10356670e+00 6.86399956e+00 
8.33000000e+04 1.30199534e+01 1.12293138e+01 9.56328467e+00 8.09463416e+00 6.85542341e+00 
8.34000000e+04 1.30135056e+01 1.12213165e+01 9.55447420e+00 8.08571491e+00 6.84686259e+00 
8.35000000e+04 1.30070600e+01 1.12133249e+01 9.54567364e+00 8.07680894e+00 6.83831706e+00 
8.36000000e+04 1.30006165e+01 1.12053390e+01 9.53688300e+00 8.06791622e+00 6.82978678e+00 
8.37000000e+04 1.29941752e+01 1.11973588e+01 9.52810227e+00 8.05903674e+00 6.82127174e+00 
8.38000000e+04 1.29877361e+01 1.11893844e+01 9.51933144e+00 8.05017048e+00 6.81277189e+00 
8.39000000e+04 1.29812992e+01 1.11814156e+01 9.51057051e+00 8.04131742e+00 6.80428722e+00 
8.40000000e+04 1.29748645e+01 1.11734526e+01 9.50181948e+00 8.03247755e+00 6.79581769e+00 
8.41000000e+04 1.29684320e+01 1.11654953e+01 9.49307835e+00 8.02365085e+00 6.78736327e+00 
8.42000000e+04 1.29620017e+01 1.11575437e+01 9.48434710e+00 8.01483730e+00 6.77892394e+00 
8.43000000e+04 1.29555736e+01 1.11495979e+01 9.47562574e+00 8.00603688e+00 6.77049965e+00 
8.44000000e+04 1.29491478e+01 1.11416579e+01 9.46691425e+00 7.99724957e+00 6.76209039e+00 
8.45000000e+04 1.29427242e+01 1.11337236e+01 9.45821265e+00 7.98847537e+00 6.75369613e+00 
8.46000000e+04 1.29363028e+01 1.11257951e+01 9.44952091e+00 7.97971424e+00 6.74531683e+00 
8.47000000e+04 1.29298837e+01 1.11178723e+01 9.44083904e+00 7.97096618e+00 6.73695246e+00 
8.48000000e+04 1.29234668e+01 1.11099553e+01 9.43216704e+00 7.96223116e+00 6.72860301e+00 
8.49000000e+04 1.29170522e+01 1.11020441e+01 9.42350489e+00 7.95350917e+00 6.72026842e+00 
8.50000000e+04 1.29106399e+01 1.10941387e+01 9.41485260e+00 7.94480019e+00 6.71194869e+00 
8.51000000e+04 1.29042299e+01 1.10862391e+01 9.40621016e+00 7.93610420e+00 6.70364377e+00 
8.52000000e+04 1.28978221e+01 1.10783452e+01 9.39757756e+00 7.92742119e+00 6.69535365e+00 
8.53000000e+04 1.28914167e+01 1.10704572e+01 9.38895480e+00 7.91875113e+00 6.68707828e+00 
8.54000000e+04 1.28850135e+01 1.10625750e+01 9.38034187e+00 7.91009401e+00 6.67881765e+00 
8.55000000e+04 1.28786126e+01 1.10546986e+01 9.37173878e+00 7.90144982e+00 6.67057171e+00 
8.56000000e+04 1.28722141e+01 1.10468280e+01 9.36314551e+00 7.89281853e+00 6.66234045e+00 
8.57000000e+04 1.28658179e+01 1.10389632e+01 9.35456206e+00 7.88420012e+00 6.65412384e+00 
8.58000000e+04 1.28594240e+01 1.10311043e+01 9.34598843e+00 7.87559458e+00 6.64592183e+00 
8.59000000e+04 1.28530324e+01 1.10232512e+01 9.33742460e+00 7.86700189e+00 6.63773442e+00 
8.60000000e+04 1.28466432e+01 1.10154040e+01 9.32887058e+00 7.85842204e+00 6.62956156e+00 
8.61000000e+04 1.28402563e+01 1.10075625e+01 9.32032636e+00 7.84985500e+00 6.62140323e+00 
8.62000000e+04 1.28338718e+01 1.09997270e+01 9.31179193e+00 7.84130075e+00 6.61325940e+00 
8.63000000e+04 1.28274897e+01 1.09918972e+01 9.30326730e+00 7.83275929e+00 6.60513004e+00 
8.64000000e+04 1.28211099e+01 1.09840734e+01 9.29475244e+00 7.82423058e+00 6.59701512e+00 
8.65000000e+04 1.28147325e+01 1.09762554e+01 9.28624737e+00 7.81571462e+00 6.58891461e+00 
8.66000000e+04 1.28083575e+01 1.09684433e+01 9.27775206e+00 7.80721139e+00 6.58082849e+00 
8.67000000e+04 1.28019848e+01 1.09606370e+01 9.26926652e+00 7.79872086e+00 6.57275673e+00 
8.68000000e+04 1.27956146e+01 1.09528366e+01 9.26079075e+00 7.79024302e+00 6.56469929e+00 
8.69000000e+04 1.27892467e+01 1.09450421e+01 9.25232473e+00 7.78177785e+00 6.55665615e+00 
8.70000000e+04 1.27828813e+01 1.09372535e+01 9.24386846e+00 7.77332534e+00 6.54862728e+00 
8.71000000e+04 1.27765183e+01 1.09294707e+01 9.23542193e+00 7.76488546e+00 6.54061265e+00 
8.72000000e+04 1.27701576e+01 1.09216939e+01 9.22698514e+00 7.75645820e+00 6.53261224e+00 
8.73000000e+04 1.27637995e+01 1.09139230e+01 9.21855809e+00 7.74804353e+00 6.52462601e+00 
8.74000000e+04 1.27574437e+01 1.09061579e+01 9.21014076e+00 7.73964145e+00 6.51665394e+00 
8.75000000e+04 1.27510904e+01 1.08983988e+01 9.20173315e+00 7.73125194e+00 6.50869600e+00 
8.76000000e+04 1.27447395e+01 1.08906455e+01 9.19333526e+00 7.72287497e+00 6.50075215e+00 
8.77000000e+04 1.27383911e+01 1.08828982e+01 9.18494707e+00 7.71451052e+00 6.49282238e+00 
8.78000000e+04 1.27320452e+01 1.08751568e+01 9.17656859e+00 7.70615859e+00 6.48490665e+00 
8.79000000e+04 1.27257017e+01 1.08674213e+01 9.16819980e+00 7.69781915e+00 6.47700494e+00 
8.80000000e+04 1.27193607e+01 1.08596918e+01 9.15984071e+00 7.68949218e+00 6.46911721e+00 
8.81000000e+04 1.27130221e+01 1.08519682e+01 9.15149130e+00 7.68117766e+00 6.46124345e+00 
8.82000000e+04 1.27066861e+01 1.08442505e+01 9.14315156e+00 7.67287559e+00 6.45338361e+00 
8.83000000e+04 1.27003525e+01 1.08365387e+01 9.13482150e+00 7.66458593e+00 6.44553768e+00 
8.84000000e+04 1.26940214e+01 1.08288329e+01 9.12650110e+00 7.65630868e+00 6.43770562e+00 
8.85000000e+04 1.26876929e+01 1.08211330e+01 9.11819036e+00 7.64804380e+00 6.42988741e+00 
8.86000000e+04 1.26813668e+01 1.08134390e+01 9.10988927e+00 7.63979129e+00 6.42208302e+00 
8.87000000e+04 1.26750432e+01 1.08057510e+01 9.10159783e+00 7.63155113e+00 6.41429243e+00 
8.88000000e+04 1.26687222e+01 1.07980690e+01 9.09331603e+00 7.62332330e+00 6.40651559e+00 
8.89000000e+04 1.26624037e+01 1.07903929e+01 9.08504386e+00 7.61510778e+00 6.39875249e+00 
8.90000000e+04 1.26560877e+01 1.07827228e+01 9.07678131e+00 7.60690455e+00 6.39100310e+00 
8.91000000e+04 1.26497743e+01 1.07750586e+01 9.06852838e+00 7.59871360e+00 6.38326739e+00 
8.92000000e+04 1.26434634e+01 1.07674004e+01 9.06028507e+00 7.59053490e+00 6.37554534e+00 
8.93000000e+04 1.26371550e+01 1.07597481e+01 9.05205136e+00 7.58236844e+00 6.36783691e+00 
8.94000000e+04 1.26308492e+01 1.07521019e+01 9.04382725e+00 7.57421420e+00 6.36014208e+00 
8.95000000e+04 1.26245460e+01 1.07444616e+01 9.03561274e+00 7.56607216e+00 6.35246082e+00 
8.96000000e+04 1.26182453e+01 1.07368272e+01 9.02740780e+00 7.55794231e+00 6.34479310e+00 
8.97000000e+04 1.26119472e+01 1.07291989e+01 9.01921245e+00 7.54982462e+00 6.33713890e+00 
8.98000000e+04 1.26056517e+01 1.07215765e+01 9.01102667e+00 7.54171908e+00 6.32949818e+00 
8.99000000e+04 1.25993587e+01 1.07139601e+01 9.00285045e+00 7.53362567e+00 6.32187093e+00 
9.00000000e+04 1.25930684e+01 1.07063497e+01 8.99468379e+00 7.52554438e+00 6.31425711e+00 
9.01000000e+04 1.25867806e+01 1.06987453e+01 8.98652667e+00 7.51747517e+00 6.30665670e+00 
9.02000000e+04 1.25804954e+01 1.06911469e+01 8.97837910e+00 7.50941804e+00 6.29906966e+00 
9.03000000e+04 1.25742129e+01 1.06835545e+01 8.97024107e+00 7.50137297e+00 6.29149598e+00 
9.04000000e+04 1.25679329e+01 1.06759681e+01 8.96211257e+00 7.49333994e+00 6.28393563e+00 
9.05000000e+04 1.25616556e+01 1.06683876e+01 8.95399358e+00 7.48531892e+00 6.27638857e+00 
9.06000000e+04 1.25553809e+01 1.06608132e+01 8.94588412e+00 7.47730991e+00 6.26885479e+00 
9.07000000e+04 1.25491088e+01 1.06532448e+01 8.93778415e+00 7.46931289e+00 6.26133424e+00 
9.08000000e+04 1.25428393e+01 1.06456823e+01 8.92969369e+00 7.46132783e+00 6.25382692e+00 
9.09000000e+04 1.25365725e+01 1.06381259e+01 8.92161272e+00 7.45335472e+00 6.24633278e+00 
9.10000000e+04 1.25303083e+01 1.06305755e+01 8.91354124e+00 7.44539354e+00 6.23885181e+00 
9.11000000e+04 1.25240468e+01 1.06230311e+01 8.90547923e+00 7.43744428e+00 6.23138398e+00 
9.12000000e+04 1.25177879e+01 1.06154927e+01 8.89742669e+00 7.42950690e+00 6.22392926e+00 
9.13000000e+04 1.25115317e+01 1.06079604e+01 8.88938361e+00 7.42158141e+00 6.21648762e+00 
9.14000000e+04 1.25052781e+01 1.06004340e+01 8.88134999e+00 7.41366777e+00 6.20905903e+00 
9.15000000e+04 1.24990273e+01 1.05929137e+01 8.87332582e+00 7.40576597e+00 6.20164348e+00 
9.16000000e+04 1.24927790e+01 1.05853994e+01 8.86531108e+00 7.39787599e+00 6.19424093e+00 
9.17000000e+04 1.24865335e+01 1.05778911e+01 8.85730578e+00 7.38999782e+00 6.18685136e+00 
9.18000000e+04 1.24802906e+01 1.05703888e+01 8.84930990e+00 7.38213143e+00 6.17947473e+00 
9.19000000e+04 1.24740505e+01 1.05628926e+01 8.84132344e+00 7.37427681e+00 6.17211103e+00 
9.20000000e+04 1.24678130e+01 1.05554024e+01 8.83334639e+00 7.36643394e+00 6.16476023e+00 
9.21000000e+04 1.24615782e+01 1.05479182e+01 8.82537874e+00 7.35860280e+00 6.15742230e+00 
9.22000000e+04 1.24553462e+01 1.05404400e+01 8.81742048e+00 7.35078337e+00 6.15009722e+00 
9.23000000e+04 1.24491168e+01 1.05329679e+01 8.80947161e+00 7.34297564e+00 6.14278495e+00 
9.24000000e+04 1.24428902e+01 1.05255018e+01 8.80153212e+00 7.33517959e+00 6.13548548e+00 
9.25000000e+04 1.24366662e+01 1.05180417e+01 8.79360199e+00 7.32739519e+00 6.12819878e+00 
9.26000000e+04 1.24304450e+01 1.05105877e+01 8.78568123e+00 7.31962244e+00 6.12092481e+00 
9.27000000e+04 1.24242266e+01 1.05031397e+01 8.77776982e+00 7.31186131e+00 6.11366356e+00 
9.28000000e+04 1.24180108e+01 1.04956978e+01 8.76986776e+00 7.30411178e+00 6.10641500e+00 
9.29000000e+04 1.24117978e+01 1.04882619e+01 8.76197503e+00 7.29637384e+00 6.09917910e+00 
9.30000000e+04 1.24055876e+01 1.04808320e+01 8.75409164e+00 7.28864747e+00 6.09195583e+00 
9.31000000e+04 1.23993800e+01 1.04734082e+01 8.74621757e+00 7.28093265e+00 6.08474518e+00 
9.32000000e+04 1.23931753e+01 1.04659904e+01 8.73835281e+00 7.27322937e+00 6.07754711e+00 
9.33000000e+04 1.23869733e+01 1.04585787e+01 8.73049736e+00 7.26553760e+00 6.07036160e+00 
9.34000000e+04 1.23807740e+01 1.04511730e+01 8.72265120e+00 7.25785732e+00 6.06318862e+00 
9.35000000e+04 1.23745776e+01 1.04437734e+01 8.71481433e+00 7.25018853e+00 6.05602815e+00 
9.36000000e+04 1.23683838e+01 1.04363798e+01 8.70698675e+00 7.24253119e+00 6.04888017e+00 
9.37000000e+04 1.23621929e+01 1.04289923e+01 8.69916844e+00 7.23488530e+00 6.04174463e+00 
9.38000000e+04 1.23560048e+01 1.04216108e+01 8.69135939e+00 7.22725084e+00 6.03462153e+00 
9.39000000e+04 1.23498194e+01 1.04142353e+01 8.68355960e+00 7.21962778e+00 6.02751084e+00 
9.40000000e+04 1.23436368e+01 1.04068659e+01 8.67576906e+00 7.21201611e+00 6.02041252e+00 
9.41000000e+04 1.23374570e+01 1.03995026e+01 8.66798776e+00 7.20441581e+00 6.01332656e+00 
9.42000000e+04 1.23312800e+01 1.03921453e+01 8.66021569e+00 7.19682687e+00 6.00625293e+00 
9.43000000e+04 1.23251058e+01 1.03847940e+01 8.65245284e+00 7.18924926e+00 5.99919160e+00 
9.44000000e+04 1.23189345e+01 1.03774489e+01 8.64469921e+00 7.18168297e+00 5.99214255e+00 
9.45000000e+04 1.23127659e+01 1.03701097e+01 8.63695479e+00 7.17412798e+00 5.98510575e+00 
9.46000000e+04 1.23066001e+01 1.03627766e+01 8.62921956e+00 7.16658427e+00 5.97808118e+00 
9.47000000e+04 1.23004372e+01 1.03554496e+01 8.62149352e+00 7.15905182e+00 5.97106882e+00 
9.48000000e+04 1.22942771e+01 1.03481287e+01 8.61377667e+00 7.15153062e+00 5.96406863e+00 
9.49000000e+04 1.22881198e+01 1.03408137e+01 8.60606899e+00 7.14402065e+00 5.95708059e+00 
9.50000000e+04 1.22819654e+01 1.03335049e+01 8.59837047e+00 7.13652189e+00 5.95010468e+00 
9.51000000e+04 1.22758138e+01 1.03262021e+01 8.59068110e+00 7.12903432e+00 5.94314088e+00 
9.52000000e+04 1.22696650e+01 1.03189053e+01 8.58300089e+00 7.12155793e+00 5.93618915e+00 
9.53000000e+04 1.22635190e+01 1.03116146e+01 8.57532981e+00 7.11409270e+00 5.92924947e+00 
9.54000000e+04 1.22573760e+01 1.03043300e+01 8.56766786e+00 7.10663860e+00 5.92232182e+00 
9.55000000e+04 1.22512357e+01 1.02970514e+01 8.56001503e+00 7.09919562e+00 5.91540618e+00 
9.56000000e+04 1.22450984e+01 1.02897789e+01 8.55237132e+00 7.09176375e+00 5.90850251e+00 
9.57000000e+04 1.22389639e+01 1.02825125e+01 8.54473671e+00 7.08434297e+00 5.90161080e+00 
9.58000000e+04 1.22328322e+01 1.02752521e+01 8.53711119e+00 7.07693325e+00 5.89473102e+00 
9.59000000e+04 1.22267034e+01 1.02679977e+01 8.52949476e+00 7.06953458e+00 5.88786314e+00 
9.60000000e+04 1.22205775e+01 1.02607494e+01 8.52188741e+00 7.06214695e+00 5.88100715e+00 
9.61000000e+04 1.22144545e+01 1.02535072e+01 8.51428913e+00 7.05477033e+00 5.87416300e+00 
9.62000000e+04 1.22083344e+01 1.02462710e+01 8.50669991e+00 7.04740471e+00 5.86733069e+00 
9.63000000e+04 1.22022171e+01 1.02390409e+01 8.49911974e+00 7.04005006e+00 5.86051019e+00 
9.64000000e+04 1.21961028e+01 1.02318169e+01 8.49154861e+00 7.03270638e+00 5.85370147e+00 
9.65000000e+04 1.21899913e+01 1.02245989e+01 8.48398652e+00 7.02537365e+00 5.84690450e+00 
9.66000000e+04 1.21838827e+01 1.02173869e+01 8.47643345e+00 7.01805184e+00 5.84011927e+00 
9.67000000e+04 1.21777770e+01 1.02101810e+01 8.46888940e+00 7.01074094e+00 5.83334575e+00 
9.68000000e+04 1.21716742e+01 1.02029812e+01 8.46135435e+00 7.00344093e+00 5.82658392e+00 
9.69000000e+04 1.21655744e+01 1.01957874e+01 8.45382831e+00 6.99615180e+00 5.81983375e+00 
9.70000000e+04 1.21594774e+01 1.01885997e+01 8.44631125e+00 6.98887352e+00 5.81309521e+00 
9.71000000e+04 1.21533834e+01 1.01814180e+01 8.43880317e+00 6.98160608e+00 5.80636829e+00 
9.72000000e+04 1.21472923e+01 1.01742424e+01 8.43130407e+00 6.97434946e+00 5.79965296e+00 
9.73000000e+04 1.21412041e+01 1.01670729e+01 8.42381392e+00 6.96710365e+00 5.79294919e+00 
9.74000000e+04 1.21351188e+01 1.01599093e+01 8.41633273e+00 6.95986862e+00 5.78625696e+00 
9.75000000e+04 1.21290365e+01 1.01527519e+01 8.40886049e+00 6.95264436e+00 5.77957626e+00 
9.76000000e+04 1.21229570e+01 1.01456005e+01 8.40139718e+00 6.94543085e+00 5.77290704e+00 
9.77000000e+04 1.21168806e+01 1.01384551e+01 8.39394280e+00 6.93822808e+00 5.76624930e+00 
9.78000000e+04 1.21108070e+01 1.01313158e+01 8.38649734e+00 6.93103602e+00 5.75960300e+00 
9.79000000e+04 1.21047365e+01 1.01241826e+01 8.37906078e+00 6.92385466e+00 5.75296813e+00 
9.80000000e+04 1.20986688e+01 1.01170554e+01 8.37163312e+00 6.91668398e+00 5.74634465e+00 
9.81000000e+04 1.20926041e+01 1.01099343e+01 8.36421436e+00 6.90952397e+00 5.73973255e+00 
9.82000000e+04 1.20865424e+01 1.01028192e+01 8.35680447e+00 6.90237460e+00 5.73313180e+00 
9.83000000e+04 1.20804836e+01 1.00957101e+01 8.34940346e+00 6.89523587e+00 5.72654238e+00 
9.84000000e+04 1.20744278e+01 1.00886071e+01 8.34201131e+00 6.88810774e+00 5.71996427e+00 
9.85000000e+04 1.20683750e+01 1.00815101e+01 8.33462801e+00 6.88099021e+00 5.71339744e+00 
9.86000000e+04 1.20623251e+01 1.00744192e+01 8.32725356e+00 6.87388325e+00 5.70684186e+00 
9.87000000e+04 1.20562782e+01 1.00673344e+01 8.31988795e+00 6.86678686e+00 5.70029753e+00 
9.88000000e+04 1.20502342e+01 1.00602555e+01 8.31253116e+00 6.85970101e+00 5.69376440e+00 
9.89000000e+04 1.20441933e+01 1.00531827e+01 8.30518318e+00 6.85262568e+00 5.68724246e+00 
9.90000000e+04 1.20381553e+01 1.00461160e+01 8.29784402e+00 6.84556086e+00 5.68073169e+00 
9.91000000e+04 1.20321203e+01 1.00390553e+01 8.29051365e+00 6.83850653e+00 5.67423206e+00 
9.92000000e+04 1.20260883e+01 1.00320006e+01 8.28319208e+00 6.83146268e+00 5.66774355e+00 
9.93000000e+04 1.20200593e+01 1.00249520e+01 8.27587928e+00 6.82442928e+00 5.66126614e+00 
9.94000000e+04 1.20140333e+01 1.00179094e+01 8.26857526e+00 6.81740632e+00 5.65479980e+00 
9.95000000e+04 1.20080103e+01 1.00108728e+01 8.26127999e+00 6.81039378e+00 5.64834451e+00 
9.96000000e+04 1.20019902e+01 1.00038423e+01 8.25399348e+00 6.80339165e+00 5.64190025e+00 
9.97000000e+04 1.19959732e+01 9.99681783e+00 8.24671572e+00 6.79639990e+00 5.63546700e+00 
9.98000000e+04 1.19899592e+01 9.98979937e+00 8.23944668e+00 6.78941853e+00 5.62904472e+00 
9.99000000e+04 1.19839482e+01 9.98278695e+00 8.23218637e+00 6.78244751e+00 5.62263341e+00 
1.00000000e+05 1.19779402e+01 9.97578055e+00 8.22493478e+00 6.77548682e+00 5.61623303e+00 
